89633311	0.6721	1.0183	-1.4384
89633312	0.6950	0.8688	-1.2430
89633313	0.7159	0.7254	-1.0380
89633314	0.7974	0.5885	-1.5746
89633315	0.9422	0.5541	-1.2197
89633316	0.7808	0.5458	-1.5827
89633317	0.8299	0.5582	-1.4129
89633318	0.7441	0.2876	-1.5391
89633319	0.7856	0.5532	-1.4533
89633320	0.8523	0.5972	-1.2981
89633321	0.8509	0.5967	-1.2800
89633322	0.7956	0.5784	-1.5287
89633323	0.8335	0.8379	-1.3456
89633324	0.6042	0.8151	-1.4134
89633325	0.7611	0.7500	-1.5910
89633326	0.6082	0.6399	-1.7439
89633327	0.6458	0.5166	-1.7027
89633328	0.6913	0.5488	-1.5092
89633329	0.8004	0.4845	-1.5761
89633330	0.6130	0.6466	-1.4458
89633331	0.5587	0.5101	-1.5358
89633332	0.5184	0.4959	-1.2671
89633333	0.4920	0.6265	-1.6269
89633334	0.2940	0.3432	-1.1424
89633335	0.5207	0.7106	-0.7967
89633336	0.3480	0.7393	-0.8219
89633337	0.2664	0.7917	-0.7616
89633338	0.4868	0.4017	-0.6209
89633339	0.5063	0.2479	-1.1787
89633340	0.4982	0.3835	-0.9032
89633341	0.4230	0.7989	-1.1878
89633342	0.6154	0.5014	-1.0924
89633343	0.4805	0.5303	-0.6992
89633344	0.4705	0.6033	-0.6058
89633345	0.3531	0.3697	-1.1724
89633346	0.4288	0.6607	-1.1861
89633347	0.3254	0.5326	-1.0971
89633348	0.4520	0.7524	-1.1322
89633349	0.2733	0.5783	-1.4257
89633350	0.5903	0.3361	-1.4890
89633351	0.7583	0.5459	-1.0195
89633352	0.8663	0.3351	-0.8320
89633353	0.6144	0.4625	-1.0678
89633354	0.5774	0.4626	-1.2348
89633355	0.6153	0.3052	-1.1479
89633356	0.6448	0.2918	-1.5282
89633357	0.7775	0.5443	-0.8152
89633358	0.6737	0.6130	-0.9308
89633359	0.5945	0.5489	-0.1507
89633360	0.5036	0.4961	-0.9993
89633361	0.5913	0.6417	-0.9561
89633362	0.6475	0.4007	-0.6509
89633363	0.5449	0.5415	-0.7226
89633364	0.6340	0.5444	-0.6861
89633365	0.4976	0.3962	-1.1507
89633366	0.3682	0.4253	-1.0597
89633367	0.3726	0.3149	-0.8681
89633368	0.4811	0.3608	-0.9173
89633369	0.4316	0.3255	-0.9412
89633370	0.5343	0.3746	-1.0725
89633371	0.5993	0.4936	-1.1438
89633372	0.6132	0.7260	-0.8016
89633373	0.6980	0.5154	-1.2409
89633374	0.7931	0.5426	-0.8784
89633375	0.6603	0.9456	-1.3739
89633376	0.8395	0.9989	-0.9293
89633377	0.6159	0.8183	-1.3295
89633378	0.6197	0.5889	-1.9943
89633379	0.7245	0.7892	-1.3718
89633380	0.8479	0.6266	-1.5210
89633381	0.7482	0.4926	-1.4483
89633382	0.6172	0.6104	-1.4782
89633383	0.7624	0.7237	-1.1858
89633384	0.8525	0.4047	-1.6023
89633385	0.5335	0.4816	-1.8520
89633386	0.5351	0.3660	-1.7716
89633387	0.4678	0.5473	-1.6133
89633388	0.6933	0.6412	-1.3334
89633389	0.5088	0.6799	-1.5233
89633390	0.5525	0.5180	-1.2238
89633391	0.5208	0.8920	-1.7295
89633392	0.5412	0.6542	-1.6217
89633393	0.6674	0.9917	-1.5270
89633394	0.5693	0.6500	-1.6642
89633395	0.8423	0.6856	-1.6046
89633396	0.6969	0.4082	-1.9865
89633397	0.6643	0.4353	-1.7911
89633398	0.7406	0.5464	-1.3597
89633399	0.7041	0.4687	-1.6914
89633400	0.7180	0.3737	-1.5795
89633401	0.7676	0.3110	-1.1470
89633402	0.5482	0.4496	-1.1097
89633403	0.8703	0.1277	-0.9604
89633404	0.5820	0.1957	-1.3144
89633405	0.4971	0.1960	-1.2220
89633406	0.5799	0.4152	-1.2810
89633407	0.5161	0.0923	-1.0815
89633408	0.5563	0.3473	-1.2242
89633409	0.6333	0.2081	-0.8089
89633410	0.5446	0.2414	-0.5952
89633411	0.5483	0.2229	-1.0758
89633412	0.5245	0.1591	-1.1112
89633413	0.1831	0.1694	-1.1795
89633414	0.4530	0.2223	-0.8338
89633415	0.4948	0.2981	-0.8925
89633416	0.5000	0.0699	-1.1514
89633417	0.6814	0.3284	-1.0665
89633418	0.5319	0.1632	-0.8517
89633419	0.6290	0.4094	-0.6389
89633420	0.5104	0.1728	-1.1630
89633421	0.5888	0.2331	-1.2142
89633422	0.3547	0.2875	-1.1347
89633423	0.4773	0.4842	-1.4461
89633424	0.3211	0.2791	-1.1399
89633425	0.3485	-0.1008	-1.5445
89633426	0.4874	0.2519	-1.3113
89633427	0.4729	0.1867	-1.1956
89633428	0.4046	0.3141	-1.1157
89633429	0.5508	0.0236	-0.7288
89633430	0.5338	0.5121	-0.9730
89633431	0.5113	0.3388	-1.1901
89633432	0.5796	0.5410	-1.2793
89633433	0.4624	0.6193	-1.6775
89633434	0.5394	0.5196	-1.2645
89633435	0.3782	0.4230	-1.4852
89633436	0.5138	0.6462	-1.2035
89633437	0.4422	0.6718	-1.0949
89633438	0.4528	0.4377	-1.2696
89633439	0.4655	0.1909	-1.5710
89633440	0.4918	0.2467	-1.4026
89633441	0.5902	0.5174	-0.8221
89633442	0.6838	0.3777	-0.4770
89633443	0.4973	0.0552	-0.8138
89633444	0.4594	0.2342	-0.2207
89633445	0.5601	-0.0799	-0.9613
89633446	0.4057	-0.1376	-0.4978
89633447	0.3728	0.3466	-0.6548
89633448	0.3751	0.3159	-1.0237
89633449	0.0541	0.1766	-0.9846
89633450	0.3320	0.4187	-0.8482
89633451	0.3195	0.5730	-0.8658
89633452	0.2570	0.4302	-0.8146
89633453	0.3457	0.3518	-1.3847
89633454	0.3012	0.2740	-1.4708
89633455	0.2991	0.3191	-1.0350
89633456	0.2438	0.4587	-0.8299
89633457	0.4737	0.1994	-0.5182
89633458	0.3664	0.1875	-0.5541
89633459	0.5389	0.2843	-0.6969
89633460	0.5179	-0.0629	-0.9733
89633461	0.6411	0.1025	-1.1161
89633462	0.4870	0.1098	-1.2681
89633463	0.7142	0.0607	-1.2205
89633464	0.4754	0.0547	-1.6042
89633465	0.4812	0.0717	-1.3236
89633466	0.4681	0.1051	-1.3100
89633467	0.3461	-0.0001	-0.7387
89633468	0.1147	0.2318	-1.1995
89633469	0.2653	0.1090	-1.1218
89633470	0.4714	-0.1958	-0.8302
89633471	0.3998	-0.0867	-0.9679
89633472	0.3147	-0.0286	-1.2865
89633473	0.4748	0.2072	-1.0705
89633474	0.3493	-0.0110	-0.7907
89633475	0.4493	0.2486	-0.6461
89633476	0.2967	0.0364	-1.2192
89633477	0.4730	0.0963	-1.0375
89633478	0.2747	0.0499	-1.0629
89633479	0.3091	0.0150	-1.2198
89633480	0.2359	0.0431	-1.2036
89633481	0.2298	-0.1016	-1.1302
89633482	0.2904	0.0092	-1.1107
89633483	0.2335	0.0681	-1.0950
89633484	0.3933	0.0879	-0.8622
89633485	0.2029	0.0598	-0.9231
89633486	0.3243	0.1082	-0.7264
89633487	0.5546	0.1336	-0.8694
89633488	0.4139	0.3304	-1.1435
89633489	0.4294	0.1089	-1.0841
89633490	0.4277	0.0837	-0.8275
89633491	0.3146	0.2803	-0.7777
89633492	0.3192	0.2189	-0.7147
89633493	0.1726	-0.0088	-0.8726
89633494	0.2738	-0.1305	-0.9230
89633495	0.2742	-0.1163	-0.8697
89633496	0.4563	-0.2123	-0.7181
89633497	0.3113	-0.3099	-0.6576
89633498	0.3054	-0.4043	-0.6996
89633499	0.0030	-0.1412	-1.1811
89633500	0.2555	-0.0221	-0.9134
89633501	0.2512	0.0406	-1.0572
89633502	0.2793	0.2189	-0.9995
89633503	0.2079	0.0831	-0.8240
89633504	0.3020	0.3914	-0.8441
89633505	0.2696	0.0511	-0.8419
89633506	0.3677	-0.0510	-0.8819
89633507	0.4060	0.0098	-0.9604
89633508	0.2190	-0.0088	-1.1347
89633509	0.2412	-0.2840	-1.5353
89633510	0.1761	-0.0796	-1.5101
89633511	0.0793	-0.1891	-1.4198
89633512	0.3408	-0.0751	-0.8830
89633513	0.4771	-0.2996	-0.6118
89633514	0.3778	-0.3354	-1.0979
89633515	0.2990	-0.3383	-1.0250
89633516	0.3638	-0.4035	-0.3919
89633517	0.2524	-0.4887	-0.5984
89633518	0.2495	-0.2183	-0.9412
89633519	0.2720	-0.4197	-1.1363
89633520	0.4697	-0.4898	-0.4881
89633521	0.3579	-0.2065	-1.0856
89633522	0.4123	-0.4991	-1.2552
89633523	0.3155	-0.6691	-1.1692
89633524	0.2078	-0.5807	-1.5153
89633525	0.2865	-0.3463	-1.3251
89633526	0.1376	-0.5320	-1.6191
89633527	0.1971	-0.6037	-1.3931
89633528	0.1273	-0.5318	-1.3392
89633529	0.2007	-0.5544	-1.4000
89633530	0.1127	-0.4589	-1.1808
89633531	0.0328	-0.4422	-1.5422
89633532	0.0233	-0.4954	-1.0367
89633533	0.1824	-0.2110	-1.3995
89633534	0.3743	-0.1331	-1.0732
89633535	0.3813	-0.1676	-1.0429
89633536	0.3039	-0.1914	-0.9696
89633537	0.3639	-0.2444	-1.0931
89633538	0.1224	-0.1203	-1.4628
89633539	0.2673	-0.2388	-1.3440
89633540	0.3283	-0.2081	-0.8426
89633541	0.3733	-0.3644	-1.5060
89633542	0.3924	-0.0456	-1.4670
89633543	0.2987	-0.4001	-0.8727
89633544	0.3731	-0.2374	-1.5411
89633545	0.2498	-0.1045	-1.1882
89633546	0.4350	-0.2872	-0.8860
89633547	0.5121	-0.0795	-0.5926
89633548	0.4299	-0.0176	-0.8383
89633549	0.3132	-0.3079	-0.7767
89633550	0.3906	-0.1385	-1.2437
89633551	0.4736	0.0631	-1.0575
89633552	0.4284	-0.1346	-1.2648
89633553	0.5612	0.0291	-0.4377
89633554	0.4858	-0.0620	-0.7284
89633555	0.5402	0.0273	-0.9575
89633556	0.3822	-0.1879	-0.8491
89633557	0.4104	0.1385	-1.0502
89633558	0.2763	0.1142	-1.0247
89633559	0.5135	0.0266	-1.0949
89633560	0.3236	-0.1030	-1.4967
89633561	0.4765	0.1219	-1.6211
89633562	0.3322	0.1554	-1.2857
89633563	0.3395	0.0267	-1.0781
89633564	0.4224	0.1237	-1.0732
89633565	0.3748	-0.0201	-0.9159
89633566	0.3946	0.0940	-1.1414
89633567	0.3678	0.2737	-1.0118
89633568	0.2642	0.0427	-0.9878
89633569	0.2547	-0.1591	-1.0547
89633570	0.4787	0.0295	-0.8465
89633571	0.2506	-0.1184	-1.3222
89633572	0.2583	0.0327	-0.9581
89633573	0.2762	0.0197	-1.1976
89633574	0.1991	0.0117	-1.5975
89633575	0.2474	-0.0665	-1.7475
89633576	0.3145	-0.0915	-1.4027
89633577	0.2120	0.0259	-1.5668
89633578	0.2487	-0.0795	-1.6401
89633579	0.2675	0.0462	-1.5213
89633580	0.3419	-0.0629	-1.4064
89633581	0.2800	-0.1491	-1.5744
89633582	0.2812	-0.1725	-1.2017
89633583	0.3525	-0.4279	-1.0999
89633584	0.3686	-0.2687	-0.7863
89633585	0.4396	-0.1915	-0.7031
89633586	0.2853	-0.1531	-1.0253
89633587	0.0626	-0.0219	-1.0054
89633588	0.1162	0.0394	-0.9872
89633589	0.1917	0.0637	-0.8700
89633590	0.0027	0.0946	-1.2434
89633591	0.0751	-0.0011	-1.1058
89633592	0.2333	-0.0645	-0.9033
89633593	0.2468	-0.1433	-1.1386
89633594	0.1611	-0.0833	-1.1109
89633595	0.1100	-0.2751	-1.0816
89633596	0.1367	-0.3545	-1.0936
89633597	0.0926	-0.3379	-1.2824
89633598	0.2084	-0.6166	-1.0067
89633599	0.1222	-0.4582	-1.1589
89633600	0.1981	-0.5081	-1.2543
89633601	0.1899	-0.7278	-1.4951
89633602	0.2669	-0.3739	-1.2161
89633603	0.2012	-0.5257	-1.5117
89633604	0.1337	-0.5087	-1.5296
89633605	0.0023	-0.2468	-1.3565
89633606	0.2737	-0.3965	-0.6003
89633607	0.3531	-0.2974	-0.8486
89633608	0.4050	-0.0671	-0.7614
89633609	0.3853	-0.1800	-0.7311
89633610	0.1968	-0.1836	-1.1188
89633611	0.2300	-0.2414	-1.3790
89633612	0.3646	-0.2392	-1.2057
89633613	0.4231	-0.2351	-0.7494
89633614	0.3557	-0.2104	-1.1859
89633615	0.3974	-0.4428	-1.4197
89633616	0.2446	-0.3147	-1.5821
89633617	0.4199	-0.4664	-1.6550
89633618	0.3816	-0.3862	-1.2777
89633619	0.2957	-0.1032	-1.5847
89633620	0.2709	0.0111	-1.1150
89633621	0.7022	-0.1462	-1.1731
89633622	0.6576	-0.0726	-1.1944
89633623	0.4778	0.1070	-1.7477
89633624	0.4259	0.3112	-1.5912
89633625	0.5686	0.1936	-1.3174
89633626	0.4579	0.2257	-1.4722
89633627	0.5909	0.0294	-0.9523
89633628	0.3427	0.0529	-1.0684
89633629	0.2980	-0.3150	-1.6429
89633630	0.3620	-0.4513	-1.0988
89633631	0.5694	-0.4236	-0.9863
89633632	0.4596	-0.8824	-1.1471
89633633	0.3472	-0.8296	-1.1099
89633634	0.3756	-0.4969	-1.1819
89633635	0.3762	-0.4022	-1.0153
89633636	0.1995	-0.3546	-1.2073
89633637	0.3371	-0.5854	-1.2051
89633638	0.2434	-0.4183	-0.7360
89633639	0.3766	-0.3385	-0.8672
89633640	0.2268	-0.3127	-1.1106
89633641	0.3254	-0.2093	-0.6064
89633642	0.4651	-0.3064	-1.0258
89633643	0.2572	-0.2809	-1.1228
89633644	0.3844	-0.2956	-0.6409
89633645	0.0007	-0.2156	-1.4263
89633646	0.1685	-0.4309	-1.3238
89633647	0.2315	-0.3336	-0.9721
89633648	0.3735	-0.7044	-1.0349
89633649	0.3124	-0.3205	-1.5509
89633650	0.3460	-0.4006	-1.4547
89633651	0.2559	-0.3603	-1.1072
89633652	0.2850	-0.3629	-1.2931
89633653	0.2062	-0.2629	-1.1513
89633654	0.1572	-0.2016	-0.9477
89633655	-0.0408	-0.0201	-1.4189
89633656	0.1442	-0.2187	-1.2780
89633657	-0.0018	-0.5985	-1.4182
89633658	0.2659	-0.2893	-1.1385
89633659	0.1277	-0.4966	-1.3315
89633660	0.1672	-0.0863	-1.2495
89633661	0.3688	-0.1884	-0.9542
89633662	0.1951	-0.4029	-1.1905
89633663	0.2190	-0.2246	-1.2406
89633664	0.2193	-0.0752	-1.2963
89633665	0.1435	0.0609	-1.0017
89633666	0.0064	-0.1751	-1.0616
89633667	-0.0749	-0.1136	-0.6657
89633668	-0.0721	-0.1347	-1.5271
89633669	-0.0728	-0.0320	-0.9522
89633670	0.0531	0.0936	-0.3674
89633671	0.0166	-0.1133	-0.7979
89633672	0.2256	-0.4159	-0.6499
89633673	0.1417	-0.1110	-1.0986
89633674	0.2968	-0.1133	-0.2181
89633675	0.1460	-0.0089	-0.5480
89633676	0.2201	-0.1770	-0.3547
89633677	0.1865	-0.1964	-0.4454
89633678	0.2708	0.0222	-0.6192
89633679	0.1996	0.1342	-0.6466
89633680	0.3105	0.0336	-0.5533
89633681	0.4342	0.0276	-0.4007
89633682	0.0496	-0.0094	-0.7616
89633683	0.1976	0.1649	-0.9319
89633684	0.2294	0.0887	-0.9246
89633685	0.2766	0.0848	-1.1802
89633686	0.2281	-0.0969	-1.0002
89633687	0.0697	0.0772	-0.9043
89633688	0.0609	0.0150	-0.9693
89633689	-0.0833	-0.0702	-1.2955
89633690	0.0962	-0.1819	-1.0683
89633691	0.1831	-0.1113	-0.8171
89633692	0.0033	-0.1075	-0.8354
89633693	0.0199	-0.1937	-0.6445
89633694	-0.0469	-0.1867	-0.8837
89633695	-0.0618	-0.3423	-0.3745
89633696	-0.0184	-0.1329	-0.8155
89633697	0.1524	-0.2664	-0.4272
89633698	-0.2025	-0.4125	-0.9719
89633699	-0.1273	-0.1957	-0.8872
89633700	-0.0237	-0.0939	-0.7439
89633701	0.0118	-0.2910	-0.6953
89633702	0.1244	-0.2280	-1.0071
89633703	0.0726	-0.3064	-0.9949
89633704	0.2813	-0.1946	-0.6211
89633705	0.1951	-0.1833	-0.8756
89633706	0.1380	-0.1313	-0.8397
89633707	0.2503	-0.0007	-0.8572
89633708	0.1320	-0.1111	-1.1414
89633709	0.1422	-0.0829	-0.7677
89633710	0.0613	-0.0563	-0.9334
89633711	0.2429	-0.0497	-0.6046
89633712	0.0865	-0.0022	-0.9881
89633713	-0.0127	0.0317	-0.5504
89633714	-0.0261	0.1639	-0.5110
89633715	0.0811	-0.0932	-0.2460
89633716	0.1086	0.1209	-0.5125
89633717	0.3543	0.0157	-0.7299
89633718	0.1907	-0.0633	-1.1565
89633719	0.3498	0.1389	-0.9418
89633720	0.4554	0.1441	-1.2491
89633721	0.4071	0.0358	-0.8107
89633722	0.4211	-0.0234	-0.9211
89633723	0.2483	-0.0055	-1.0416
89633724	0.4727	0.1602	-0.9989
89633725	0.4819	0.1430	-1.6618
89633726	0.4663	-0.0235	-1.6419
89633727	0.4106	0.0064	-1.5025
89633728	0.2131	0.0683	-1.4668
89633729	0.3441	0.0859	-1.0029
89633730	0.3790	0.2369	-0.8843
89633731	0.3477	0.2276	-0.7260
89633732	0.1665	0.1920	-1.1802
89633733	0.1829	0.1901	-0.9955
89633734	0.2389	0.3710	-0.8298
89633735	0.3470	0.2164	-0.8195
89633736	0.3062	0.1439	-0.6007
89633737	0.1350	-0.0402	-0.8867
89633738	0.3109	0.0503	-1.1104
89633739	0.3319	-0.2474	-1.2299
89633740	0.3861	-0.2280	-1.2042
89633741	0.3400	-0.2702	-1.2484
89633742	0.3199	-0.4337	-1.6288
89633743	0.3742	-0.2170	-0.8884
89633744	0.1988	-0.2624	-1.0392
89633745	0.0896	-0.3750	-1.1828
89633746	0.2455	-0.4706	-0.5049
89633747	0.4328	-0.1883	-0.6180
89633748	0.2156	-0.2459	-0.6057
89633749	0.3054	-0.1263	-0.4905
89633750	0.2221	-0.1135	-0.6629
89633751	0.2293	-0.1073	-0.7193
89633752	0.3202	-0.1704	-0.4586
89633753	0.2465	-0.1033	-1.0068
89633754	0.3800	0.0782	-0.8683
89633755	-0.0021	0.0229	-0.9831
89633756	0.2381	0.1548	-1.0641
89633757	0.2528	0.1531	-0.9113
89633758	0.1184	-0.0764	-1.2318
89633759	0.2884	0.0268	-0.8542
89633760	0.1939	-0.1897	-1.1974
89633761	0.0160	-0.0426	-0.8524
89633762	-0.0190	-0.2386	-1.3057
89633763	0.0793	-0.2888	-0.9912
89633764	0.1906	-0.0225	-0.6031
89633765	-0.0679	-0.3932	-1.0872
89633766	0.0090	-0.1827	-0.8792
89633767	0.0245	-0.0914	-1.0321
89633768	0.0709	-0.0809	-1.1415
89633769	0.0651	-0.0588	-1.3312
89633770	0.0300	-0.0928	-1.4362
89633771	-0.0659	0.0491	-1.6799
89633772	-0.0719	-0.2442	-1.2885
89633773	-0.2021	-0.0144	-1.3836
89633774	0.1252	0.1116	-1.4840
89633775	0.0679	-0.0394	-1.3862
89633776	0.0902	0.2723	-1.5114
89633777	-0.1071	0.3632	-1.4449
89633778	0.0612	0.3470	-1.1525
89633779	0.1604	0.1686	-0.5990
89633780	0.1694	0.1157	-1.0899
89633781	0.0535	0.2443	-1.6354
89633782	0.0157	0.0937	-1.3119
89633783	0.0263	0.0364	-1.1328
89633784	0.2523	0.0964	-0.8541
89633785	0.0676	0.0918	-1.1305
89633786	-0.0273	-0.1171	-0.9685
89633787	0.0832	-0.1898	-0.7179
89633788	-0.0187	-0.1479	-0.6374
89633789	-0.0955	-0.2248	-1.0474
89633790	-0.0807	-0.4865	-1.2905
89633791	0.1472	-0.0553	-0.8385
89633792	0.0258	-0.1431	-1.2601
89633793	-0.0319	-0.0030	-0.8057
89633794	-0.1552	-0.0923	-1.2603
89633795	-0.3620	-0.3636	-1.2045
89633796	-0.3819	-0.3813	-1.3573
89633797	-0.1742	-0.2405	-0.3141
89633798	-0.2422	-0.5206	-0.4870
89633799	-0.3303	-0.3845	-0.0044
89633800	-0.5556	-0.3157	-0.4195
89633801	-0.3032	-0.1701	-0.5656
89633802	-0.4808	-0.0936	-0.5687
89633803	-0.2143	-0.1380	-0.4273
89633804	-0.3380	-0.2652	-0.4744
89633805	-0.4440	-0.2586	-0.8333
89633806	-0.3988	-0.3026	-0.8942
89633807	-0.1732	-0.2623	-0.6836
89633808	-0.0048	-0.1689	-0.3617
89633809	-0.0290	-0.1293	-0.3622
89633810	-0.0820	-0.1279	-0.1484
89633811	-0.0294	0.0605	-0.5743
89633812	-0.0073	-0.1607	-0.3905
89633813	-0.0402	-0.1121	-0.9609
89633814	-0.0297	-0.2151	-0.6602
89633815	-0.1524	-0.2422	-0.9377
89633816	-0.2958	-0.3622	-1.1606
89633817	-0.1600	0.0972	-1.1893
89633818	-0.1815	0.0214	-1.4898
89633819	-0.0553	0.1391	-1.3200
89633820	-0.2250	0.2450	-1.5748
89633821	-0.2216	0.0565	-1.8480
89633822	-0.4431	-0.5641	-0.6781
89633823	-0.1056	-0.2466	-0.5296
89633824	-0.4053	-0.2964	-0.6063
89633825	-0.1622	-0.1266	-0.6203
89633826	-0.2430	0.0457	-1.1594
89633827	-0.2645	0.0596	-0.7599
89633828	-0.0536	-0.0584	-0.8698
89633829	-0.3699	-0.2571	-0.7695
89633830	-0.5678	-0.2806	-0.2726
89633831	-0.7245	-0.0463	-0.7598
89633832	-0.1759	-0.0120	-0.3984
89633833	-0.4806	-0.3693	-0.4408
89633834	-0.5373	-0.1776	-0.6638
89633835	-0.4073	-0.0402	-1.3071
89633836	-0.5712	-0.0840	-1.0451
89633837	-0.5640	-0.3640	-0.5939
89633838	-0.2101	-0.0159	-0.8656
89633839	-0.3272	-0.0532	-0.8738
89633840	-0.1961	0.0511	-0.9188
89633841	-0.2215	-0.1063	-1.2471
89633842	-0.2600	-0.2582	-0.2974
89633843	-0.3968	-0.1664	-0.8562
89633844	-0.2633	-0.0710	-0.5866
89633845	-0.4438	-0.1180	-0.9919
89633846	-0.3406	0.0079	-1.0863
89633847	-0.1970	0.0630	-0.4548
89633848	-0.1671	0.2195	-0.9752
89633849	-0.2061	0.2659	-1.5660
89633850	-0.0816	0.3055	-1.3285
89633851	-0.3347	0.1491	-1.6927
89633852	-0.1062	0.0522	-1.4273
89633853	-0.2050	0.0789	-1.6227
89633854	-0.0953	-0.1587	-0.9265
89633855	-0.3287	0.0770	-1.1314
89633856	-0.2901	-0.1531	-1.2578
89633857	-0.2811	-0.0944	-1.1537
89633858	-0.3377	0.1345	-1.1744
89633859	-0.3659	-0.0962	-0.3606
89633860	-0.3867	-0.0084	-1.0716
89633861	-0.5246	-0.2416	-1.3290
89633862	-0.1781	-0.2374	-1.1741
89633863	-0.3006	-0.1028	-1.3519
89633864	-0.1656	-0.1178	-1.4325
89633865	-0.1033	0.0437	-1.3427
89633866	-0.2433	-0.1137	-1.7475
89633867	-0.7909	-0.3052	-1.5282
89633868	-0.3702	0.0161	-1.4748
89633869	-0.5940	-0.2045	-1.3792
89633870	-0.3756	-0.0287	-0.8540
89633871	-0.5195	-0.2146	-1.0767
89633872	-0.5468	-0.3033	-0.8636
89633873	-0.5524	-0.1531	-1.0946
89633874	-0.4157	-0.0465	-0.6098
89633875	-0.6973	-0.2927	-1.1828
89633876	-0.4048	0.1213	-0.7265
89633877	-0.4744	0.1874	-1.0041
89633878	-0.4885	-0.0674	-0.8477
89633879	-0.4314	-0.2870	-0.7187
89633880	-0.2806	-0.0921	-0.8352
89633881	-0.2797	-0.1255	-1.1102
89633882	-0.2480	0.2841	-1.9992
89633883	0.0419	0.1352	-1.7637
89633884	-0.1596	0.2458	-1.7297
89633885	-0.0429	0.1420	-1.9313
89633886	-0.2091	0.2747	-1.9906
89633887	-0.2375	0.1877	-1.7714
89633888	-0.1435	-0.1225	-1.3020
89633889	-0.4085	-0.1671	-0.7345
89633890	-0.1383	-0.1005	-0.8924
89633891	-0.2831	-0.0182	-0.2840
89633892	-0.2982	0.0837	-1.0983
89633893	-0.5036	0.1397	-0.7878
89633894	-0.4792	-0.1159	-0.8722
89633895	-0.1980	-0.1805	-0.8969
89633896	-0.1757	-0.0864	-1.1090
89633897	-0.3689	0.1935	-1.3990
89633898	-0.1733	0.1270	-1.2731
89633899	-0.2690	-0.2227	-1.3753
89633900	-0.3432	-0.2522	-0.8264
89633901	-0.2347	-0.1256	-1.6672
89633902	-0.2787	0.2261	-1.0326
89633903	-0.3319	0.2052	-1.3227
89633904	-0.0522	0.0011	-1.1055
89633905	-0.3221	0.0329	-0.9716
89633906	-0.3852	-0.1876	-0.5120
89633907	-0.5537	-0.2595	-0.7241
89633908	-0.3272	-0.0492	-0.9677
89633909	-0.3039	-0.2721	-0.9080
89633910	-0.1372	-0.0365	-1.1353
89633911	-0.1839	-0.0926	-0.6866
89633912	-0.3360	-0.1187	-1.4202
89633913	-0.4978	0.0698	-1.0808
89633914	-0.2600	-0.1075	-0.8767
89633915	-0.1798	-0.2604	-0.5708
89633916	-0.2822	-0.1880	-0.6770
89633917	-0.2034	-0.1672	-0.6487
89633918	-0.5038	-0.2149	-0.5551
89633919	-0.5010	-0.2905	-0.2669
89633920	-0.3821	0.0988	-0.0978
89633921	-0.3120	0.1210	-1.0145
89633922	-0.3228	0.1631	-1.3061
89633923	-0.3309	-0.0602	-0.6291
89633924	-0.2711	-0.0806	-0.9049
89633925	-0.2822	-0.2801	-0.8633
89633926	-0.1062	-0.1322	-0.8959
89633927	-0.4606	-0.0807	-1.0358
89633928	-0.3309	-0.2064	-1.5905
89633929	-0.2742	-0.1631	-1.7476
89633930	-0.0367	-0.2919	-1.3077
89633931	0.0879	-0.1601	-1.7392
89633932	-0.2127	0.0428	-1.7640
89633933	-0.1595	-0.1681	-1.5567
89633934	-0.2210	0.0581	-1.0874
89633935	-0.2880	0.0979	-1.1426
89633936	-0.5652	0.2057	-1.7983
89633937	-0.5783	0.0381	-1.6978
89633938	-0.2052	0.1362	-1.5916
89633939	-0.1978	0.0646	-1.3691
89633940	-0.2129	-0.0433	-0.6057
89633941	-0.2389	0.1739	-0.5997
89633942	-0.1453	0.0448	-0.9979
89633943	-0.2672	0.0143	-1.2095
89633944	0.0117	0.1366	-0.9809
89633945	-0.0981	0.1339	-0.9882
89633946	-0.2755	-0.0147	-0.6102
89633947	-0.1369	-0.0553	-0.4642
89633948	-0.2198	0.2412	-0.8430
89633949	-0.3262	0.1796	-0.7288
89633950	-0.3624	0.1266	-1.4136
89633951	0.0564	0.0895	-0.8830
89633952	-0.2080	0.1210	-1.1791
89633953	-0.2491	0.0436	-1.5821
89633954	-0.2251	-0.0569	-2.0573
89633955	0.1323	0.2509	-2.0290
89633956	0.1457	0.2938	-1.4547
89633957	0.0961	-0.0148	-1.8076
89633958	0.0528	-0.0993	-1.0234
89633959	-0.1364	-0.5479	-1.3211
89633960	-0.2467	-0.5457	-0.0842
89633961	-0.3166	-0.5369	-1.0242
89633962	-0.2244	-0.3344	-0.7196
89633963	-0.1564	-0.5202	-0.5857
89633964	-0.1447	-0.2250	-1.2554
89633965	-0.1680	-0.1268	-1.0089
89633966	-0.2265	-0.1357	-1.6951
89633967	-0.2611	0.0429	-1.2789
89633968	-0.0321	0.2188	-1.1038
89633969	-0.1197	0.2222	-1.2682
89633970	-0.1948	0.2731	-1.8600
89633971	-0.1979	-0.0972	-1.5039
89633972	-0.2341	-0.4533	-1.1662
89633973	-0.1826	-0.1666	-1.5322
89633974	-0.2199	-0.1203	-1.2907
89633975	-0.1984	-0.2674	-1.7185
89633976	-0.1825	-0.2007	-1.1773
89633977	0.0792	-0.2601	-1.1679
89633978	0.0899	-0.2064	-0.8863
89633979	-0.2027	-0.2151	-1.3963
89633980	-0.0966	0.0259	-1.8160
89633981	-0.1981	0.2998	-1.6289
89633982	-0.2480	0.0820	-1.7815
89633983	-0.3124	0.3363	-2.2935
89633984	-0.1111	0.3184	-1.9276
89633985	-0.2807	0.1195	-1.8056
89633986	-0.3130	-0.0700	-0.9875
89633987	-0.3327	0.1798	-2.2069
89633988	0.0597	0.0167	-1.4272
89633989	-0.1696	0.0657	-1.9611
89633990	-0.0588	-0.1295	-2.1319
89633991	-0.0901	0.0416	-1.7743
89633992	-0.2674	-0.0546	-1.7958
89633993	-0.2746	-0.1689	-1.2984
89633994	-0.0056	0.0847	-2.2961
89633995	-0.0699	0.0364	-1.1061
89633996	-0.2579	-0.2748	-1.8134
89633997	-0.3026	-0.2044	-1.3297
89633998	-0.1718	0.0602	-1.4892
89633999	-0.0370	-0.0985	-0.9953
89634000	-0.3058	0.0070	-1.2851
89634001	-0.3286	-0.1404	-1.1685
89634002	-0.5301	-0.1469	-1.6397
89634003	-0.4973	-0.1881	-1.8120
89634004	-0.3391	-0.2601	-1.6955
89634005	-0.1572	-0.1535	-1.6167
89634006	-0.2284	-0.0655	-1.8033
89634007	-0.4647	-0.0567	-1.5805
89634008	-0.6955	-0.3296	-1.3009
89634009	-0.4983	0.0332	-1.8417
89634010	-0.4933	-0.1875	-1.1064
89634011	-0.4177	-0.0723	-1.1654
89634012	-0.5869	0.1307	-1.3180
89634013	-0.5043	-0.0135	-1.2291
89634014	-0.4219	-0.1176	-1.0770
89634015	-0.3958	0.0069	-1.1641
89634016	-0.2368	0.0737	-1.5376
89634017	-0.3044	0.1766	-1.9210
89634018	-0.1813	0.0780	-1.9673
89634019	-0.2423	0.0900	-1.9429
89634020	-0.4050	-0.0088	-1.1012
89634021	-0.3220	0.3892	-1.9659
89634022	-0.3811	0.2048	-2.0056
89634023	-0.4976	0.0946	-0.9908
89634024	-0.3776	0.1912	-2.2343
89634025	-0.2124	0.1881	-1.6847
89634026	-0.2152	0.0995	-1.4065
89634027	-0.2877	-0.2419	-1.6503
89634028	-0.2292	0.1990	-1.2406
89634029	-0.3710	-0.0978	-1.0926
89634030	-0.4422	-0.0044	-1.2201
89634031	-0.3580	0.2050	-1.3974
89634032	-0.4974	0.2910	-1.3020
89634033	-0.4054	0.0346	-0.9489
89634034	-0.2888	0.1345	-0.7502
89634035	-0.2859	0.0644	-1.2127
89634036	-0.3821	0.1845	-1.3634
89634037	-0.3377	0.0068	-1.6745
89634038	-0.7393	-0.1089	-0.9944
89634039	-0.6724	-0.3467	-1.0718
89634040	-0.6669	0.1312	-0.9446
89634041	-0.5325	-0.0676	-0.8921
89634042	-0.3342	-0.0502	-0.9067
89634043	-0.6116	0.2664	-1.0024
89634044	-0.5865	-0.0022	-1.2850
89634045	-0.3174	0.1206	-1.5608
89634046	-0.5895	0.2740	-2.1104
89634047	-0.0710	0.2961	-1.3236
89634048	-0.1851	0.2100	-1.4234
89634049	-0.0926	0.2788	-1.7255
89634050	-0.0377	0.3329	-1.8975
89634051	0.0659	0.1840	-1.7469
89634052	-0.2261	0.3361	-2.0195
89634053	-0.2179	0.2293	-1.7933
89634054	0.1366	0.2799	-1.7438
89634055	-0.2044	0.1462	-1.4757
89634056	-0.3347	-0.1440	-1.4160
89634057	-0.4534	-0.1279	-1.2245
89634058	-0.3876	0.0184	-0.8991
89634059	-0.2960	-0.1644	-0.6657
89634060	-0.3498	-0.1490	-1.0768
89634061	-0.5474	0.1801	-2.0383
89634062	-0.5421	-0.0938	-1.1676
89634063	-0.3191	-0.0307	-1.3741
89634064	-0.4661	-0.0933	-1.7369
89634065	-0.6016	-0.4197	-1.3297
89634066	-0.1564	0.0410	-1.0159
89634067	-0.1275	0.0224	-1.7386
89634068	-0.1427	0.0180	-2.1594
89634069	-0.2738	-0.1089	-1.7162
89634070	-0.1712	-0.1420	-1.5144
89634071	-0.3846	-0.0859	-1.2791
89634072	-0.4415	0.1449	-1.6546
89634073	-0.3972	0.0561	-1.3813
89634074	-0.2820	0.1530	-1.0566
89634075	-0.3409	0.2182	-1.1368
89634076	-0.3810	0.0064	-1.3833
89634077	-0.1696	0.1262	-1.3886
89634078	-0.4458	-0.0829	-1.2613
89634079	-0.1146	-0.0924	-1.4525
89634080	-0.0490	-0.2401	-1.2831
89634081	-0.4700	-0.2914	-1.2532
89634082	-0.3501	-0.1580	-0.5141
89634083	-0.1809	-0.1395	-0.5400
89634084	-0.2722	0.1373	-1.8673
89634085	-0.1507	0.1237	-1.2504
89634086	0.0255	0.2264	-1.0667
89634087	-0.1414	0.3457	-1.6044
89634088	-0.0776	0.1362	-1.7245
89634089	0.1318	0.5301	-1.2042
89634090	0.0194	0.4487	-1.2367
89634091	0.2145	0.2639	-0.7787
89634092	0.2864	0.5271	-1.3971
89634093	0.4720	0.7715	-1.3846
89634094	0.4581	0.7163	-1.4345
89634095	0.5672	0.7486	-1.2877
89634096	0.6546	0.8172	-1.5505
89634097	0.7424	0.7801	-1.6431
89634098	0.9533	0.7094	-1.3318
89634099	1.3030	1.1107	-1.3762
89634100	1.3313	1.1295	-1.2861
89634101	1.6811	1.2073	-1.3643
89634102	1.7043	1.1633	-1.3094
89634103	1.7666	1.2924	-1.6734
89634104	1.9783	1.6098	-1.8434
89634105	1.7941	1.2646	-1.6559
89634106	1.9135	1.3408	-1.9476
89634107	2.0237	1.4059	-1.6643
89634108	2.0568	1.1757	-1.1576
89634109	1.8591	1.1929	-1.2130
89634110	1.8637	1.3427	-1.1998
89634111	1.5624	1.0276	-1.2718
89634112	1.4120	0.9673	-1.9073
89634113	1.6844	1.0467	-1.3401
89634114	1.7683	0.9196	-1.2651
89634115	1.5155	1.0847	-1.3514
89634116	1.3905	1.2421	-2.2771
89634117	1.1565	0.9025	-1.4927
89634118	1.0437	0.9555	-1.5900
89634119	0.9905	0.8433	-1.8483
89634120	0.6567	0.7080	-1.5530
89634121	0.4413	0.6900	-1.8778
89634122	0.3474	0.6947	-1.5951
89634123	0.4065	0.6065	-1.4191
89634124	0.0921	0.4002	-1.2105
89634125	-0.0311	0.0631	-0.9980
89634126	0.0466	0.1157	-0.8548
89634127	-0.3307	0.1797	-1.5093
89634128	-1.0792	-0.0457	-1.7188
89634129	-1.1089	-0.2756	-1.6283
89634130	-1.5672	-0.6035	-1.4558
89634131	-1.8298	-0.5728	-1.6458
89634132	-1.8915	-0.4826	-1.9553
89634133	-2.4221	-0.9315	-1.5266
89634134	-2.6158	-1.1521	-1.6109
89634135	-2.9283	-1.3230	-1.8179
89634136	-2.6626	-1.5732	-1.1740
89634137	-2.9702	-1.9328	-1.2195
89634138	-3.2771	-2.0245	-0.9894
89634139	-3.4942	-2.0422	-1.1776
89634140	-3.6293	-2.2628	-0.7791
89634141	-3.6967	-2.1613	-1.3759
89634142	-3.8224	-2.0425	-1.5569
89634143	-3.7786	-1.9236	-1.2116
89634144	-3.7462	-1.8924	-0.5502
89634145	-3.7275	-1.5605	-0.9675
89634146	-3.6106	-1.6092	-1.1334
89634147	-3.3265	-1.3553	-0.4944
89634148	-2.9519	-1.1541	-1.2734
89634149	-2.5998	-0.6430	-1.4457
89634150	-1.9978	-0.0288	-1.5240
89634151	-1.5102	0.5208	-2.0428
89634152	-0.6330	0.9104	-1.3506
89634153	-0.1214	1.2764	-1.4071
89634154	0.5474	1.6142	-0.6981
89634155	0.6429	1.8175	-1.4431
89634156	1.2886	2.2149	-1.0891
89634157	1.7818	2.7806	-0.8899
89634158	1.9871	2.5688	-1.0076
89634159	2.2636	3.1734	-1.0461
89634160	2.6936	3.2104	-0.9339
89634161	2.8532	3.5044	-1.3334
89634162	2.6800	3.4616	-1.4526
89634163	2.4986	3.4150	-2.2613
89634164	2.4487	3.2774	-1.7623
89634165	2.1708	3.0638	-1.3535
89634166	1.6798	2.5786	-1.7949
89634167	1.0200	2.1305	-1.4699
89634168	0.4225	1.4941	-1.3885
89634169	-0.4022	1.2451	-2.5380
89634170	-1.3253	0.6255	-1.8119
89634171	-1.9428	0.0533	-1.9578
89634172	-2.4071	-1.0350	-1.5792
89634173	-3.2634	-1.3276	-1.6670
89634174	-3.8988	-1.8474	-1.7356
89634175	-4.5481	-2.1175	-1.8833
89634176	-4.6501	-2.8932	-1.4688
89634177	-4.8687	-2.8384	-2.6506
89634178	-4.6161	-3.0011	-2.7871
89634179	-4.6037	-2.7172	-2.8668
89634180	-3.8206	-2.6508	-3.0555
89634181	-3.5419	-2.4620	-2.9982
89634182	-2.8040	-2.0122	-3.3245
89634183	-1.8974	-1.7019	-3.5732
89634184	-1.3602	-1.1620	-3.5938
89634185	-0.1024	-0.2422	-4.0984
89634186	0.8138	-0.0353	-3.3480
89634187	1.9554	0.8249	-3.1885
89634188	2.7522	1.2130	-2.8382
89634189	3.1602	1.4442	-2.4569
89634190	3.5721	1.7342	-1.4120
89634191	4.2133	2.2970	-1.9414
89634192	4.2228	2.2574	-1.2061
89634193	4.1612	2.0339	-0.7317
89634194	3.4722	1.8730	-0.6251
89634195	3.0487	1.6200	-0.5235
89634196	2.3924	1.0475	-0.0152
89634197	1.3727	0.3842	0.4308
89634198	0.1764	-0.1634	0.3114
89634199	-0.8424	-0.6822	0.1575
89634200	-2.1089	-1.2325	0.5584
89634201	-2.9977	-1.5201	-0.0979
89634202	-3.9322	-1.9057	0.9191
89634203	-4.7731	-2.2091	-0.0905
89634204	-5.0648	-2.4086	-0.4287
89634205	-4.9274	-2.2044	-0.7831
89634206	-4.6455	-1.6471	-1.6353
89634207	-3.8799	-1.0682	-1.9199
89634208	-2.7445	-0.1747	-2.6142
89634209	-1.6104	0.2916	-2.9267
89634210	0.0330	0.8991	-2.6931
89634211	1.4043	1.3105	-3.0524
89634212	2.6073	2.1205	-3.4131
89634213	3.8230	2.4218	-2.7456
89634214	4.4490	2.6715	-2.4589
89634215	4.4697	2.4385	-1.7600
89634216	4.4171	2.4145	-1.7839
89634217	3.6095	2.2570	-1.7421
89634218	2.5830	1.3714	-0.2709
89634219	0.7996	0.7079	-0.1719
89634220	-0.4597	0.4803	0.1717
89634221	-1.7516	0.2650	0.3192
89634222	-3.0530	0.0164	-0.3983
89634223	-3.7588	-0.3674	0.8191
89634224	-3.8805	-0.2397	0.0106
89634225	-3.4527	0.2325	-1.1381
89634226	-2.6269	0.5685	-1.7681
89634227	-1.4657	1.0755	-2.8636
89634228	-0.2957	1.2966	-2.4409
89634229	0.8668	1.4044	-3.1592
89634230	1.6704	1.0829	-3.0782
89634231	1.9182	0.5686	-2.7197
89634232	1.5795	-0.2518	-2.0947
89634233	0.9405	-0.9909	-2.0069
89634234	-0.0394	-1.6544	-1.5745
89634235	-0.5292	-1.5780	-1.8762
89634236	-0.7038	-1.0019	-1.8384
89634237	-0.4368	-0.4518	-1.0487
89634238	0.5191	0.7199	-1.0125
89634239	1.2170	1.2830	-0.3801
89634240	1.8601	1.7799	-0.1770
89634241	1.9728	2.0415	0.0622
89634242	1.4574	1.4347	0.5171
89634243	0.8282	1.3852	0.4424
89634244	-0.0063	0.8866	0.9204
89634245	-0.7301	0.8594	0.9789
89634246	-1.7175	0.4467	0.4890
89634247	-2.0189	0.5527	-0.6180
89634248	-1.8900	0.5853	-0.5596
89634249	-1.8980	0.5620	-1.3528
89634250	-1.6670	0.7087	-2.8087
89634251	-1.1449	0.2861	-3.3269
89634252	-0.7569	0.1100	-3.7539
89634253	-0.1002	0.0597	-3.9913
89634254	0.0941	-0.1462	-3.3050
89634255	0.3182	-0.2104	-3.4269
89634256	0.4330	0.0778	-3.4178
89634257	0.4038	0.1294	-2.8267
89634258	0.5756	0.0766	-2.1899
89634259	0.4688	0.1798	-0.8379
89634260	0.4567	-0.0103	-0.2869
89634261	0.7301	0.0627	0.4585
89634262	0.6143	0.1573	0.5765
89634263	0.9732	0.2125	1.1726
89634264	0.9325	0.4444	1.0557
89634265	0.8032	0.9302	1.5972
89634266	0.2767	1.1171	0.4375
89634267	-0.1344	1.3642	0.4264
89634268	-0.4528	1.5449	-0.4367
89634269	-1.1375	1.6613	-1.0094
89634270	-1.3031	1.8874	-1.8880
89634271	-1.1592	1.5470	-2.0467
89634272	-1.1329	1.2739	-3.0469
89634273	-1.0256	0.9795	-3.4052
89634274	-0.9133	0.6515	-2.8944
89634275	-0.4497	0.2864	-2.6634
89634276	-0.1627	-0.0527	-2.5936
89634277	0.0599	-0.2460	-2.2569
89634278	0.3413	-0.4610	-1.5225
89634279	0.3702	-0.9027	-0.6862
89634280	0.3493	-0.6086	-1.1103
89634281	0.4755	-0.5574	-0.3145
89634282	0.3262	-0.5938	-0.4470
89634283	0.4625	0.0333	-0.0228
89634284	0.4173	0.5059	0.9095
89634285	-0.0153	0.7740	-0.0730
89634286	-0.1687	1.2951	-0.9347
89634287	-0.5370	1.2863	-0.6159
89634288	-0.7233	1.5679	-0.6256
89634289	-0.5052	1.8216	-1.2461
89634290	-0.5787	1.5451	-1.5638
89634291	-0.9875	1.3788	-2.2574
89634292	-0.7580	1.0811	-1.4105
89634293	-0.6977	0.8215	-1.9848
89634294	-0.4585	0.0351	-1.8318
89634295	-0.2444	-0.2550	-1.8742
89634296	0.3002	-0.3246	-1.4327
89634297	0.2489	-0.4016	-1.0522
89634298	0.3022	-0.4032	-1.3017
89634299	0.4242	-0.1309	-0.7289
89634300	0.4529	0.0056	-0.5865
89634301	0.3641	0.0687	0.5384
89634302	0.2547	0.5551	0.2081
89634303	-0.2701	1.0476	-0.0800
89634304	-0.7544	1.0485	0.0341
89634305	-0.8692	1.3291	0.3157
89634306	-1.1677	1.6081	-1.1364
89634307	-0.8766	1.5927	-0.7051
89634308	-1.1572	1.3867	-1.9742
89634309	-0.9939	1.0538	-2.2239
89634310	-0.5274	0.7497	-2.1556
89634311	-0.3364	0.3828	-3.0204
89634312	0.1195	0.1304	-2.7240
89634313	0.1863	-0.1895	-1.9645
89634314	0.3835	-0.0503	-2.1156
89634315	0.6939	0.0530	-0.9018
89634316	0.4492	0.3179	-1.1586
89634317	0.3917	0.5910	-1.1439
89634318	0.2305	0.9725	-0.7139
89634319	-0.0665	0.9257	-1.2304
89634320	-0.2316	1.1820	-1.8721
89634321	-0.5448	1.2327	-1.7320
89634322	-0.6293	0.9879	-1.7917
89634323	-0.9271	0.3500	-1.5061
89634324	-0.6396	0.5908	-1.8701
89634325	-0.7012	0.3700	-1.9756
89634326	-0.4362	0.2990	-1.1068
89634327	-0.1318	0.4543	-1.1762
89634328	0.0405	0.6060	-0.8557
89634329	0.2605	1.1643	-1.0684
89634330	0.4917	1.3369	-0.7224
89634331	0.4212	1.6425	-0.5570
89634332	0.4329	2.1874	-0.9839
89634333	0.1478	2.2300	-1.1614
89634334	-0.2506	1.9317	-1.1016
89634335	-0.4392	1.5024	-1.8227
89634336	-0.5955	1.0804	-2.1171
89634337	-0.6387	0.6013	-1.6941
89634338	-0.9534	0.2091	-1.6769
89634339	-1.0865	0.1909	-1.6513
89634340	-0.7771	0.2115	-1.7552
89634341	-0.4935	0.0145	-1.7153
89634342	-0.0994	0.3668	-1.8775
89634343	0.0981	0.4871	-1.8512
89634344	0.4057	0.3598	-1.8458
89634345	0.5193	0.6250	-0.9715
89634346	0.3566	0.4214	-0.2573
89634347	0.2792	0.6732	0.1420
89634348	0.2812	0.9925	-0.4044
89634349	-0.1845	1.1815	-0.5385
89634350	-0.4204	1.2215	-1.1563
89634351	-0.6321	1.1338	-1.7691
89634352	-0.6877	1.0514	-2.0304
89634353	-0.6516	0.6825	-2.2402
89634354	-0.6147	0.5583	-2.3160
89634355	-0.4694	0.8843	-2.9157
89634356	-0.0512	0.5707	-2.8590
89634357	-0.1487	0.3290	-2.5537
89634358	0.0306	0.3671	-2.5883
89634359	0.0582	0.0951	-2.1639
89634360	-0.1657	0.6493	-1.7188
89634361	-0.3369	0.3439	-1.2723
89634362	-0.2952	0.4856	-1.2685
89634363	-0.4798	0.6274	-0.9348
89634364	-0.8013	0.6002	-0.8871
89634365	-0.8671	0.7018	-0.6208
89634366	-0.5115	0.9174	-1.2787
89634367	-0.3497	0.7452	-1.3455
89634368	-0.2055	0.6553	-1.9436
89634369	0.1706	0.2788	-1.6872
89634370	0.1739	0.1130	-1.6657
89634371	-0.0265	0.0561	-1.6838
89634372	-0.0251	0.0518	-1.4194
89634373	-0.0815	-0.0737	-1.5234
89634374	-0.2743	-0.0953	-0.8710
89634375	-0.5159	0.2283	-0.9975
89634376	-0.2241	0.7051	-1.6228
89634377	-0.2861	0.8954	-1.8795
89634378	-0.2591	0.9121	-2.2394
89634379	-0.4541	1.0292	-2.1231
89634380	-0.4057	1.0686	-2.1238
89634381	-0.6234	0.3970	-1.6927
89634382	-0.4699	0.4808	-1.8104
89634383	-0.6233	0.4476	-1.6066
89634384	-0.8189	0.3702	-0.9884
89634385	-0.7562	0.2793	-1.2325
89634386	-0.8040	0.4265	-0.4838
89634387	-0.5577	0.3871	-0.7647
89634388	-0.4933	0.7808	-1.1295
89634389	-0.3380	0.6581	-0.9620
89634390	-0.1248	0.8139	-1.6011
89634391	-0.1749	0.6954	-1.2444
89634392	-0.0121	0.6952	-1.7052
89634393	0.0442	0.7822	-2.0859
89634394	-0.1152	0.1445	-1.2676
89634395	0.0231	0.1440	-1.7300
89634396	0.0266	0.3683	-1.9757
89634397	-0.4149	0.4775	-1.5723
89634398	-0.4993	0.6208	-1.6054
89634399	-0.5146	0.5534	-1.6213
89634400	-0.7847	0.3012	-1.3802
89634401	-0.6956	0.4878	-0.8403
89634402	-0.6916	0.6534	-1.2089
89634403	-0.7700	0.2125	-1.1762
89634404	-0.5161	0.2612	-1.1305
89634405	-0.3915	0.4017	-1.0666
89634406	-0.1888	0.6486	-1.1174
89634407	-0.1915	0.4786	-0.6061
89634408	-0.1680	0.5972	-0.6887
89634409	-0.2010	0.7536	-0.6871
89634410	-0.5577	0.2987	-0.5275
89634411	-0.3021	0.5137	-1.1762
89634412	-0.5996	0.4975	-0.5454
89634413	-0.8017	0.3752	-0.6048
89634414	-0.6767	0.5863	-0.9518
89634415	-0.4252	0.7156	-1.1417
89634416	-0.3281	0.6848	-0.8768
89634417	-0.3870	0.7860	-1.1320
89634418	-0.1516	0.8444	-1.0114
89634419	-0.0492	0.6706	-1.3511
89634420	-0.0349	0.8347	-1.2010
89634421	-0.1035	0.7637	-0.8995
89634422	-0.3625	0.5120	-1.0486
89634423	-0.3089	0.5422	-1.0820
89634424	-0.3715	0.2685	-1.2912
89634425	-0.5459	0.1472	-1.0350
89634426	-0.4762	0.3039	-1.0253
89634427	-0.3295	0.4347	-1.1675
89634428	-0.4734	0.3662	-1.2040
89634429	-0.2089	0.4435	-1.6776
89634430	-0.0926	0.7806	-1.7774
89634431	-0.0022	0.8405	-1.6726
89634432	-0.0924	0.6401	-1.5569
89634433	0.0197	0.5949	-1.5864
89634434	0.0851	0.7227	-1.5691
89634435	-0.0538	0.3759	-1.2743
89634436	-0.0124	0.2946	-1.2507
89634437	-0.0645	0.4956	-1.3065
89634438	-0.2765	0.5238	-1.0374
89634439	-0.2521	0.3873	-1.2660
89634440	-0.3395	0.4953	-1.2381
89634441	-0.2699	0.3612	-0.8436
89634442	-0.3839	0.1495	-0.7058
89634443	-0.1871	0.5858	-1.2614
89634444	-0.1953	0.6684	-1.2457
89634445	-0.4090	0.3575	-1.0239
89634446	-0.1956	0.6595	-1.1937
89634447	-0.1999	0.5126	-1.2342
89634448	-0.3266	0.4385	-0.4302
89634449	0.0022	0.7398	-0.6159
89634450	0.0334	0.6065	-1.1475
89634451	-0.0187	0.5906	-1.3610
89634452	0.0923	0.4934	-0.9326
89634453	0.0686	0.4709	-0.8844
89634454	0.0999	0.2513	-1.3007
89634455	-0.0308	0.1580	-1.0530
89634456	-0.2241	0.1764	-0.9566
89634457	-0.2397	0.1243	-0.6583
89634458	-0.1593	-0.1206	-0.5264
89634459	-0.5003	-0.0292	-0.5701
89634460	-0.5005	-0.1341	-0.8241
89634461	-0.6961	-0.1119	-0.7102
89634462	-0.8070	-0.2192	-0.7339
89634463	-0.6543	-0.0635	-1.0284
89634464	0.0000	0.0000	0.0000
89634465	0.0000	0.0000	0.0000
89634466	0.0000	0.0000	0.0000
89634467	0.0000	0.0000	0.0000
89634468	0.0000	0.0000	0.0000
89634469	0.0000	0.0000	0.0000
89634470	0.0000	0.0000	0.0000
89634471	0.0000	0.0000	0.0000
89634472	0.0000	0.0000	0.0000
89634473	0.0000	0.0000	0.0000
89634474	0.0000	0.0000	0.0000
89634475	0.0000	0.0000	0.0000
89634476	0.0000	0.0000	0.0000
89634477	0.0000	0.0000	0.0000
89634478	0.0000	0.0000	0.0000
89634479	0.0000	0.0000	0.0000
89634480	0.0000	0.0000	0.0000
89634481	0.0000	0.0000	0.0000
89634482	0.0000	0.0000	0.0000
89634483	0.0000	0.0000	0.0000
89634484	0.0000	0.0000	0.0000
89634485	0.0000	0.0000	0.0000
89634486	0.0000	0.0000	0.0000
89634487	0.0000	0.0000	0.0000
89634488	0.0000	0.0000	0.0000
89634489	0.0000	0.0000	0.0000
89634490	0.0000	0.0000	0.0000
89634491	0.0000	0.0000	0.0000
89634492	0.0000	0.0000	0.0000
89634493	0.0000	0.0000	0.0000
89634494	0.0000	0.0000	0.0000
89634495	0.0000	0.0000	0.0000
89634496	0.0000	0.0000	0.0000
89634497	0.0000	0.0000	0.0000
89634498	0.0000	0.0000	0.0000
89634499	0.0000	0.0000	0.0000
89634500	0.0000	0.0000	0.0000
89634501	0.0000	0.0000	0.0000
89634502	0.0000	0.0000	0.0000
89634503	0.0000	0.0000	0.0000
89634504	0.0000	0.0000	0.0000
89634505	0.0000	0.0000	0.0000
89634506	0.0000	0.0000	0.0000
89634507	0.0000	0.0000	0.0000
89634508	0.0000	0.0000	0.0000
89634509	0.0000	0.0000	0.0000
89634510	0.0000	0.0000	0.0000
89634511	0.0000	0.0000	0.0000
89634512	0.0000	0.0000	0.0000
89634513	0.0000	0.0000	0.0000
89634514	0.0000	0.0000	0.0000
89634515	0.0000	0.0000	0.0000
89634516	0.0000	0.0000	0.0000
89634517	0.0000	0.0000	0.0000
89634518	0.0000	0.0000	0.0000
89634519	0.0000	0.0000	0.0000
89634520	0.0000	0.0000	0.0000
89634521	0.0000	0.0000	0.0000
89634522	0.0000	0.0000	0.0000
89634523	0.0000	0.0000	0.0000
89634524	0.0000	0.0000	0.0000
89634525	0.0000	0.0000	0.0000
89634526	0.0000	0.0000	0.0000
89634527	0.0000	0.0000	0.0000
89634528	0.0000	0.0000	0.0000
89634529	0.0000	0.0000	0.0000
89634530	0.0000	0.0000	0.0000
89634531	0.0000	0.0000	0.0000
89634532	0.0000	0.0000	0.0000
89634533	0.0000	0.0000	0.0000
89634534	0.0000	0.0000	0.0000
89634535	0.0000	0.0000	0.0000
89634536	0.0000	0.0000	0.0000
89634537	0.0000	0.0000	0.0000
89634538	0.0000	0.0000	0.0000
89634539	0.0000	0.0000	0.0000
89634540	0.0000	0.0000	0.0000
89634541	0.0000	0.0000	0.0000
89634542	0.0000	0.0000	0.0000
89634543	0.0000	0.0000	0.0000
89634544	0.0000	0.0000	0.0000
89634545	0.0000	0.0000	0.0000
89634546	0.0000	0.0000	0.0000
89634547	0.0000	0.0000	0.0000
89634548	0.0000	0.0000	0.0000
89634549	0.0000	0.0000	0.0000
89634550	0.0000	0.0000	0.0000
89634551	0.0000	0.0000	0.0000
89634552	0.0000	0.0000	0.0000
89634553	0.0000	0.0000	0.0000
89634554	0.0000	0.0000	0.0000
89634555	0.0000	0.0000	0.0000
89634556	0.0000	0.0000	0.0000
89634557	0.0000	0.0000	0.0000
89634558	0.0000	0.0000	0.0000
89634559	0.0000	0.0000	0.0000
89634560	0.0000	0.0000	0.0000
89634561	0.0000	0.0000	0.0000
