89633311	0.5174	-0.1925	-0.2999
89633312	0.7924	-0.2152	-0.2879
89633313	0.5109	-0.3012	-0.6818
89633314	0.6794	-0.8010	-0.3962
89633315	0.3911	-0.5804	0.1216
89633316	0.7521	-0.2299	0.4125
89633317	0.6868	-0.1849	0.9867
89633318	0.7312	-0.3019	0.8595
89633319	0.6510	-0.2049	-0.0694
89633320	0.3539	-0.4550	-0.7376
89633321	0.6914	-0.0482	-0.4097
89633322	0.6857	-0.1535	-0.3186
89633323	0.4702	0.0002	0.2716
89633324	0.4731	-0.0613	-0.7597
89633325	0.3831	-0.1909	-0.5389
89633326	0.2795	-0.3607	0.1183
89633327	0.4337	-0.3879	-0.4597
89633328	0.3242	-0.3316	0.4499
89633329	0.5026	-0.3463	0.4292
89633330	0.4319	-0.8064	0.3305
89633331	0.8336	-0.3401	0.8860
89633332	0.6281	-0.3519	0.2836
89633333	0.3924	-0.3835	-0.1472
89633334	0.6149	-0.3638	-0.6892
89633335	0.8087	-0.0543	-0.5982
89633336	0.5435	-0.0157	-0.5885
89633337	0.6124	-0.0876	-0.7981
89633338	0.6135	-0.2559	-0.0666
89633339	0.8551	-0.1338	0.0096
89633340	0.5608	-0.4177	-0.0473
89633341	0.5783	-0.2760	-0.3398
89633342	0.5348	-0.1608	-0.3636
89633343	0.5611	0.0264	-0.0131
89633344	0.5194	0.0959	-0.2765
89633345	0.6845	-0.0123	-0.5902
89633346	0.8490	0.4227	-0.8067
89633347	0.8816	0.6051	-0.8934
89633348	0.7427	0.5494	-0.9479
89633349	0.7965	0.2212	-0.9700
89633350	0.9587	0.2531	-0.5403
89633351	0.9020	0.1569	-0.3269
89633352	1.0933	0.4014	-0.3301
89633353	0.8797	-0.1326	-0.1719
89633354	0.6359	-0.0561	-0.2430
89633355	1.0656	0.1704	-0.1064
89633356	0.6627	0.2532	0.2365
89633357	0.8512	0.2100	0.5965
89633358	0.8091	0.2192	0.0831
89633359	0.6498	0.1844	0.8260
89633360	0.9259	0.3541	0.5704
89633361	0.6301	0.2190	0.2719
89633362	0.3988	-0.0725	0.9123
89633363	0.4611	0.0963	0.8173
89633364	0.1715	-0.0789	0.5853
89633365	0.7261	0.1442	0.6272
89633366	0.3174	-0.0707	-0.0654
89633367	0.2006	0.1753	0.1458
89633368	0.3319	0.0119	0.3511
89633369	0.0850	0.0705	0.6666
89633370	0.5411	0.2933	0.5533
89633371	0.5830	0.2895	0.5023
89633372	0.3000	0.0712	0.7562
89633373	0.6527	0.2454	0.6989
89633374	0.4797	0.1075	-0.0930
89633375	0.3746	0.0156	0.1398
89633376	0.4376	0.1517	-0.5397
89633377	0.5852	0.2624	-0.1479
89633378	0.5972	0.4255	-0.1780
89633379	0.8516	0.1030	-0.4669
89633380	0.4325	-0.0216	-0.3224
89633381	0.7892	0.1847	-0.1529
89633382	0.6032	0.2621	-0.2271
89633383	0.6858	0.2093	-0.4151
89633384	1.0852	0.1507	0.1641
89633385	0.8256	0.1733	-0.6595
89633386	1.0745	0.4043	-0.0255
89633387	0.9057	0.5574	0.0494
89633388	0.8502	0.4818	-0.1402
89633389	0.6948	0.5107	-0.1252
89633390	0.5370	0.6975	-0.3761
89633391	0.9735	0.5346	-0.5844
89633392	0.7879	0.3865	-0.1248
89633393	0.8440	0.8713	-0.0460
89633394	0.7264	0.7139	-0.2729
89633395	0.7167	0.2544	-0.0592
89633396	0.8917	0.4366	-0.0148
89633397	0.9738	0.4829	0.3205
89633398	0.8692	0.2986	0.3562
89633399	0.5728	0.3002	-0.2708
89633400	0.6704	-0.0446	0.5123
89633401	1.0088	0.4634	0.8363
89633402	0.9017	0.4533	0.5437
89633403	0.6526	0.4954	0.4124
89633404	1.0372	0.7753	0.2839
89633405	1.1147	0.2316	0.9281
89633406	1.1839	0.2223	0.3836
89633407	0.7837	0.1166	0.5382
89633408	0.2055	-0.4428	-0.3095
89633409	0.8480	0.2858	0.8734
89633410	0.5109	-0.2984	0.2565
89633411	0.8028	-0.1567	0.1962
89633412	0.5282	-0.2916	0.2427
89633413	0.9726	-0.0392	0.7712
89633414	0.7539	0.0540	0.8737
89633415	0.6588	-0.1716	0.3073
89633416	0.6253	0.1121	0.4631
89633417	0.8490	-0.1760	0.0837
89633418	0.5260	-0.1243	0.2240
89633419	0.5844	0.1221	0.1850
89633420	0.5372	0.2423	0.4355
89633421	0.7329	0.1377	0.7483
89633422	0.6173	-0.1891	-0.0103
89633423	0.2902	-0.2323	-1.0899
89633424	0.4724	-0.1262	-0.2937
89633425	0.7968	0.0149	0.2703
89633426	0.6401	-0.3091	0.3081
89633427	0.7725	-0.2429	0.6804
89633428	0.7308	-0.1995	0.6323
89633429	0.8286	0.0617	1.8500
89633430	0.6967	0.0490	1.0949
89633431	0.7996	0.2219	1.5407
89633432	0.4864	0.0221	1.0694
89633433	0.5482	-0.0370	1.1408
89633434	0.5292	0.1360	1.3519
89633435	0.2951	0.2761	0.6854
89633436	0.4217	0.3789	0.9714
89633437	0.0720	0.1595	0.2674
89633438	0.1549	-0.0921	0.4449
89633439	0.3324	0.1618	0.6431
89633440	0.4351	0.0374	0.8049
89633441	0.3736	0.0891	1.0643
89633442	0.2328	-0.1497	0.9062
89633443	0.4652	-0.3035	1.3676
89633444	0.6747	-0.1780	1.8945
89633445	0.2016	-0.4261	1.2570
89633446	0.3246	-0.0789	2.1147
89633447	0.1342	-0.2807	1.6052
89633448	0.1958	-0.0197	1.2328
89633449	0.4197	0.4144	1.4826
89633450	0.0158	0.2107	0.5833
89633451	0.1791	0.3615	0.3468
89633452	0.1414	0.4214	-0.1031
89633453	0.1708	0.4645	0.3621
89633454	0.2678	0.3029	0.3925
89633455	0.3110	0.2313	0.4287
89633456	0.3339	0.7155	0.4371
89633457	0.2441	0.6591	0.3178
89633458	0.6029	0.1380	0.7601
89633459	0.6031	0.1954	0.3740
89633460	0.7574	0.0312	0.4311
89633461	0.6741	0.0929	0.5014
89633462	0.5559	0.0868	0.5252
89633463	0.5474	0.1686	0.3739
89633464	0.9563	0.2345	0.5012
89633465	0.9232	0.7118	0.2784
89633466	0.9618	0.4858	0.5895
89633467	0.7789	0.5219	0.6799
89633468	0.5424	0.4295	0.3806
89633469	0.6716	0.3799	0.1606
89633470	0.5388	0.3646	0.6083
89633471	0.5925	0.3794	0.8569
89633472	0.5162	0.0873	0.3564
89633473	0.5081	-0.2174	0.0905
89633474	0.6351	0.2894	0.4577
89633475	0.7340	0.2418	0.1022
89633476	0.4784	-0.0850	1.2225
89633477	0.6895	-0.0979	0.6991
89633478	0.4042	-0.0957	0.8343
89633479	0.7045	0.2599	0.0580
89633480	0.6317	-0.1508	0.3295
89633481	0.7435	0.1096	0.6016
89633482	0.7967	0.2314	0.7578
89633483	0.7040	0.6195	0.9036
89633484	0.8550	0.1883	1.2125
89633485	0.6121	-0.0732	1.4868
89633486	0.6430	0.4576	1.5417
89633487	0.6282	0.2553	1.5698
89633488	0.3271	0.0467	0.9407
89633489	0.2164	-0.3145	0.9280
89633490	0.3518	0.5222	1.7215
89633491	-0.1066	0.1644	1.3243
89633492	-0.0739	0.1827	0.9851
89633493	0.0222	0.0720	1.4315
89633494	0.2135	0.1906	1.7976
89633495	-0.0988	0.0308	1.5175
89633496	0.2763	0.0580	2.2611
89633497	0.2128	0.1908	1.6122
89633498	0.1629	0.0943	1.6724
89633499	-0.0319	-0.1715	1.5822
89633500	0.1115	0.2100	1.3678
89633501	0.2488	-0.1682	0.8121
89633502	0.4330	0.0581	0.9333
89633503	0.1821	-0.2715	0.7028
89633504	0.1953	-0.0599	0.7333
89633505	0.2091	-0.1124	0.5291
89633506	0.1199	-0.1265	0.6913
89633507	0.3794	-0.2579	1.8050
89633508	0.3513	-0.3259	1.4160
89633509	0.0471	-0.0350	1.1061
89633510	0.4407	0.0330	1.6682
89633511	0.4554	-0.1263	1.1130
89633512	0.3526	-0.2647	1.0531
89633513	0.5481	-0.1259	1.3806
89633514	0.3429	-0.1159	1.6542
89633515	0.6140	-0.2819	1.1611
89633516	0.9353	0.1225	1.9313
89633517	0.6667	-0.0141	2.2038
89633518	0.4418	-0.3477	1.6640
89633519	0.4296	-0.1344	1.4512
89633520	0.5212	0.0339	2.0361
89633521	0.3477	-0.2070	1.6153
89633522	0.8456	-0.2864	2.0023
89633523	0.5378	-0.1181	1.6930
89633524	0.3239	-0.4821	1.9515
89633525	0.5925	-0.0342	1.8314
89633526	0.5996	0.1099	1.0149
89633527	0.2619	0.1167	0.9850
89633528	0.5172	0.2647	1.4066
89633529	0.7203	-0.1015	1.3704
89633530	0.5094	0.0492	0.9572
89633531	0.3284	0.2432	1.1057
89633532	0.5844	0.4362	1.3542
89633533	0.5780	0.2499	0.9203
89633534	0.7563	0.2766	1.2401
89633535	0.4582	-0.2427	0.5923
89633536	0.6978	0.0192	1.1797
89633537	0.6171	0.0650	0.7027
89633538	0.2519	0.2034	0.3874
89633539	0.7390	0.0164	1.2635
89633540	0.7205	0.0035	0.7113
89633541	0.8537	-0.0766	1.2605
89633542	0.6569	-0.4252	0.4897
89633543	0.4636	-0.2420	0.5312
89633544	0.4006	-0.2182	0.8260
89633545	0.4636	0.1526	1.2337
89633546	0.5925	0.4710	1.6082
89633547	0.4625	0.1492	0.7159
89633548	0.3353	-0.2088	0.3717
89633549	0.4179	0.1593	0.2030
89633550	0.4814	-0.0974	0.9873
89633551	0.7783	0.3832	1.4216
89633552	0.4545	-0.0510	1.3735
89633553	0.3931	-0.0190	1.2083
89633554	0.3312	-0.2779	0.8331
89633555	0.6657	-0.0227	1.7045
89633556	0.3271	-0.0486	0.9595
89633557	0.2842	0.0624	1.6002
89633558	0.0696	0.0768	1.5350
89633559	-0.1360	-0.5370	1.1715
89633560	0.1868	-0.3582	1.5466
89633561	0.1001	-0.4195	1.3739
89633562	-0.0048	-0.3637	1.7025
89633563	0.1665	-0.1362	1.4706
89633564	0.4983	-0.3622	1.8074
89633565	0.9234	0.4490	2.2041
89633566	0.2412	0.0058	1.9166
89633567	0.3094	0.0411	1.7499
89633568	0.2284	-0.0921	1.2248
89633569	0.4082	-0.1544	1.2368
89633570	0.3951	-0.1205	1.8589
89633571	0.3550	0.0276	1.3199
89633572	0.1681	0.1421	1.4833
89633573	0.1598	-0.2588	1.2990
89633574	0.1822	0.0440	1.6755
89633575	0.0972	-0.4285	1.3852
89633576	0.2152	-0.1245	1.5139
89633577	0.0734	-0.2249	1.2188
89633578	0.3068	-0.2679	0.6748
89633579	0.4676	-0.3182	0.4406
89633580	0.5613	0.4120	1.4274
89633581	0.6959	0.6016	1.5564
89633582	0.3387	0.4540	1.4117
89633583	0.6536	-0.0108	1.2638
89633584	0.4244	-0.0462	1.9761
89633585	0.4135	-0.1865	1.3692
89633586	0.5931	0.0721	1.9263
89633587	0.5094	0.2475	1.6542
89633588	0.6818	0.5232	1.9409
89633589	0.1531	0.0181	0.5061
89633590	0.2515	0.0682	0.6958
89633591	0.5262	0.3126	0.9266
89633592	0.4374	0.5108	0.5462
89633593	0.5370	0.4806	1.3952
89633594	0.2674	0.3633	0.6077
89633595	0.4377	0.4071	0.6628
89633596	0.8814	0.4952	1.7469
89633597	0.4769	0.4447	1.7679
89633598	0.4660	0.2661	2.0261
89633599	0.5809	0.3887	1.7926
89633600	0.7827	0.2727	1.7556
89633601	0.5508	0.5737	1.8014
89633602	0.4225	0.4446	1.3052
89633603	0.3882	0.4851	1.9605
89633604	0.3215	0.3889	1.6447
89633605	0.3532	0.3875	1.8199
89633606	0.2045	0.5039	1.2733
89633607	0.4583	0.6789	2.0242
89633608	0.2804	0.5104	1.1416
89633609	0.1849	0.3501	1.2251
89633610	0.5626	0.5990	1.9890
89633611	0.7934	0.6779	1.9368
89633612	0.6389	-0.2802	0.5264
89633613	0.3945	0.1190	1.1123
89633614	0.3869	-0.0583	1.3689
89633615	0.5824	-0.0471	1.4981
89633616	0.4944	-0.5633	0.8939
89633617	0.5857	-0.2533	2.0539
89633618	0.4056	-0.6861	1.7952
89633619	0.5939	-0.0579	1.5905
89633620	0.0633	-0.5589	0.8568
89633621	0.8227	0.1188	2.0292
89633622	0.6218	-0.5226	1.3416
89633623	1.0189	-0.1629	1.6261
89633624	0.6289	-0.3652	0.2254
89633625	0.7431	-0.1013	0.5395
89633626	0.8935	-0.1754	0.8094
89633627	0.7096	-0.2469	1.4131
89633628	0.5873	-0.2699	1.0970
89633629	0.7926	-0.4160	0.9318
89633630	0.7035	-0.2705	1.6767
89633631	0.4883	-0.5962	1.0663
89633632	0.7381	-0.3217	2.1150
89633633	0.3807	-0.6820	2.3455
89633634	0.1878	-0.2047	1.9943
89633635	0.1042	-0.2940	1.4973
89633636	0.6646	0.0020	1.8505
89633637	0.8379	0.0436	1.9364
89633638	0.4343	0.1566	1.2826
89633639	0.6709	0.2511	1.8311
89633640	1.1090	0.1753	1.3911
89633641	0.8592	0.1207	1.6454
89633642	0.7815	0.0633	1.6169
89633643	1.0938	0.1430	1.7132
89633644	1.0505	0.0394	2.0210
89633645	0.4595	-0.3278	1.6337
89633646	-0.1005	-0.8214	1.2664
89633647	0.1483	-0.6548	1.0915
89633648	0.4339	-0.6478	1.8526
89633649	0.1053	-0.8647	0.9434
89633650	0.5068	-0.4061	1.6612
89633651	0.5136	-0.4416	1.3153
89633652	0.3389	-0.5015	0.7724
89633653	0.4965	-0.4794	1.3903
89633654	0.2018	-0.4539	1.4384
89633655	0.1862	-0.4498	1.4537
89633656	0.3846	-0.6891	1.3197
89633657	0.8710	-0.4764	1.6579
89633658	0.4175	-1.2027	0.5557
89633659	0.6573	-0.5907	0.5589
89633660	0.2524	-0.8135	1.1153
89633661	0.2860	-0.5283	0.9063
89633662	0.4117	-0.6540	1.1651
89633663	0.2958	-0.3176	0.8451
89633664	0.5461	-0.0278	1.3107
89633665	0.2935	0.2926	0.8958
89633666	0.1228	0.0600	1.6571
89633667	-0.1048	-0.0587	1.7350
89633668	-0.0323	-0.2777	1.0535
89633669	0.3012	0.0361	1.6725
89633670	0.0030	-0.0938	1.6986
89633671	0.2504	-0.1081	1.2889
89633672	0.4636	-0.3689	1.4241
89633673	0.2970	-0.3192	1.3110
89633674	0.7523	0.0611	2.2912
89633675	0.3978	-0.2850	1.3677
89633676	0.5107	-0.0454	2.1871
89633677	0.3494	-0.3072	2.2631
89633678	-0.2504	-0.3194	1.3329
89633679	0.0697	-0.4870	0.7755
89633680	0.4321	0.0421	1.0953
89633681	0.7179	0.2013	1.9240
89633682	0.4168	0.4408	1.7604
89633683	0.6177	0.2534	1.0923
89633684	0.4251	-0.1015	1.2068
89633685	0.4417	0.0216	1.3371
89633686	0.7119	-0.0309	1.3345
89633687	0.7448	0.2949	1.4610
89633688	0.6962	-0.0421	1.4796
89633689	0.3977	-0.3199	1.1313
89633690	0.3115	-0.6403	0.6726
89633691	0.2456	-0.2224	1.2886
89633692	0.3800	-0.0317	1.1131
89633693	0.3003	0.2429	1.5092
89633694	-0.0447	-0.5725	-0.3599
89633695	0.0266	-0.9507	-1.0438
89633696	0.3888	-0.1287	0.9638
89633697	0.7330	0.4028	2.0354
89633698	0.6846	0.1704	1.7290
89633699	0.3476	-0.5204	0.6770
89633700	0.0043	-0.5618	0.7971
89633701	0.5594	-0.2723	2.2379
89633702	0.5931	-0.7084	1.9699
89633703	0.4065	-0.7499	1.5139
89633704	0.3499	-0.3901	2.0443
89633705	0.5848	-0.4668	1.9909
89633706	0.4917	-0.2350	2.1318
89633707	0.5808	-0.4625	1.6506
89633708	0.8322	-0.0152	1.6474
89633709	0.4999	-0.2135	0.9099
89633710	0.1392	-0.3528	0.4741
89633711	0.5868	0.0538	1.8858
89633712	0.6405	-0.1021	1.5313
89633713	0.3254	0.0723	1.1095
89633714	0.2260	0.1096	1.1853
89633715	0.2502	-0.3383	1.1263
89633716	0.3678	-0.5808	1.1817
89633717	0.9921	-0.3934	1.8701
89633718	0.8638	-0.4958	1.8544
89633719	0.6712	-0.4266	1.1814
89633720	0.5581	-0.9094	0.3146
89633721	1.2204	-0.3585	1.4490
89633722	1.0441	-0.3402	1.5074
89633723	1.2473	0.0051	1.1746
89633724	0.8573	-0.2900	1.4940
89633725	0.8254	-0.3951	1.0983
89633726	0.7299	-0.1648	1.2653
89633727	0.8177	-0.1169	0.8465
89633728	1.2278	0.6633	1.7763
89633729	0.7938	0.1509	0.8720
89633730	0.6099	-0.2040	1.1350
89633731	0.8930	0.1360	1.2603
89633732	0.4095	-0.3439	1.3821
89633733	0.6957	-0.2178	1.3931
89633734	0.5448	-0.2625	1.6830
89633735	1.0777	0.0968	3.0356
89633736	0.9508	-0.1661	2.6127
89633737	0.9743	0.0211	1.7895
89633738	0.6621	-0.3074	1.3001
89633739	0.9032	0.0025	2.0646
89633740	0.8727	-0.3082	1.7266
89633741	0.7216	-0.2149	1.8179
89633742	0.6767	-0.2687	1.6042
89633743	0.7309	-0.0397	1.9434
89633744	0.5934	0.0655	1.2764
89633745	0.7123	0.0124	2.1410
89633746	0.5960	0.0245	2.6705
89633747	0.9485	-0.1398	1.9361
89633748	0.2594	-0.4166	1.9080
89633749	0.4219	-0.4197	1.8537
89633750	0.1480	-0.1681	1.7201
89633751	0.8689	-0.0562	2.1101
89633752	0.7145	-0.1538	2.1478
89633753	0.1090	-0.8251	0.8286
89633754	0.5415	-0.3356	1.4427
89633755	0.3895	-0.2735	1.7005
89633756	0.6490	-0.1961	2.0542
89633757	0.4605	-0.4828	1.4441
89633758	0.7323	-0.2879	1.4277
89633759	0.7658	-0.0729	1.3119
89633760	0.4580	-0.2631	1.4967
89633761	0.5380	-0.1527	1.1503
89633762	0.8361	-0.2000	2.0331
89633763	0.7649	-0.2239	2.1673
89633764	0.4810	-0.3307	1.4835
89633765	0.4154	-0.3349	1.8193
89633766	0.4474	-0.2454	0.9945
89633767	1.0636	0.1312	2.0074
89633768	0.7180	0.0117	1.4012
89633769	1.2305	0.0917	1.4862
89633770	0.6105	0.1220	1.2925
89633771	0.0913	-0.0208	0.5540
89633772	0.4793	0.0462	0.4100
89633773	-0.0439	-0.3935	-0.3342
89633774	0.5224	0.0082	1.1129
89633775	0.5533	0.5337	1.4812
89633776	0.6684	0.3797	0.9852
89633777	0.4012	0.0198	0.4676
89633778	0.2485	0.2216	0.7996
89633779	0.4423	0.3956	0.8269
89633780	0.3839	0.0399	1.4466
89633781	0.6055	-0.0432	2.2542
89633782	0.4406	0.0776	2.1270
89633783	0.6310	0.1655	1.9378
89633784	0.2829	0.1637	1.6031
89633785	0.3291	-0.1429	1.6429
89633786	0.6751	-0.0514	2.0519
89633787	0.4455	0.2859	2.0627
89633788	0.2253	0.1251	1.4188
89633789	0.4963	0.0324	0.8584
89633790	0.3389	-0.1027	1.6195
89633791	-0.0292	-0.1594	1.1350
89633792	0.0262	-0.4832	1.0672
89633793	0.3405	-0.3465	1.1945
89633794	0.6146	0.0971	0.9736
89633795	0.5609	-0.1921	1.5194
89633796	0.4333	-0.1052	1.4899
89633797	0.6266	-0.3951	1.6025
89633798	0.0704	-0.4597	1.5242
89633799	0.1970	-0.4374	1.8639
89633800	0.3328	-0.4850	1.4302
89633801	0.0095	-0.4604	1.1560
89633802	0.1884	0.0695	1.0944
89633803	0.3500	0.0887	1.1275
89633804	0.4212	0.0547	1.1007
89633805	0.4636	0.0345	0.7123
89633806	0.6503	0.5560	1.3667
89633807	0.8787	0.4602	1.4896
89633808	0.6773	0.3566	1.4406
89633809	0.5496	0.3450	1.4397
89633810	0.6775	0.2259	2.2732
89633811	0.3926	-0.1184	1.3830
89633812	0.4577	-0.2104	1.8381
89633813	0.6488	-0.0491	1.7169
89633814	0.7859	0.3954	2.0525
89633815	0.7988	0.0136	1.6156
89633816	0.7296	0.2637	1.5725
89633817	0.2076	0.2473	1.1588
89633818	0.3671	0.3311	0.9986
89633819	0.3571	-0.0708	0.8296
89633820	0.4332	0.4774	1.3157
89633821	0.5349	0.1370	1.8323
89633822	0.5359	0.1847	2.0266
89633823	0.6520	0.0163	1.8417
89633824	0.3371	-0.1271	1.0017
89633825	-0.0129	-0.1856	0.9878
89633826	0.1551	0.0169	1.4095
89633827	0.3455	-0.2833	1.7967
89633828	0.5727	-0.0244	1.6189
89633829	0.2119	-0.1262	1.9447
89633830	0.0918	0.1968	1.8293
89633831	-0.2933	-0.3900	1.4611
89633832	0.5728	0.1712	3.5900
89633833	0.4281	-0.1422	2.7899
89633834	0.2236	-0.4459	2.9988
89633835	0.1165	-0.8163	1.6407
89633836	0.0122	-0.5623	1.3920
89633837	0.4100	0.0975	2.4179
89633838	0.3273	-0.1105	2.1407
89633839	0.1088	-0.4817	1.9597
89633840	0.1750	0.0012	1.9908
89633841	0.2710	-0.2313	2.2921
89633842	0.3830	0.0183	1.8485
89633843	0.0656	-0.1642	1.3737
89633844	0.0220	-0.1626	0.9638
89633845	0.2271	0.1107	2.3833
89633846	0.5677	-0.0619	2.4093
89633847	-0.0424	-0.8867	0.0377
89633848	0.9344	0.0989	2.5592
89633849	0.9304	0.0788	2.0790
89633850	1.1106	0.5278	2.4908
89633851	0.1464	-0.9813	-0.3880
89633852	1.0068	0.4060	1.9128
89633853	0.2548	-0.2137	-0.2974
89633854	1.0099	0.8879	2.8949
89633855	0.2383	-0.0843	1.2345
89633856	0.3553	-0.0121	1.1959
89633857	0.5482	0.3652	1.4748
89633858	0.3938	0.4311	1.9739
89633859	0.2260	0.1646	1.1507
89633860	0.0813	0.0327	1.1569
89633861	0.3959	0.3893	0.7619
89633862	0.2670	0.2455	0.4074
89633863	0.6546	0.3715	0.8950
89633864	0.1914	-0.0379	0.3239
89633865	0.8982	0.9602	2.2373
89633866	0.2682	-0.3338	-0.0133
89633867	0.2479	0.0061	0.3689
89633868	0.3282	-0.3902	0.9849
89633869	0.1992	-0.1958	0.9315
89633870	0.1405	-0.2717	1.4642
89633871	0.3492	-0.1097	1.6590
89633872	0.3875	-0.1613	2.1783
89633873	0.1587	-0.2252	1.8196
89633874	-0.0207	-0.3124	1.8439
89633875	0.4312	0.1727	3.3811
89633876	-0.0870	-0.5703	1.0863
89633877	-0.0687	-0.6249	0.7079
89633878	0.5632	0.2540	2.9023
89633879	0.4290	0.1862	2.2228
89633880	-0.0632	-0.7223	0.1501
89633881	-0.0689	-0.7120	0.3657
89633882	0.6850	0.3052	2.8124
89633883	0.7987	0.3698	3.1952
89633884	0.1622	-0.7138	0.8344
89633885	-0.2639	-0.8374	0.2639
89633886	-0.0486	-0.6669	1.0038
89633887	0.5716	0.1993	3.1570
89633888	0.8915	0.1529	3.4501
89633889	-0.0538	-0.4559	1.7533
89633890	-0.1314	-0.5497	1.2015
89633891	0.1798	-0.3455	1.9588
89633892	-0.0337	-0.1289	1.6070
89633893	-0.0834	0.2655	1.6837
89633894	0.1519	0.1650	1.9279
89633895	0.0273	0.1300	1.2746
89633896	0.0573	-0.1567	1.3700
89633897	0.1905	0.2489	2.6463
89633898	-0.2183	-0.3040	1.4178
89633899	0.8339	0.5336	3.9193
89633900	0.3479	0.0473	2.5942
89633901	0.0926	-0.7138	1.3911
89633902	-0.0029	-0.3106	1.1142
89633903	0.3434	-0.1508	1.3951
89633904	1.1459	0.8882	3.9768
89633905	0.0520	-0.1021	0.7040
89633906	0.4460	0.3332	1.4176
89633907	0.2676	-0.3837	-0.4689
89633908	0.9080	0.6182	2.2340
89633909	1.2473	1.3247	2.7973
89633910	1.1808	1.3957	3.3463
89633911	0.2065	0.1973	0.4212
89633912	0.2386	0.1567	1.1816
89633913	-0.0129	-0.0950	0.8880
89633914	-0.0902	0.1393	1.1525
89633915	-0.0145	0.2217	1.1030
89633916	0.4206	0.6518	2.8778
89633917	0.5867	0.5677	2.7327
89633918	0.6750	0.2867	2.5763
89633919	0.9163	0.6785	2.6385
89633920	0.3658	0.6359	2.1130
89633921	0.2601	0.4462	1.5533
89633922	-0.4029	-0.2857	0.0537
89633923	0.5174	1.2923	3.0491
89633924	0.3082	0.0629	2.0042
89633925	0.5402	0.0570	2.9483
89633926	0.1329	0.1570	2.3548
89633927	0.0202	0.2028	1.6516
89633928	-0.0189	0.1007	1.0368
89633929	0.4747	0.1953	2.9014
89633930	0.5184	-0.1484	1.0018
89633931	0.9774	0.5630	2.4075
89633932	0.8150	0.6490	2.2307
89633933	0.1510	-0.2973	0.5499
89633934	0.9977	0.5326	2.2691
89633935	0.3715	0.2271	0.5113
89633936	0.6987	0.7153	1.9430
89633937	0.4170	0.2018	1.3525
89633938	0.1501	-0.4495	-0.2586
89633939	0.4472	-0.0538	1.1873
89633940	0.9853	0.8840	3.8797
89633941	-0.3871	-0.5245	1.3368
89633942	0.9880	0.7872	4.2043
89633943	-0.1397	-0.6030	0.9194
89633944	0.8019	0.7964	3.7911
89633945	-0.1232	-0.5458	0.4674
89633946	0.6254	0.6065	3.0560
89633947	0.6398	0.9377	2.0035
89633948	0.6763	0.9952	2.2164
89633949	0.5513	0.0591	1.8658
89633950	0.2791	-0.1589	1.2972
89633951	0.4316	0.2523	1.9467
89633952	0.5095	0.0344	2.0002
89633953	0.2974	-0.5381	1.8795
89633954	0.2573	-0.7611	1.4745
89633955	0.2295	-0.5651	0.8756
89633956	0.6211	-0.3227	1.0627
89633957	0.7901	-0.1372	1.9947
89633958	0.2029	-0.5596	0.9912
89633959	0.5406	-0.4436	1.5998
89633960	0.6950	-0.1370	1.9287
89633961	0.6251	-0.3070	1.5333
89633962	0.7557	-0.1275	2.0155
89633963	0.6568	0.1089	2.2488
89633964	0.2608	-0.0912	1.1862
89633965	0.0302	-0.5603	1.5936
89633966	0.0516	-0.9164	1.4265
89633967	0.3694	-0.2430	1.8281
89633968	0.1095	-0.4973	1.7866
89633969	0.0624	-0.5765	1.2322
89633970	0.0192	-0.8114	1.0199
89633971	0.4636	0.0260	1.7333
89633972	0.4143	-0.1553	1.3455
89633973	0.5366	0.1013	1.5528
89633974	0.3909	-0.2177	0.8279
89633975	0.8947	0.4225	1.5696
89633976	0.8453	0.2217	1.0356
89633977	0.9550	0.6979	1.9613
89633978	0.3561	0.0080	0.2970
89633979	0.6893	0.0656	0.9869
89633980	0.6386	0.2063	0.9335
89633981	0.6590	0.5395	1.6137
89633982	0.4232	0.3499	0.2281
89633983	0.7764	0.6015	0.8826
89633984	0.8966	0.4646	1.3093
89633985	0.5983	0.6521	1.3426
89633986	0.4729	0.4541	0.9242
89633987	0.7714	0.4937	1.3190
89633988	0.9997	0.7405	1.0737
89633989	0.9890	0.6094	1.0480
89633990	0.9995	0.6791	0.8620
89633991	0.9399	0.5961	0.8297
89633992	0.4776	0.5874	-0.0466
89633993	0.8830	0.5793	1.0961
89633994	1.0023	0.2181	1.1748
89633995	0.9145	0.1953	1.0447
89633996	1.0710	0.4077	1.3468
89633997	0.9421	0.4257	1.5975
89633998	0.4523	0.1564	1.2048
89633999	0.9229	0.3918	2.2282
89634000	1.4130	0.5921	3.2133
89634001	0.8773	0.1656	1.3605
89634002	0.7134	-0.0757	0.9233
89634003	0.5262	0.4174	1.0967
89634004	0.5633	0.3042	1.5737
89634005	0.6247	0.0810	1.1882
89634006	0.4859	-0.2740	1.9617
89634007	0.2458	-0.0768	1.7094
89634008	0.3423	-0.1986	2.3537
89634009	0.3051	-0.0711	2.4367
89634010	0.3241	-0.1676	2.1937
89634011	0.4299	0.1412	2.9370
89634012	0.7165	0.3399	2.5505
89634013	0.3971	0.1428	2.3206
89634014	0.6727	0.5865	2.1810
89634015	0.7630	0.8013	2.6241
89634016	0.6281	0.2613	2.4491
89634017	0.3895	0.0024	2.8461
89634018	0.2355	-0.0307	1.9944
89634019	0.4600	0.2650	1.7539
89634020	0.7233	0.6042	2.7743
89634021	0.2400	0.3864	1.6619
89634022	0.5254	0.4036	2.7159
89634023	-0.3034	0.0613	1.7306
89634024	0.0572	0.2243	2.4912
89634025	-0.0214	-0.1245	1.7403
89634026	0.3822	0.5162	2.3685
89634027	0.8554	0.4486	2.7760
89634028	0.6463	0.5934	1.9098
89634029	0.6129	0.6029	2.0874
89634030	0.3084	0.4150	1.9021
89634031	0.2530	0.2803	1.7552
89634032	0.0847	0.3836	1.3828
89634033	0.2339	0.3488	2.0385
89634034	0.2745	0.4039	2.1958
89634035	0.7704	0.6375	2.0841
89634036	0.3885	0.2904	1.4197
89634037	0.6263	0.2888	2.2976
89634038	0.4922	0.3694	2.2910
89634039	0.5319	0.4162	2.0975
89634040	0.4654	0.2901	1.6195
89634041	0.5639	0.2863	2.2499
89634042	0.5375	-0.0893	2.4540
89634043	0.6350	0.1552	2.8759
89634044	0.6465	0.0132	2.1735
89634045	0.4366	0.0678	2.2735
89634046	0.1011	0.4195	1.8035
89634047	0.8008	0.5395	2.1587
89634048	0.4679	0.3080	1.5354
89634049	0.6543	0.4541	1.5124
89634050	0.2341	0.4440	1.1412
89634051	0.5390	0.4454	2.2027
89634052	0.1986	0.1368	1.4378
89634053	0.1237	-0.2225	2.3665
89634054	0.2541	-0.5217	2.1220
89634055	0.3513	-0.0542	2.5770
89634056	0.2887	0.0477	2.2626
89634057	0.2792	0.1407	2.7768
89634058	-0.1468	0.1020	1.8682
89634059	0.5443	0.4350	2.3427
89634060	0.5700	0.7646	2.8353
89634061	0.3849	0.6589	1.4470
89634062	0.2446	0.6998	1.6435
89634063	0.5499	0.5350	2.1369
89634064	0.5260	0.4363	2.1429
89634065	0.2188	0.2365	1.7354
89634066	-0.3519	-0.1400	1.6084
89634067	-0.1374	-0.1248	1.6265
89634068	0.2384	0.1235	2.0932
89634069	0.3468	0.0521	1.7935
89634070	0.4910	0.2835	2.0966
89634071	0.4887	0.4794	2.5352
89634072	-0.1213	0.2412	1.3702
89634073	0.3894	0.3255	2.0613
89634074	0.2897	0.3601	2.5091
89634075	0.4242	0.5704	2.6851
89634076	-0.0177	0.0767	1.6780
89634077	-0.0556	0.1374	1.9610
89634078	-0.0519	0.0109	2.2100
89634079	-0.0818	-0.1783	1.5437
89634080	0.7990	0.0458	2.8977
89634081	0.4884	0.0709	2.1800
89634082	0.7674	0.1931	2.2548
89634083	0.2933	-0.0319	1.7024
89634084	0.9265	-0.0396	2.2194
89634085	0.6130	0.1254	1.9350
89634086	0.3194	0.0221	1.5579
89634087	0.1648	-0.3200	1.2137
89634088	0.0557	-0.2243	1.8299
89634089	0.3021	0.0724	1.8752
89634090	0.3854	-0.0091	3.1448
89634091	0.3404	-0.3246	2.3297
89634092	0.5157	-0.1965	2.6319
89634093	0.8597	0.1076	2.4511
89634094	0.3637	0.0281	2.1395
89634095	0.4401	-0.0332	2.2937
89634096	0.6689	-0.1049	2.9852
89634097	-0.1928	-0.6225	1.2063
89634098	0.3645	-0.3474	2.2427
89634099	0.6776	-0.3353	2.6559
89634100	0.7737	-0.2768	2.1368
89634101	0.2765	-0.2913	1.3639
89634102	0.1436	-0.1660	1.2203
89634103	0.4609	-0.0872	1.0725
89634104	0.2319	-0.2093	0.9203
89634105	0.3987	0.1285	1.8191
89634106	0.8660	0.0879	2.3722
89634107	0.2728	0.0413	1.6549
89634108	0.4600	0.1689	2.1670
89634109	0.4322	-0.3118	1.2575
89634110	0.2744	-0.3126	1.8185
89634111	-0.0199	-0.4084	0.9143
89634112	0.7590	0.0383	1.6044
89634113	1.1604	0.2887	2.0933
89634114	0.9571	0.2981	1.9295
89634115	0.2220	-0.1796	0.5740
89634116	0.5542	0.0797	0.5384
89634117	0.2732	0.1592	1.2648
89634118	0.6893	0.7233	1.4732
89634119	0.3586	0.4321	1.0739
89634120	0.1906	0.3234	0.9892
89634121	0.3365	0.5197	1.1301
89634122	0.5967	0.5759	1.0367
89634123	0.7807	0.4430	0.7999
89634124	0.7535	0.1199	1.0061
89634125	1.6840	0.6135	2.1972
89634126	1.6554	0.3678	1.6667
89634127	1.2150	0.2605	1.4571
89634128	1.2116	0.0436	0.7238
89634129	1.5061	0.6725	1.2508
89634130	1.7056	0.9843	1.4335
89634131	1.0946	0.8902	0.9453
89634132	1.7020	0.8672	0.9354
89634133	2.0393	1.1305	0.6860
89634134	2.3525	0.9219	0.3479
89634135	2.3913	0.8215	0.7415
89634136	2.5877	0.9239	0.9014
89634137	3.1507	1.2845	1.8969
89634138	2.9983	1.1737	1.7262
89634139	3.1058	0.7966	2.2932
89634140	2.4886	0.8555	1.4599
89634141	2.5669	0.7086	1.7833
89634142	2.3502	0.9751	1.8057
89634143	1.8761	0.7188	1.4566
89634144	2.2268	1.3454	2.0115
89634145	1.5844	0.8376	1.7449
89634146	1.6176	0.6811	1.4604
89634147	1.5708	0.7268	1.3955
89634148	1.9471	0.5824	2.1102
89634149	1.9554	0.8587	2.1140
89634150	1.8330	0.7547	1.9761
89634151	1.2318	0.6669	1.2766
89634152	1.6698	0.5351	1.6710
89634153	1.4523	0.7746	1.3651
89634154	1.1381	0.7368	1.2146
89634155	1.5832	1.0737	1.6596
89634156	1.9059	1.0659	2.0970
89634157	1.4422	0.5963	1.3506
89634158	1.3993	0.7681	1.4449
89634159	1.2973	0.7261	1.4432
89634160	1.5218	0.7206	1.6593
89634161	1.8112	0.8449	1.7005
89634162	1.6667	0.7756	1.3897
89634163	1.2185	0.6518	0.9170
89634164	1.3372	0.4983	1.2659
89634165	1.2976	0.2396	1.5680
89634166	1.4387	0.1612	1.9629
89634167	1.1504	0.2187	1.5063
89634168	0.9602	-0.1001	1.7659
89634169	0.7413	-0.3691	1.7395
89634170	0.5022	-0.2056	2.0490
89634171	0.0174	-0.4944	2.0635
89634172	0.1080	-0.4646	2.4596
89634173	-0.9316	-1.0141	1.9702
89634174	-0.9199	-1.1100	2.6902
89634175	-1.3394	-1.2803	2.2675
89634176	-1.2842	-0.9960	2.9183
89634177	-1.7553	-1.2970	2.1220
89634178	-1.5661	-1.2534	2.4869
89634179	-2.0244	-1.2822	1.8700
89634180	-2.1307	-1.6114	2.4720
89634181	-2.1873	-1.6026	2.0146
89634182	-2.2934	-1.6136	2.1746
89634183	-2.3150	-2.0118	1.8253
89634184	-2.7595	-2.2205	1.8117
89634185	-2.3965	-2.0959	1.7271
89634186	-2.5798	-2.3051	1.3905
89634187	-2.5464	-2.2980	1.5749
89634188	-2.3463	-2.0301	1.4114
89634189	-1.9043	-1.7758	1.8293
89634190	-1.4676	-1.5959	1.9086
89634191	-1.4967	-1.2307	1.4613
89634192	-1.2266	-1.1268	1.4480
89634193	-0.8231	-0.9071	2.0530
89634194	-0.8298	-0.8611	1.1775
89634195	-0.0259	0.0360	1.4484
89634196	0.1033	-0.0108	1.3467
89634197	0.9410	0.6095	1.7492
89634198	1.6466	0.7463	2.0717
89634199	2.0254	1.0720	2.0909
89634200	2.0353	1.1427	1.7883
89634201	2.6059	1.5398	2.1035
89634202	2.7265	1.9328	2.1012
89634203	2.9077	2.0646	1.8720
89634204	3.2236	2.3429	2.2408
89634205	3.4145	2.8604	2.2520
89634206	2.9633	2.5150	1.6612
89634207	2.5827	2.3199	1.0754
89634208	2.6430	2.3038	0.8840
89634209	3.0051	2.6508	1.9270
89634210	2.5954	2.3400	1.4592
89634211	2.6897	2.3571	1.8619
89634212	1.8772	1.8990	1.1282
89634213	1.6503	1.7377	1.5116
89634214	1.0517	1.1749	1.5441
89634215	0.6833	1.0379	2.0748
89634216	-0.0090	0.2576	1.8166
89634217	-0.9220	-0.5970	1.5921
89634218	-1.3015	-0.5443	1.8738
89634219	-2.5070	-1.7601	0.8360
89634220	-2.6763	-2.0230	1.2185
89634221	-2.9577	-2.2699	1.5253
89634222	-3.1858	-2.2403	1.7391
89634223	-2.9975	-2.2555	1.8730
89634224	-2.9768	-2.2986	1.5965
89634225	-2.8184	-2.2226	2.2244
89634226	-2.8611	-2.5599	1.7709
89634227	-2.4884	-2.4021	1.5948
89634228	-1.8422	-2.2831	1.9649
89634229	-1.3909	-1.6342	2.2250
89634230	-0.5666	-1.6329	2.5118
89634231	-0.6580	-1.9860	1.6410
89634232	0.5265	-1.0809	2.6299
89634233	1.2081	-0.7779	2.3553
89634234	1.9110	0.0810	2.1594
89634235	3.0343	0.9423	2.3419
89634236	3.6486	1.2913	2.3132
89634237	4.2841	1.7898	1.8833
89634238	4.6902	2.2984	1.6544
89634239	4.9269	2.4613	1.8415
89634240	5.5193	2.8284	2.3994
89634241	5.2507	2.7962	2.0056
89634242	4.7630	2.1918	1.9449
89634243	3.6444	1.5614	1.2584
89634244	2.8881	1.1575	1.0976
89634245	2.2958	0.5975	1.3891
89634246	1.1473	0.0913	1.4366
89634247	0.7600	0.0214	2.2191
89634248	-0.8676	-1.0972	1.8197
89634249	-1.9441	-1.8207	1.7233
89634250	-2.9688	-2.5821	1.5873
89634251	-3.7354	-3.0188	1.7522
89634252	-4.3752	-3.6381	2.3782
89634253	-4.4832	-4.0709	2.3830
89634254	-4.8651	-4.3583	1.8846
89634255	-4.3690	-4.5977	1.7167
89634256	-3.8497	-3.9450	1.4637
89634257	-3.0169	-3.2844	1.2792
89634258	-1.3291	-2.4410	1.8861
89634259	0.3237	-1.3777	1.5960
89634260	1.8548	0.0146	1.9906
89634261	3.5497	1.0578	1.6178
89634262	5.2723	2.4344	2.1055
89634263	6.7213	3.8005	2.8348
89634264	7.3611	4.8662	2.8707
89634265	7.8512	5.0004	2.2723
89634266	7.6946	5.3911	2.0183
89634267	7.3732	5.4279	2.3467
89634268	6.3459	5.0634	2.8650
89634269	4.1716	3.8242	2.3565
89634270	2.0763	2.5085	1.9738
89634271	-0.4597	0.6105	1.6131
89634272	-2.5126	-0.6495	2.0407
89634273	-4.9068	-2.2986	1.6608
89634274	-7.6435	-4.0489	0.3883
89634275	-8.6938	-5.2276	0.1123
89634276	-8.6476	-5.7274	0.4676
89634277	-8.2612	-5.8499	0.1983
89634278	-6.9952	-5.3693	-0.0864
89634279	-4.1067	-3.6603	0.3491
89634280	-1.2878	-2.2799	0.2733
89634281	1.9944	-0.4382	0.1553
89634282	5.1668	1.2259	1.0676
89634283	7.6982	2.9096	1.2673
89634284	8.9300	3.5304	1.2375
89634285	9.4685	4.1770	1.8276
89634286	8.8792	3.9114	2.2224
89634287	7.3699	2.8034	2.9728
89634288	4.3280	1.2868	2.6575
89634289	1.8113	0.0692	3.6300
89634290	-0.5470	-1.1325	4.1436
89634291	-3.4243	-1.8737	4.0057
89634292	-4.7184	-2.1718	4.1559
89634293	-5.9183	-2.5999	3.5495
89634294	-5.5418	-1.7404	3.8887
89634295	-4.7221	-1.0278	3.0018
89634296	-3.4976	-0.0792	1.5304
89634297	-1.2360	1.3174	1.0586
89634298	0.8605	1.7485	0.6590
89634299	2.6921	2.0826	0.3453
89634300	3.9666	1.8915	-0.1088
89634301	4.1891	1.3910	0.4309
89634302	3.1087	0.0644	0.4834
89634303	2.1188	-0.7719	1.3129
89634304	0.3789	-2.0234	1.7812
89634305	-1.0733	-2.7710	1.8329
89634306	-1.4495	-2.6844	2.2288
89634307	-1.1252	-1.9440	2.7078
89634308	-0.2353	-0.9730	2.5886
89634309	0.6253	0.4049	2.2925
89634310	1.6306	1.3864	2.0332
89634311	1.8485	1.1343	1.6970
89634312	1.8285	1.1253	1.3471
89634313	1.7169	1.0317	1.8461
89634314	1.2783	0.7563	2.0120
89634315	0.9891	0.4249	2.5871
89634316	0.4858	0.1230	2.7275
89634317	0.4873	-0.5548	2.8740
89634318	0.6919	-0.3665	3.0088
89634319	0.9257	-0.1446	3.2997
89634320	1.1371	0.2716	3.3589
89634321	0.4675	-0.0459	2.7480
89634322	0.5263	0.0110	2.0782
89634323	-0.3595	0.1807	1.2839
89634324	-0.5741	0.0511	0.1293
89634325	-0.4753	0.4610	-0.0583
89634326	-1.0038	0.6325	-0.1958
89634327	-0.8948	0.8180	-0.3287
89634328	-1.1141	0.4795	-0.7318
89634329	-0.9641	0.2240	-0.6997
89634330	0.3699	1.1843	0.3741
89634331	0.9394	1.3657	0.3676
89634332	1.3021	1.4211	0.1078
89634333	1.6926	1.7360	0.1664
89634334	2.2119	1.2096	0.3377
89634335	2.3302	0.8118	0.1856
89634336	2.4862	0.2001	0.1381
89634337	2.4222	-0.0072	0.3311
89634338	2.5186	-0.5107	0.8955
89634339	1.5004	-1.0857	0.9559
89634340	1.6362	-1.0238	3.0963
89634341	0.8846	-0.9523	4.0132
89634342	0.0709	-0.7772	4.6870
89634343	-0.6711	-0.5298	4.5395
89634344	-0.6615	0.2561	4.8159
89634345	-1.1135	0.5751	4.1163
89634346	-0.8189	1.8426	3.8363
89634347	-0.6798	2.6192	2.5909
89634348	-0.7086	3.2789	0.8246
89634349	-0.5183	3.1076	-1.1730
89634350	0.2209	2.6511	-2.2731
89634351	1.0723	1.9834	-3.3693
89634352	1.9386	1.0239	-3.5348
89634353	2.6966	-0.2270	-3.1133
89634354	2.5422	-1.2900	-2.3295
89634355	2.7419	-2.2251	-0.9755
89634356	2.7508	-2.7183	0.8863
89634357	2.2831	-2.6268	2.1332
89634358	2.0071	-2.0417	3.9381
89634359	1.8891	-0.8093	5.9040
89634360	0.4314	-0.0947	5.9116
89634361	-0.2693	0.8090	5.7318
89634362	-1.0685	1.1513	4.8172
89634363	-1.4505	2.0257	3.1950
89634364	-1.5611	1.8502	1.2609
89634365	-1.5749	1.5504	-0.6368
89634366	-1.0053	1.2806	-1.6104
89634367	-0.4760	0.7655	-1.8499
89634368	0.3070	0.2238	-2.2593
89634369	0.7795	-0.4046	-2.2131
89634370	1.3337	-0.4031	-1.5361
89634371	1.2893	-0.9969	-1.3196
89634372	2.1938	-0.6653	0.3579
89634373	2.1757	-0.5196	1.1791
89634374	1.9930	-0.6476	2.0367
89634375	1.4846	-0.8923	2.8744
89634376	1.2173	-0.7238	3.6733
89634377	0.9675	-0.3523	3.9388
89634378	0.5323	-0.0861	3.5788
89634379	0.1447	0.5250	3.4646
89634380	0.1635	0.6109	3.4041
89634381	-0.6221	0.4318	1.9403
89634382	-0.0401	0.5116	2.0679
89634383	-0.3339	1.1051	1.0813
89634384	-0.3450	1.0112	1.0032
89634385	-0.3874	0.4384	0.0720
89634386	0.0839	0.6420	0.2829
89634387	0.0817	0.1715	-0.2121
89634388	0.0733	-0.2121	-0.0052
89634389	0.3597	-0.0674	0.5394
89634390	1.2296	0.1434	1.7789
89634391	0.7721	-0.5511	1.4530
89634392	0.7796	-0.9216	1.9108
89634393	0.8601	-0.6051	2.0255
89634394	1.2702	-0.1150	2.9372
89634395	0.8737	-0.5325	2.4840
89634396	1.0375	-0.0271	2.9284
89634397	0.5962	-0.1318	2.9599
89634398	0.2876	-0.2084	2.3571
89634399	-0.1637	-0.8546	1.8880
89634400	-0.3130	-0.7975	2.0761
89634401	-0.6046	-0.8118	1.7649
89634402	-0.4399	-0.3145	1.4718
89634403	-0.3089	-0.1707	1.4115
89634404	-0.1321	-0.1462	1.1858
89634405	-0.4635	-0.4447	0.4316
89634406	0.0444	0.1874	0.6955
89634407	0.4356	0.2467	0.5380
89634408	0.7114	0.2550	0.5466
89634409	1.0805	-0.1039	0.7281
89634410	1.2875	-0.2147	1.6293
89634411	1.1933	-0.4125	2.1557
89634412	0.6960	-0.8717	2.1478
89634413	0.3832	-1.0949	2.2460
89634414	0.0111	-1.1674	2.0433
89634415	0.0419	-0.7860	2.5357
89634416	-0.2270	-0.3759	2.0450
89634417	-0.3196	-0.3115	1.8890
89634418	-0.1570	-0.1483	1.6192
89634419	-0.2182	-0.0391	0.8886
89634420	-0.0945	0.1983	0.5488
89634421	0.0900	-0.0727	0.1048
89634422	0.4813	-0.0992	0.5029
89634423	0.6066	-0.4671	-0.1020
89634424	0.8283	-0.6537	0.2269
89634425	0.5768	-0.3572	0.7183
89634426	0.9021	-0.5961	1.5159
89634427	0.8088	-0.4849	1.6292
89634428	0.5480	-1.0097	1.9339
89634429	0.7446	-0.4935	2.3072
89634430	0.4884	-0.5138	2.2920
89634431	0.5390	-0.1304	2.0563
89634432	0.7314	0.2429	2.0494
89634433	0.5746	0.4722	1.2889
89634434	0.2486	0.0921	0.5271
89634435	0.5922	-0.0701	0.8167
89634436	0.3187	-0.4884	0.1080
89634437	0.7270	-0.3929	0.9470
89634438	0.0193	-1.1600	-0.2197
89634439	0.3874	-1.1397	0.9631
89634440	0.4203	-1.0201	1.3859
89634441	0.0636	-1.1736	1.4393
89634442	0.3307	-1.1973	1.8535
89634443	0.3109	-0.9272	2.3324
89634444	0.0924	-0.7429	2.1705
89634445	0.0010	-0.3455	2.0441
89634446	0.1691	0.0907	2.1231
89634447	0.2459	0.2334	2.6589
89634448	-0.1212	-0.2634	1.2708
89634449	-0.1616	-0.1663	0.8123
89634450	0.4724	-0.0527	1.3829
89634451	0.7476	0.0629	0.9139
89634452	0.5822	-0.3192	0.9422
89634453	0.1134	-0.5102	0.2989
89634454	0.5279	-0.1615	1.4799
89634455	0.4909	0.0116	1.6905
89634456	0.5292	-0.0348	2.0450
89634457	0.1682	-0.4259	2.3381
89634458	0.0730	-0.7917	2.9613
89634459	-0.0376	-0.9233	2.4770
89634460	-0.0136	-0.5892	2.9567
89634461	-0.1051	-0.4488	2.3987
89634462	0.0592	-0.4585	2.5415
89634463	0.4063	-0.5444	2.9360
89634464	0.0000	0.0000	0.0000
89634465	0.0000	0.0000	0.0000
89634466	0.0000	0.0000	0.0000
89634467	0.0000	0.0000	0.0000
89634468	0.0000	0.0000	0.0000
89634469	0.0000	0.0000	0.0000
89634470	0.0000	0.0000	0.0000
89634471	0.0000	0.0000	0.0000
89634472	0.0000	0.0000	0.0000
89634473	0.0000	0.0000	0.0000
89634474	0.0000	0.0000	0.0000
89634475	0.0000	0.0000	0.0000
89634476	0.0000	0.0000	0.0000
89634477	0.0000	0.0000	0.0000
89634478	0.0000	0.0000	0.0000
89634479	0.0000	0.0000	0.0000
89634480	0.0000	0.0000	0.0000
89634481	0.0000	0.0000	0.0000
89634482	0.0000	0.0000	0.0000
89634483	0.0000	0.0000	0.0000
89634484	0.0000	0.0000	0.0000
89634485	0.0000	0.0000	0.0000
89634486	0.0000	0.0000	0.0000
89634487	0.0000	0.0000	0.0000
89634488	0.0000	0.0000	0.0000
89634489	0.0000	0.0000	0.0000
89634490	0.0000	0.0000	0.0000
89634491	0.0000	0.0000	0.0000
89634492	0.0000	0.0000	0.0000
89634493	0.0000	0.0000	0.0000
89634494	0.0000	0.0000	0.0000
89634495	0.0000	0.0000	0.0000
89634496	0.0000	0.0000	0.0000
89634497	0.0000	0.0000	0.0000
89634498	0.0000	0.0000	0.0000
89634499	0.0000	0.0000	0.0000
89634500	0.0000	0.0000	0.0000
89634501	0.0000	0.0000	0.0000
89634502	0.0000	0.0000	0.0000
89634503	0.0000	0.0000	0.0000
89634504	0.0000	0.0000	0.0000
89634505	0.0000	0.0000	0.0000
89634506	0.0000	0.0000	0.0000
89634507	0.0000	0.0000	0.0000
89634508	0.0000	0.0000	0.0000
89634509	0.0000	0.0000	0.0000
89634510	0.0000	0.0000	0.0000
89634511	0.0000	0.0000	0.0000
89634512	0.0000	0.0000	0.0000
89634513	0.0000	0.0000	0.0000
89634514	0.0000	0.0000	0.0000
89634515	0.0000	0.0000	0.0000
89634516	0.0000	0.0000	0.0000
89634517	0.0000	0.0000	0.0000
89634518	0.0000	0.0000	0.0000
89634519	0.0000	0.0000	0.0000
89634520	0.0000	0.0000	0.0000
89634521	0.0000	0.0000	0.0000
89634522	0.0000	0.0000	0.0000
89634523	0.0000	0.0000	0.0000
89634524	0.0000	0.0000	0.0000
89634525	0.0000	0.0000	0.0000
89634526	0.0000	0.0000	0.0000
89634527	0.0000	0.0000	0.0000
89634528	0.0000	0.0000	0.0000
89634529	0.0000	0.0000	0.0000
89634530	0.0000	0.0000	0.0000
89634531	0.0000	0.0000	0.0000
89634532	0.0000	0.0000	0.0000
89634533	0.0000	0.0000	0.0000
89634534	0.0000	0.0000	0.0000
89634535	0.0000	0.0000	0.0000
89634536	0.0000	0.0000	0.0000
89634537	0.0000	0.0000	0.0000
89634538	0.0000	0.0000	0.0000
89634539	0.0000	0.0000	0.0000
89634540	0.0000	0.0000	0.0000
89634541	0.0000	0.0000	0.0000
89634542	0.0000	0.0000	0.0000
89634543	0.0000	0.0000	0.0000
89634544	0.0000	0.0000	0.0000
89634545	0.0000	0.0000	0.0000
89634546	0.0000	0.0000	0.0000
89634547	0.0000	0.0000	0.0000
89634548	0.0000	0.0000	0.0000
89634549	0.0000	0.0000	0.0000
89634550	0.0000	0.0000	0.0000
89634551	0.0000	0.0000	0.0000
89634552	0.0000	0.0000	0.0000
89634553	0.0000	0.0000	0.0000
89634554	0.0000	0.0000	0.0000
89634555	0.0000	0.0000	0.0000
89634556	0.0000	0.0000	0.0000
89634557	0.0000	0.0000	0.0000
89634558	0.0000	0.0000	0.0000
89634559	0.0000	0.0000	0.0000
89634560	0.0000	0.0000	0.0000
89634561	0.0000	0.0000	0.0000
