89633311	0.2014	-0.4032	0.2976
89633312	0.3669	-0.3921	-0.4602
89633313	0.3018	-0.4701	-0.6206
89633314	0.2071	-0.8743	-0.1162
89633315	0.2967	-0.6926	0.3509
89633316	0.6853	-0.1303	0.1871
89633317	0.7254	-0.3772	-0.3102
89633318	0.4325	-0.4011	0.0892
89633319	0.1970	-0.3064	0.0983
89633320	0.1187	-0.3089	-0.9006
89633321	0.3456	-0.3304	-0.6453
89633322	0.2160	-0.5623	-0.8941
89633323	0.0925	-0.3851	-0.3169
89633324	0.0845	-0.1814	-0.9160
89633325	0.1550	-0.1781	-0.7020
89633326	0.1891	-0.1698	-0.0689
89633327	0.1281	-0.2243	-0.0864
89633328	0.0842	-0.2527	0.6233
89633329	0.2616	-0.2380	0.9786
89633330	0.1506	-0.3259	0.5304
89633331	0.3794	-0.4464	0.5328
89633332	-0.0734	-0.6235	-0.2144
89633333	-0.3810	-0.9723	-0.7993
89633334	0.0890	-0.3534	-0.4953
89633335	0.3109	0.0752	-0.4115
89633336	0.1978	-0.2893	-0.1419
89633337	-0.0503	-0.5136	-0.2658
89633338	0.2049	0.1415	0.2537
89633339	0.5347	0.2334	0.2044
89633340	-0.0677	-0.6171	-0.4471
89633341	-0.1109	-0.7698	-0.4099
89633342	0.1188	-0.6978	-0.3676
89633343	0.3573	-0.3918	0.3164
89633344	-0.0934	-0.6716	-0.1643
89633345	-0.1344	-0.8742	-0.1855
89633346	-0.0151	-0.2636	-0.4787
89633347	0.1143	0.0888	-0.3626
89633348	-0.1494	-0.2877	-0.2713
89633349	-0.1117	-0.6783	-0.4564
89633350	0.2808	-0.3692	-0.9615
89633351	0.2406	-0.3472	-0.8235
89633352	0.1555	0.0139	0.0118
89633353	0.1386	-0.1705	0.0310
89633354	0.2275	-0.3212	-0.5746
89633355	0.6728	-0.6508	-0.8240
89633356	0.4565	-0.5949	-0.1622
89633357	0.4205	-0.6143	0.4161
89633358	0.4414	-0.3578	0.0004
89633359	0.4034	-0.2621	-0.4752
89633360	0.4897	-0.5079	-0.7964
89633361	0.0724	-0.4825	-0.3451
89633362	0.1867	-0.3392	0.5318
89633363	0.2878	-0.3442	0.1803
89633364	0.0174	-0.3312	-0.2072
89633365	0.2432	-0.0913	-0.0159
89633366	-0.3051	-0.0485	-0.0199
89633367	-0.1984	0.2390	0.4924
89633368	0.0724	-0.4181	-0.1099
89633369	0.1822	-0.3221	0.2269
89633370	0.2319	-0.6810	-0.2638
89633371	0.1211	-0.2986	0.3813
89633372	0.1578	0.1093	0.1706
89633373	0.3963	0.3701	0.4390
89633374	-0.1737	-0.2130	-0.2556
89633375	-0.0806	0.2723	1.2008
89633376	0.1666	0.1026	-0.1929
89633377	0.5851	0.1524	-0.0481
89633378	0.1943	-0.0625	-0.4635
89633379	0.0591	-0.5161	-0.2931
89633380	-0.0817	-0.3744	-0.7537
89633381	0.5215	0.0122	-0.0959
89633382	0.2900	-0.1932	-0.2897
89633383	0.0945	-0.3993	-0.2145
89633384	0.3624	-0.3274	0.4378
89633385	0.3492	0.1826	-0.2537
89633386	0.5060	0.0885	0.0106
89633387	0.3791	-0.0918	0.1335
89633388	0.2402	-0.7878	-0.7177
89633389	0.2621	-0.2379	-0.1458
89633390	0.1306	0.1064	-0.6942
89633391	0.4112	0.0426	-0.3768
89633392	0.2159	-0.4071	-0.6490
89633393	0.1965	-0.1127	-0.4897
89633394	0.3166	0.3334	-0.1260
89633395	0.4184	-0.4699	-0.9930
89633396	0.3147	-0.5246	-0.4968
89633397	0.0957	-0.5334	-0.2240
89633398	0.2491	-0.0011	-0.0653
89633399	-0.0036	-0.1139	-0.5742
89633400	0.3185	-0.3803	-0.1639
89633401	0.1144	-0.7445	0.1940
89633402	0.2388	-0.3437	0.3927
89633403	0.1777	-0.2302	-0.2572
89633404	0.2278	-0.3238	0.0220
89633405	0.1074	-0.9650	0.0122
89633406	0.0812	-0.8130	-0.5411
89633407	0.2576	-0.6310	-0.2661
89633408	-0.2181	-0.6446	-0.2107
89633409	0.1318	-0.3560	1.2538
89633410	-0.1176	-0.7491	0.1823
89633411	0.1963	-0.6313	-0.1230
89633412	-0.0317	-0.3474	0.8355
89633413	0.2081	-1.0304	0.5243
89633414	-0.0748	-0.7201	0.1565
89633415	-0.0081	-0.8031	-0.5774
89633416	-0.1504	-0.1808	0.5877
89633417	0.0022	-0.5472	-0.1537
89633418	-0.0953	-0.4653	0.4940
89633419	0.0655	-0.3207	0.3432
89633420	-0.0172	0.1575	0.5446
89633421	0.2147	-0.0498	0.6693
89633422	-0.0612	-0.4729	-0.3708
89633423	-0.5461	-1.1631	-1.6965
89633424	-0.0312	-0.4861	-1.0192
89633425	0.4802	-0.3140	-0.2499
89633426	0.2871	-0.5270	0.0316
89633427	-0.0998	-0.7099	-0.0334
89633428	0.1426	-0.4974	0.1709
89633429	0.5784	0.1104	0.4950
89633430	0.4452	0.1015	0.4072
89633431	0.3561	-0.3971	0.5373
89633432	0.1858	-0.7060	-0.1654
89633433	0.4420	-0.4483	-0.3998
89633434	0.4165	0.1481	0.0939
89633435	-0.1921	-0.0614	-0.1941
89633436	0.0065	0.0424	-0.1258
89633437	-0.0236	0.1581	-0.4644
89633438	0.1204	0.1714	0.0874
89633439	-0.0916	-0.0473	0.2121
89633440	-0.2238	-0.4423	-0.2936
89633441	-0.2192	-0.1174	-0.2606
89633442	-0.1525	-0.0879	-0.2918
89633443	0.1122	-0.2895	0.2930
89633444	0.2220	-0.5905	0.8468
89633445	-0.0792	-0.8261	0.8147
89633446	0.1365	0.0148	1.8439
89633447	0.0036	0.0154	1.3554
89633448	-0.2976	0.0395	1.2802
89633449	0.0348	-0.1204	1.4506
89633450	-0.2965	-0.4341	0.2293
89633451	-0.0180	-0.5811	-0.3871
89633452	-0.3659	-0.4680	-0.4783
89633453	-0.2204	-0.5123	-0.0657
89633454	-0.2283	-0.3738	0.5877
89633455	0.2176	-0.2508	0.7092
89633456	0.2086	0.1596	0.7245
89633457	0.0350	0.0302	0.3368
89633458	0.1020	-0.1757	1.0314
89633459	0.0294	-0.3887	0.1155
89633460	0.2363	-0.0910	0.3294
89633461	0.2691	-0.6595	0.0020
89633462	0.2898	-0.4433	0.1385
89633463	0.0148	-0.7608	-0.1147
89633464	0.5704	-0.1947	1.0476
89633465	0.1800	-0.2869	-0.0521
89633466	0.1546	-0.3791	0.6853
89633467	-0.0779	-0.4312	0.3155
89633468	-0.1546	-0.0971	0.2449
89633469	-0.1037	-0.7675	-0.7029
89633470	-0.2172	-0.8485	0.1483
89633471	-0.0045	-0.7143	0.4744
89633472	-0.0054	-0.0613	0.7321
89633473	-0.0318	-0.2623	0.9010
89633474	-0.2733	-0.3302	0.8543
89633475	-0.1142	-0.5006	-0.0857
89633476	-0.0744	-0.4387	1.0435
89633477	0.0005	-0.4103	0.0227
89633478	-0.4312	-0.6209	-0.2840
89633479	-0.5069	-0.7513	-0.4603
89633480	-0.1988	-0.7238	0.2087
89633481	0.0396	-0.3408	0.8034
89633482	0.0051	-0.3459	0.7661
89633483	-0.3045	-0.4113	0.5725
89633484	-0.0198	-0.3078	0.4872
89633485	-0.0025	-0.5081	0.5217
89633486	0.0016	-0.1453	1.0585
89633487	0.0806	-0.4754	0.9248
89633488	-0.1479	-0.5163	0.2659
89633489	-0.1517	-0.5318	0.3075
89633490	-0.1462	0.0553	0.9223
89633491	-0.4897	-0.1335	0.4090
89633492	-0.5219	-0.1881	-0.1554
89633493	-0.3531	-0.6816	-0.1395
89633494	-0.1562	-0.6261	0.6085
89633495	-0.1820	-0.9416	-0.1243
89633496	0.0656	-0.5050	1.1010
89633497	-0.0218	-0.3044	0.7491
89633498	-0.0281	-0.1722	0.8455
89633499	-0.4568	-0.8267	0.4193
89633500	-0.2541	-0.5309	0.5385
89633501	-0.0965	-1.2098	-0.2887
89633502	0.0116	-0.7664	-0.1649
89633503	-0.1894	-1.1122	-0.7355
89633504	-0.3995	-0.8763	-0.4045
89633505	-0.2351	-0.7163	-0.0519
89633506	-0.0880	-0.1397	0.2179
89633507	0.1673	-0.3504	0.9940
89633508	0.0772	-1.0499	0.3502
89633509	-0.0353	-0.4830	0.4586
89633510	0.3007	-0.4747	0.4899
89633511	0.0496	-0.6505	0.3834
89633512	-0.2777	-0.9727	-0.0570
89633513	-0.1875	-0.5378	0.8757
89633514	-0.3777	-0.5547	1.0044
89633515	-0.1992	-0.5028	1.1179
89633516	0.1000	-0.6302	1.5288
89633517	-0.0461	-0.3577	1.8690
89633518	-0.2886	-0.5873	1.2972
89633519	-0.3153	-0.4652	0.8438
89633520	-0.0651	-0.4637	0.7921
89633521	-0.2273	-0.8449	0.8446
89633522	0.2623	-0.8056	1.5204
89633523	0.0159	-0.5859	0.7277
89633524	-0.0984	-0.9892	0.1573
89633525	-0.0767	-0.5271	0.4794
89633526	-0.1406	-0.4885	0.5706
89633527	-0.3712	-0.2873	0.7051
89633528	-0.1372	-0.5603	0.0540
89633529	-0.1352	-1.0704	0.1020
89633530	-0.1759	-0.6235	0.6401
89633531	-0.2636	-0.2004	1.3023
89633532	-0.0355	-0.2412	1.2700
89633533	0.1034	-0.6949	0.5410
89633534	0.1283	-0.7054	0.8645
89633535	-0.2707	-0.6535	1.1228
89633536	-0.2703	-0.9682	1.0559
89633537	-0.0829	-0.8433	-0.2472
89633538	-0.2830	-1.0138	-1.0328
89633539	0.2946	-0.7588	0.9085
89633540	-0.0090	-1.1311	1.0541
89633541	0.2177	-0.8632	0.9853
89633542	-0.1605	-1.2045	-0.6079
89633543	-0.3246	-0.5085	0.4681
89633544	-0.3750	-1.1476	0.1627
89633545	-0.2798	-1.1813	0.5076
89633546	-0.0056	-1.4957	0.3784
89633547	-0.2129	-1.0892	0.1748
89633548	-0.4532	-1.2408	0.1428
89633549	-0.4403	-1.1977	0.4872
89633550	-0.2038	-1.5096	0.0750
89633551	0.3906	-0.7404	0.8734
89633552	0.2535	-0.8976	0.7751
89633553	-0.0780	-0.9807	0.4599
89633554	-0.3203	-1.1323	0.3590
89633555	0.1815	-0.7940	0.4519
89633556	0.1770	-0.3835	0.4236
89633557	0.0143	-0.4201	1.1861
89633558	-0.0568	-0.3708	1.1835
89633559	-0.2098	-0.6897	0.2987
89633560	0.0556	-0.4679	0.1469
89633561	-0.3885	-0.8121	0.1057
89633562	-0.1680	-0.4397	0.6254
89633563	-0.0269	-0.5811	0.1416
89633564	0.3223	-0.6164	0.9528
89633565	0.3564	-0.3991	1.8469
89633566	-0.2811	-0.2964	1.3999
89633567	-0.2203	-0.0825	1.0267
89633568	-0.1618	0.2606	0.8186
89633569	-0.0457	-0.2301	0.6490
89633570	-0.1210	-0.4665	1.5687
89633571	-0.1618	-0.6552	0.6703
89633572	-0.1366	-0.1993	0.2520
89633573	-0.0901	-0.2769	-0.1153
89633574	-0.3008	-0.2878	0.8161
89633575	-0.3245	-0.8292	0.8646
89633576	0.0261	-0.0513	1.3893
89633577	0.0936	0.1326	1.0647
89633578	-0.0263	-0.3878	0.5278
89633579	-0.4453	-1.0322	0.3453
89633580	-0.2880	-0.6635	0.7703
89633581	-0.0043	-0.4379	0.8444
89633582	-0.0034	-0.8311	0.0456
89633583	-0.0070	-1.3578	0.6689
89633584	-0.0756	-1.0300	1.3015
89633585	-0.2885	-1.0833	0.4745
89633586	0.1316	-0.4208	0.2442
89633587	0.0342	-0.2923	0.5131
89633588	-0.0142	-0.4709	1.6257
89633589	-0.3520	-0.9351	0.4743
89633590	-0.0703	-0.9511	-0.4383
89633591	-0.1036	-0.7952	-0.0148
89633592	-0.2445	-0.5182	0.2788
89633593	-0.2138	-0.4377	0.9034
89633594	-0.4277	-0.8323	-0.3365
89633595	-0.0822	-0.8229	-0.2308
89633596	0.2733	-0.4707	1.5170
89633597	-0.2270	-0.8271	1.1664
89633598	-0.1155	-0.6682	1.4220
89633599	0.0534	-0.9282	0.2103
89633600	0.3772	-0.6376	0.5345
89633601	0.1205	-0.6620	0.5503
89633602	-0.4496	-0.7916	1.0998
89633603	-0.3719	-0.8872	0.7780
89633604	-0.1387	-0.5863	0.2573
89633605	0.3950	-0.2328	0.0803
89633606	0.2359	-0.2944	0.5860
89633607	-0.0652	-0.6517	1.6381
89633608	-0.2184	-0.5191	0.5249
89633609	-0.1125	-0.4696	-0.3514
89633610	0.0520	-0.0765	0.5768
89633611	0.1238	-0.2881	1.5235
89633612	-0.2742	-1.3861	0.1095
89633613	0.1004	-0.3660	0.9621
89633614	0.0235	-0.5172	0.5170
89633615	-0.0226	-0.5506	0.9188
89633616	-0.4082	-1.4246	-0.3701
89633617	-0.0497	-0.7426	0.8210
89633618	0.2721	-0.6937	0.5434
89633619	0.4154	-0.5598	0.2241
89633620	-0.1937	-0.9330	0.0224
89633621	0.5097	-0.5949	1.6816
89633622	0.3323	-0.6463	0.6923
89633623	0.7624	-0.4222	0.5529
89633624	0.1706	-0.5111	-0.3774
89633625	0.3020	-0.5718	0.6072
89633626	0.4071	-0.3649	1.2632
89633627	0.3838	-0.6282	0.9830
89633628	0.1765	-0.8912	0.1151
89633629	0.0351	-0.9969	0.3800
89633630	0.1320	-0.8332	1.1838
89633631	0.1520	-0.8297	0.7400
89633632	0.5532	-0.7388	1.1831
89633633	0.2926	-1.0106	0.9191
89633634	-0.1153	-0.6644	1.3474
89633635	-0.3135	-0.9078	0.4095
89633636	0.2314	-0.7671	0.5957
89633637	0.0721	-1.0196	0.8396
89633638	-0.4340	-0.9327	0.3008
89633639	0.0293	-1.0600	0.6756
89633640	0.3405	-1.2481	0.5328
89633641	0.2167	-0.6319	0.7974
89633642	0.0239	-0.8062	1.3127
89633643	0.2416	-0.4099	1.7895
89633644	0.5334	-0.5038	1.7203
89633645	0.2722	-0.4512	1.0107
89633646	0.0535	-0.5373	0.6125
89633647	0.0150	-0.5802	0.7040
89633648	0.0635	-0.7649	1.4339
89633649	-0.0851	-0.9551	0.2750
89633650	0.4557	-0.1210	2.0677
89633651	0.2476	-0.6506	1.8313
89633652	-0.2122	-0.9552	1.5767
89633653	0.0304	-0.8060	1.1320
89633654	-0.1601	-0.3743	1.1881
89633655	-0.2826	-0.5795	1.1264
89633656	-0.1314	-1.2483	1.1551
89633657	0.4879	-0.9731	1.3350
89633658	0.1613	-1.2431	0.5582
89633659	0.2475	-0.4676	1.1071
89633660	-0.2934	-0.6705	0.5966
89633661	-0.3337	-0.6063	0.8424
89633662	0.1736	-0.8716	0.5923
89633663	0.0177	-0.6478	0.4992
89633664	0.1262	-0.7331	0.4644
89633665	-0.4801	-0.8250	0.0017
89633666	-0.4465	-0.6962	0.9206
89633667	-0.5063	-1.0214	0.4037
89633668	-0.3472	-0.7416	0.6180
89633669	-0.1509	-0.8519	1.4039
89633670	-0.7079	-0.9067	1.0049
89633671	-0.5472	-1.1777	0.0519
89633672	-0.3574	-1.1897	0.3251
89633673	-0.2087	-1.0733	0.3623
89633674	0.1481	-0.9436	2.0698
89633675	-0.1383	-1.4548	1.7988
89633676	0.1429	-0.6255	1.9274
89633677	0.2515	-0.5328	1.3312
89633678	-0.3820	-0.7335	0.2526
89633679	-0.3848	-1.4133	0.4496
89633680	-0.1805	-1.1405	1.1420
89633681	0.4321	-0.7394	1.6060
89633682	0.2242	-0.6120	0.4881
89633683	-0.0463	-0.9734	0.3873
89633684	-0.1869	-0.9846	1.3232
89633685	-0.1529	-0.7328	1.9376
89633686	0.2343	-0.9578	0.6895
89633687	0.4404	-0.3333	1.6486
89633688	0.1555	-0.8079	1.9939
89633689	-0.2228	-1.0740	1.7903
89633690	-0.1590	-1.0886	0.8380
89633691	0.2285	-0.1456	1.2809
89633692	0.3934	0.1540	1.7411
89633693	0.0857	-0.0881	2.7045
89633694	-0.5666	-0.9299	0.5450
89633695	-0.4309	-1.0199	-0.9993
89633696	0.0859	-0.0004	1.0595
89633697	0.1656	0.0988	1.6340
89633698	0.1197	-0.4672	1.9258
89633699	-0.2151	-1.3576	0.6907
89633700	-0.3385	-0.7929	0.8876
89633701	0.2465	-0.2291	2.1590
89633702	0.1611	-0.7236	1.9456
89633703	-0.1211	-0.6302	1.9770
89633704	-0.1081	-0.8192	1.7539
89633705	0.2039	-1.0421	1.7986
89633706	0.0954	-0.7679	1.8025
89633707	-0.1252	-0.5860	1.6809
89633708	-0.0567	-0.7484	1.0856
89633709	-0.2101	-0.7933	0.7176
89633710	-0.2540	-0.7337	-0.0033
89633711	0.3067	-0.0658	2.1151
89633712	0.0129	-1.0121	0.9808
89633713	-0.5064	-0.5498	0.9565
89633714	-0.2111	0.0115	1.3544
89633715	-0.0522	-0.3503	1.0808
89633716	0.2620	-0.6200	0.8534
89633717	0.5356	-0.9745	1.6343
89633718	0.3898	-0.8636	1.8907
89633719	0.2104	-0.5084	1.1256
89633720	-0.0658	-1.0540	0.3770
89633721	0.5237	-0.8522	1.2489
89633722	0.3936	-0.7017	1.4586
89633723	0.6992	-0.4758	1.8550
89633724	0.3328	-0.7693	1.3263
89633725	0.2872	-0.9763	0.6765
89633726	0.0113	-1.1660	0.4761
89633727	0.0205	-0.9344	0.3841
89633728	0.4556	-0.1668	1.5965
89633729	0.2919	-0.7281	0.4301
89633730	0.0759	-1.1179	0.7484
89633731	0.3277	-0.7830	1.6571
89633732	0.0056	-0.7575	0.9385
89633733	0.0657	-0.6672	0.3322
89633734	-0.1866	-0.8083	0.5540
89633735	0.6427	-0.2465	1.9959
89633736	0.8284	-0.0652	2.8463
89633737	0.5776	-0.6374	1.3939
89633738	0.1732	-0.9366	0.3476
89633739	0.1928	-0.7446	1.0186
89633740	0.2874	-0.6855	0.7761
89633741	0.2922	-0.6864	0.7588
89633742	0.1446	-1.1455	0.4315
89633743	0.0413	-0.8697	1.6456
89633744	-0.0581	-0.6722	1.4666
89633745	0.2758	-0.8101	1.4997
89633746	0.1870	-0.4587	1.5355
89633747	0.1549	-0.8355	1.6059
89633748	-0.4586	-0.8915	1.9435
89633749	-0.1285	-1.0680	0.8677
89633750	-0.1710	-0.7075	0.4459
89633751	0.3993	-0.3664	1.3287
89633752	0.1509	-0.5459	1.6713
89633753	-0.3512	-1.0239	0.8154
89633754	0.0904	-1.0882	0.7178
89633755	0.3473	-0.5089	0.8376
89633756	0.3819	-0.6344	0.6976
89633757	0.1576	-0.6352	0.9085
89633758	-0.0138	-1.0276	0.8396
89633759	0.0936	-0.9199	0.7822
89633760	0.1708	-0.5595	0.9526
89633761	0.2856	-0.6704	0.9711
89633762	0.3281	-0.8598	1.6210
89633763	0.1200	-1.0443	1.6805
89633764	-0.0912	-0.4157	2.1664
89633765	0.1433	-0.5196	1.9587
89633766	0.0290	-0.7421	0.6218
89633767	0.4094	-0.8091	1.4752
89633768	-0.1058	-0.8438	1.7239
89633769	0.2783	-0.5167	1.6448
89633770	0.0019	-0.2767	0.9929
89633771	-0.1869	-0.3134	0.3147
89633772	0.1023	-0.2128	1.0736
89633773	-0.4030	-0.7438	0.2453
89633774	0.0519	-0.3547	1.6095
89633775	0.1118	0.3085	1.8432
89633776	0.1330	-0.1188	0.8544
89633777	-0.1805	-0.3534	0.6450
89633778	-0.2215	-0.5839	0.6934
89633779	-0.1790	-0.9358	0.4481
89633780	0.1391	-0.5501	1.0823
89633781	0.2506	-0.4666	1.7123
89633782	-0.0368	-0.1527	1.7171
89633783	0.1185	-0.2454	1.0875
89633784	-0.1491	-0.5316	0.7543
89633785	0.0068	-0.6323	0.8449
89633786	0.4887	-0.2177	1.4207
89633787	0.1685	-0.1586	1.4923
89633788	-0.1031	-0.1076	1.0731
89633789	0.0792	0.0002	1.1158
89633790	0.0979	-0.1643	1.2045
89633791	-0.3338	-0.6201	0.4733
89633792	-0.2752	-0.6301	0.3387
89633793	-0.1448	-0.2247	0.9073
89633794	-0.0201	-0.2975	0.9272
89633795	0.0674	-0.2774	1.6839
89633796	0.0730	-0.4203	1.6607
89633797	0.3864	-0.3417	2.2201
89633798	-0.1684	-0.2520	1.9189
89633799	-0.2144	-0.5485	1.3670
89633800	-0.1594	-0.3090	1.7205
89633801	-0.7273	-0.7018	1.4329
89633802	-0.4606	-0.3174	1.6996
89633803	-0.1439	-0.1410	1.3705
89633804	-0.1255	-0.3162	1.2140
89633805	-0.2818	-0.3062	1.1610
89633806	-0.1872	0.0039	1.5234
89633807	-0.0488	-0.0785	1.7658
89633808	-0.3583	-0.2965	1.5810
89633809	-0.1981	-0.7856	0.7986
89633810	0.0033	-0.3872	1.4624
89633811	-0.1369	-0.3905	0.7802
89633812	-0.0504	-0.5092	1.2880
89633813	0.1235	-0.5408	1.3132
89633814	0.2758	-0.2597	1.5700
89633815	0.4569	-0.1457	1.5350
89633816	0.3821	-0.0243	1.1180
89633817	-0.4661	-0.3426	0.5428
89633818	-0.1941	-0.0921	0.9283
89633819	-0.3484	-0.7080	0.7369
89633820	-0.0226	-0.1516	0.7059
89633821	0.1471	-0.1500	0.7251
89633822	-0.0561	-0.3108	1.5361
89633823	0.1671	-0.2813	1.5625
89633824	-0.2117	-0.6060	0.4776
89633825	-0.3641	-0.4604	0.0903
89633826	-0.0938	-0.2299	0.2626
89633827	0.0823	-0.3233	1.0035
89633828	0.1433	-0.6164	1.2199
89633829	-0.0830	-0.5284	0.8960
89633830	-0.1255	-0.2096	0.9502
89633831	-0.5149	-0.6679	-0.0236
89633832	0.2891	-0.1801	2.2955
89633833	-0.0589	-0.6507	1.5553
89633834	-0.0497	-0.6315	1.5858
89633835	-0.1984	-0.7986	0.5046
89633836	-0.2656	-0.8045	0.0732
89633837	-0.0343	-0.0665	1.4371
89633838	-0.0800	-0.5601	1.3630
89633839	-0.3352	-0.4570	1.6795
89633840	-0.1654	-0.3402	1.7461
89633841	-0.2561	-0.4780	1.3682
89633842	-0.2957	-0.2661	1.3460
89633843	-0.5645	-0.5021	0.9177
89633844	-0.5873	-0.5496	0.8945
89633845	-0.4110	-0.3278	1.5764
89633846	-0.0767	-0.3700	1.7559
89633847	-0.6079	-0.8334	-0.1855
89633848	0.3178	0.3021	3.2890
89633849	0.1216	-0.1977	2.3669
89633850	0.2084	-0.2129	2.5504
89633851	-0.3219	-0.9799	-0.0217
89633852	0.1093	0.0634	2.4099
89633853	-0.7868	-1.1231	-0.1833
89633854	0.0428	0.0664	2.5714
89633855	-0.2442	-0.1805	1.6521
89633856	-0.0128	0.2171	1.9393
89633857	-0.3429	-0.6176	0.6074
89633858	-0.5309	-0.0662	1.7117
89633859	-0.6892	-0.0462	1.7422
89633860	-0.8899	-0.3324	1.6823
89633861	-0.7666	-0.5139	0.6658
89633862	-0.7694	-0.6512	0.7883
89633863	-0.2896	0.2451	2.4900
89633864	-0.8792	-0.8503	0.8919
89633865	-0.2919	-0.2065	1.8754
89633866	-0.5580	-0.7362	0.1236
89633867	-0.1289	0.2106	1.4393
89633868	-0.3398	-0.7676	1.1748
89633869	-0.8309	-1.0268	0.6733
89633870	-0.4737	-0.3613	1.4456
89633871	-0.0424	0.5252	2.1967
89633872	-0.1795	-0.3369	1.0405
89633873	-0.4637	-0.8553	0.5213
89633874	-0.5090	-0.5483	1.5032
89633875	-0.1003	0.1519	3.2781
89633876	-0.4555	-0.9175	0.3023
89633877	-0.5778	-0.8773	-0.2816
89633878	0.2968	0.4151	3.2196
89633879	-0.1364	0.1240	3.5979
89633880	-0.8806	-1.3132	0.1611
89633881	-0.7425	-0.8840	0.2797
89633882	0.1643	0.6772	2.7256
89633883	0.3065	0.5986	2.8741
89633884	-0.6660	-0.9271	-0.0453
89633885	-0.9017	-1.1020	-0.7940
89633886	-0.2376	-0.1367	0.7635
89633887	0.3275	0.8133	2.1968
89633888	0.4972	0.4229	2.0152
89633889	-0.5389	-0.2376	0.7778
89633890	-0.7207	-0.1410	1.1267
89633891	-0.0442	0.2825	1.8127
89633892	-0.3568	0.1335	0.6688
89633893	-0.6733	0.0187	0.9451
89633894	-0.5078	-0.0269	2.0396
89633895	-0.6471	-0.1966	1.5506
89633896	-0.6003	-0.5541	0.4938
89633897	-0.2719	0.0159	1.0409
89633898	-0.5419	-0.3757	0.5263
89633899	0.3157	0.2607	3.6445
89633900	-0.1103	-0.5145	1.8676
89633901	-0.4944	-1.1771	0.1008
89633902	-0.3789	-0.0237	0.5574
89633903	-0.2920	-0.1620	1.2727
89633904	0.1032	0.0694	3.1212
89633905	-1.0065	-0.5989	0.4362
89633906	-0.5237	0.0853	1.1717
89633907	-0.7237	-0.5456	-0.7339
89633908	-0.0577	-0.2765	1.4425
89633909	0.1798	0.0445	2.9642
89633910	0.2293	0.6194	4.0766
89633911	-0.7411	-0.6631	-0.1844
89633912	-0.4730	-0.4950	-0.5612
89633913	-0.6820	-0.2955	-0.0867
89633914	-0.9230	-0.2596	0.4260
89633915	-0.8104	-0.4928	0.6996
89633916	-0.4121	-0.2393	2.1225
89633917	-0.0706	0.3301	3.1491
89633918	-0.1971	0.0239	3.3111
89633919	-0.2463	-0.5475	2.8525
89633920	-0.6724	-0.3301	1.7332
89633921	-0.6717	-0.1743	1.5993
89633922	-1.0755	-0.6890	-0.2127
89633923	-0.1273	0.5530	2.1056
89633924	-0.3000	0.0376	1.1185
89633925	-0.1762	0.1404	2.0169
89633926	-0.3152	-0.0663	0.0047
89633927	-0.2408	0.3014	0.6765
89633928	-0.2936	0.1331	0.1919
89633929	0.0382	-0.3227	1.9737
89633930	-0.2744	-0.9638	0.0917
89633931	0.3405	0.0503	2.0816
89633932	0.5203	0.5144	2.0728
89633933	-0.2692	-1.0092	-0.5944
89633934	0.1349	-0.0724	1.7637
89633935	-0.4501	-0.2114	0.8890
89633936	-0.2613	-0.1515	1.8941
89633937	-0.4703	-0.1751	0.9396
89633938	-0.7447	-0.7107	-0.5494
89633939	-0.3483	-0.1068	1.7550
89633940	0.2295	0.2325	3.0701
89633941	-1.2028	-0.8484	-0.6384
89633942	0.5152	1.0522	3.5029
89633943	-0.5070	-0.7498	-0.8411
89633944	0.0872	-0.2460	1.6680
89633945	-0.7581	-0.8674	-0.1458
89633946	-0.1372	0.2430	2.5514
89633947	-0.3563	0.0078	1.2189
89633948	-0.2384	0.1922	1.0802
89633949	-0.0015	0.1630	1.8608
89633950	-0.2903	-0.2672	1.7514
89633951	-0.1187	-0.6314	0.5750
89633952	0.2993	0.2512	0.9922
89633953	0.2331	0.1306	1.5617
89633954	-0.1126	-0.3363	0.7493
89633955	-0.1843	-0.6008	-0.4073
89633956	0.4726	0.1263	1.0452
89633957	0.6922	0.3848	2.1995
89633958	-0.0014	-0.5549	0.1994
89633959	-0.1445	-0.6727	1.2362
89633960	-0.0974	0.0110	2.5056
89633961	-0.0745	-0.1404	1.7862
89633962	-0.0173	-0.4276	1.3224
89633963	-0.0166	-0.2586	1.6379
89633964	-0.3247	-0.1194	1.7322
89633965	-0.3756	-0.1714	1.9291
89633966	-0.4206	-0.7245	0.3638
89633967	-0.1715	0.1748	0.9916
89633968	0.0128	0.3361	1.4806
89633969	-0.1099	-0.0356	1.0209
89633970	-0.4687	-0.7020	-0.0316
89633971	-0.1803	-0.1922	1.0991
89633972	0.0263	0.0597	1.3774
89633973	-0.0061	-0.0508	0.6556
89633974	-0.6371	-1.2497	0.0352
89633975	-0.1935	-0.4099	2.0807
89633976	0.0895	0.2336	1.8978
89633977	0.0691	-0.2701	1.7615
89633978	-0.5896	-0.9163	-0.4000
89633979	-0.1018	-0.4934	0.8818
89633980	-0.1399	-0.2163	1.4396
89633981	-0.0254	-0.3090	0.0873
89633982	-0.2304	-0.2346	-1.1195
89633983	0.2232	0.4501	0.3700
89633984	0.1921	-0.2182	0.3724
89633985	-0.1307	-0.5474	-0.3035
89633986	-0.3555	-0.5569	-0.3856
89633987	0.2246	0.5801	0.6329
89633988	0.0418	0.2973	-0.0963
89633989	-0.3753	-0.5323	-0.3352
89633990	-0.0793	0.0066	0.8714
89633991	0.0282	0.4025	1.5748
89633992	-0.4581	-0.5279	-0.7191
89633993	0.1136	-0.0330	0.0791
89633994	0.1003	0.2564	0.9061
89633995	-0.2548	0.0881	1.1174
89633996	-0.3288	-0.6040	-0.0162
89633997	-0.1141	-0.0650	0.5659
89633998	-0.2962	0.4058	0.8734
89633999	0.2507	0.1597	0.5531
89634000	0.4533	-0.2518	1.0440
89634001	-0.0723	-0.1200	1.0802
89634002	-0.1601	0.1583	0.6911
89634003	-0.2163	0.0769	-0.3086
89634004	-0.0927	-0.0867	-0.1840
89634005	-0.0968	0.1378	1.3744
89634006	-0.1056	-0.4297	1.5829
89634007	-0.2828	-0.6758	-0.1066
89634008	0.2028	0.1838	0.0971
89634009	0.1114	0.5882	1.1515
89634010	-0.6204	-0.8699	0.0956
89634011	-0.6613	-0.8876	0.7198
89634012	0.0091	0.0413	1.7419
89634013	-0.1208	-0.2725	0.5499
89634014	-0.0221	-0.3653	-0.2788
89634015	-0.0765	0.0823	0.9916
89634016	-0.2594	0.0927	1.5252
89634017	-0.4542	-0.6542	0.4669
89634018	-0.3835	-0.3684	-0.4437
89634019	-0.1176	0.0839	0.4032
89634020	0.2260	0.3628	1.3410
89634021	-0.5234	-0.5260	-0.0986
89634022	-0.0738	-0.0855	1.1577
89634023	-0.5323	0.3055	0.1083
89634024	-0.2376	0.2717	0.2907
89634025	-0.5573	-0.6700	-0.6875
89634026	-0.3505	-0.3365	0.9246
89634027	0.0333	-0.1729	1.1327
89634028	-0.1562	-0.1157	0.5253
89634029	0.0626	0.0107	0.5829
89634030	-0.2110	-0.1108	1.0755
89634031	-0.3162	-0.0506	1.5577
89634032	-0.7081	-0.2574	0.8770
89634033	-0.5285	-0.3647	0.7944
89634034	-0.0767	0.2569	0.9849
89634035	-0.0315	0.4650	0.9127
89634036	-0.5134	-0.0808	0.6267
89634037	-0.3261	-0.2536	1.4581
89634038	-0.4137	0.1657	1.9724
89634039	-0.2136	0.1513	1.0687
89634040	-0.2740	-0.1408	0.0911
89634041	-0.0863	0.0653	0.8994
89634042	-0.2260	-0.0321	1.3766
89634043	-0.3573	-0.2746	1.2010
89634044	-0.2002	-0.1047	0.7866
89634045	-0.1337	0.3247	0.5420
89634046	-0.5440	0.2465	-0.0980
89634047	-0.3089	-0.0015	0.9761
89634048	-0.6488	-0.2751	1.0700
89634049	-0.4124	0.0452	0.7726
89634050	-0.4116	0.2662	-0.1975
89634051	-0.1154	0.3032	-0.1794
89634052	-0.3850	0.2623	0.1628
89634053	-0.7349	-0.3366	0.8609
89634054	-0.5078	-0.5686	0.3531
89634055	0.0619	0.1759	1.1617
89634056	0.0916	0.2750	0.4805
89634057	-0.0810	0.1755	0.7998
89634058	-0.7220	-0.2084	0.6352
89634059	-0.2656	-0.1900	0.9032
89634060	-0.0687	-0.0830	0.3722
89634061	-0.4246	-0.1223	-0.2406
89634062	-0.4756	-0.0428	0.6412
89634063	-0.3323	-0.4416	1.8003
89634064	-0.2983	-0.7139	1.2509
89634065	-0.3775	-0.3766	0.8115
89634066	-0.3457	-0.0558	0.5405
89634067	-0.3473	-0.4120	0.5828
89634068	-0.2097	-0.5376	1.2819
89634069	-0.5372	-0.4279	0.9170
89634070	-0.2228	-0.1329	1.4520
89634071	-0.1769	0.2589	0.8171
89634072	-0.6614	-0.2191	-0.4290
89634073	-0.1916	0.0295	1.1610
89634074	-0.3669	0.0535	1.6190
89634075	-0.2738	-0.0599	1.2238
89634076	-0.4865	0.0201	0.3921
89634077	-0.4248	0.2481	0.5612
89634078	-0.4537	-0.1129	0.9254
89634079	-0.8868	-0.8042	1.0039
89634080	0.1304	-0.2614	2.3833
89634081	0.0047	0.1649	0.9211
89634082	-0.0068	-0.0191	0.9448
89634083	-0.6442	-0.3169	0.4372
89634084	-0.0564	-0.1318	1.3750
89634085	-0.2241	-0.0371	1.6059
89634086	-0.3615	-0.2640	0.4617
89634087	-0.4951	-0.0609	0.0472
89634088	-0.5572	0.1531	0.7495
89634089	-0.5048	-0.0275	0.5181
89634090	-0.0779	-0.0472	1.0094
89634091	-0.2389	-0.1839	0.7946
89634092	-0.0197	0.2817	1.1339
89634093	0.1344	-0.0246	0.5530
89634094	-0.4561	-0.5549	0.4624
89634095	0.2050	0.3171	1.1446
89634096	0.6870	0.4411	1.2944
89634097	-0.5544	-0.7449	-1.4245
89634098	0.2056	0.1736	0.3076
89634099	0.5344	0.5944	1.2528
89634100	0.2930	-0.2010	0.7306
89634101	-0.1764	-0.5912	-0.0107
89634102	-0.0012	0.1591	0.7121
89634103	0.3734	0.4363	0.6343
89634104	0.1608	-0.0837	-1.0645
89634105	0.6903	0.6724	0.3498
89634106	1.1510	0.9481	2.2466
89634107	0.4534	0.0156	-0.1372
89634108	0.9952	-0.0075	-0.3920
89634109	1.2667	0.7724	0.2607
89634110	1.2076	0.8790	0.4151
89634111	0.8186	0.0699	-1.1249
89634112	1.7487	1.1672	0.7673
89634113	2.6711	1.9013	2.0130
89634114	2.5471	1.1045	0.3842
89634115	1.8379	0.6480	-0.8299
89634116	2.1936	1.5319	0.7078
89634117	2.0732	1.5347	1.1733
89634118	2.2234	1.2788	-0.0731
89634119	2.0233	1.2282	-0.2148
89634120	2.1465	1.9534	0.8203
89634121	1.8348	0.9818	0.0245
89634122	1.6221	0.6393	0.1893
89634123	1.8614	1.0155	1.2489
89634124	1.8390	0.8714	0.4930
89634125	2.2595	1.1470	1.3623
89634126	1.9382	0.9655	1.2059
89634127	1.3421	1.0033	1.1284
89634128	0.8935	0.1727	0.2120
89634129	0.9031	0.1954	0.5722
89634130	1.0247	0.5217	0.6911
89634131	0.2480	0.7295	0.3099
89634132	0.4564	0.2675	-0.1163
89634133	0.3747	0.4246	-0.0386
89634134	0.6023	0.4982	0.2702
89634135	0.4357	-0.0150	0.1498
89634136	0.4164	-0.1159	-0.3888
89634137	0.9462	0.6161	0.3171
89634138	0.2534	0.2428	0.4746
89634139	0.2947	-0.2615	0.2546
89634140	-0.1277	-0.2314	-0.3095
89634141	0.0730	-0.1584	0.0300
89634142	-0.1001	-0.0433	-0.2409
89634143	-0.7728	-0.6605	-0.4733
89634144	-0.5970	-0.3216	0.5315
89634145	-1.1222	-0.3829	0.4977
89634146	-1.0703	-0.5752	-0.1052
89634147	-1.2922	-0.8466	-0.4636
89634148	-1.1028	-0.9408	0.7382
89634149	-1.2538	-1.1713	0.8129
89634150	-1.6504	-1.6099	0.7130
89634151	-2.1544	-1.8450	0.0926
89634152	-1.7255	-1.6308	0.5893
89634153	-2.4115	-1.8891	0.4268
89634154	-2.9666	-2.2911	-0.1209
89634155	-2.8643	-2.0071	1.1204
89634156	-2.6455	-2.3277	0.9606
89634157	-3.1039	-2.7229	0.0272
89634158	-3.2595	-2.6981	0.5847
89634159	-3.4414	-2.5143	0.9940
89634160	-3.5813	-2.9393	0.9345
89634161	-3.1123	-2.8356	0.9414
89634162	-2.8533	-2.1143	1.4719
89634163	-3.2865	-2.7995	0.0903
89634164	-3.0015	-2.9342	0.2912
89634165	-2.6658	-1.9086	1.6264
89634166	-2.2444	-1.7724	1.5168
89634167	-2.0591	-1.7695	0.2902
89634168	-1.4039	-1.3528	0.7679
89634169	-0.8499	-0.8652	1.2087
89634170	-0.8778	-1.1470	1.0018
89634171	-0.5187	-0.4066	0.6856
89634172	0.4807	0.8130	1.8554
89634173	0.1049	0.6013	0.6280
89634174	0.7670	0.7083	0.2630
89634175	1.0067	1.3142	0.8865
89634176	1.5439	2.0324	1.5964
89634177	1.3524	1.4551	-0.2235
89634178	2.0670	2.1672	0.4622
89634179	2.2448	2.6880	0.2760
89634180	2.2803	2.4637	-0.0117
89634181	2.6915	2.6203	-0.7155
89634182	2.5482	2.6284	0.1942
89634183	2.4540	2.3127	-0.3240
89634184	1.9103	2.0645	-0.6152
89634185	2.0621	2.1583	-0.4359
89634186	1.5338	1.7976	-0.6812
89634187	1.0077	1.1030	-0.3628
89634188	0.4346	0.6021	-0.6544
89634189	0.0053	0.6817	-0.0607
89634190	-0.2216	0.6107	0.2917
89634191	-1.2502	-0.2810	-0.2973
89634192	-1.9537	-1.1280	-0.6550
89634193	-2.0944	-1.4834	0.0493
89634194	-2.9316	-2.0591	-0.6078
89634195	-3.0245	-2.3104	-0.8793
89634196	-3.3784	-2.3855	-0.1440
89634197	-3.1712	-2.1650	0.8369
89634198	-3.1917	-3.1393	0.8739
89634199	-2.9819	-3.0363	0.8073
89634200	-2.6250	-2.5390	0.5493
89634201	-2.4695	-2.3653	0.5341
89634202	-2.4401	-2.3079	0.0927
89634203	-1.9768	-1.9295	0.7627
89634204	-1.0522	-1.2986	1.0241
89634205	-0.3614	-0.7751	1.0769
89634206	-0.2187	-0.3470	0.0530
89634207	0.1690	0.2851	-0.0972
89634208	0.9054	0.4296	-0.3188
89634209	1.6800	0.9986	0.4100
89634210	2.2662	1.4519	0.8571
89634211	3.2078	1.7653	1.0299
89634212	2.9282	1.6060	0.0784
89634213	3.3119	2.2287	1.0177
89634214	3.1788	2.1010	1.0052
89634215	2.9352	1.5684	0.5228
89634216	2.7222	1.3312	0.6059
89634217	2.2877	1.1735	0.9754
89634218	1.7114	1.2016	0.6775
89634219	0.3417	-0.0214	-0.6601
89634220	-0.3624	-0.4899	0.7177
89634221	-1.2502	-1.3905	0.3537
89634222	-2.1119	-1.9880	0.3962
89634223	-2.2464	-1.7914	1.2941
89634224	-2.6503	-2.3389	1.3219
89634225	-3.3020	-3.2028	1.3075
89634226	-3.5712	-3.6133	1.4684
89634227	-3.5305	-3.3311	2.2283
89634228	-3.4108	-3.4147	2.0479
89634229	-2.8231	-2.5326	2.0730
89634230	-1.7593	-1.8973	2.6982
89634231	-1.6125	-1.9909	1.7447
89634232	-0.5099	-1.3017	2.2503
89634233	0.5242	-0.0852	2.4368
89634234	1.7100	1.7388	2.1066
89634235	2.7958	2.3241	1.8768
89634236	3.4565	2.8214	1.6899
89634237	4.0392	3.4153	1.8313
89634238	4.3186	3.8530	1.1917
89634239	4.0594	3.8338	1.2515
89634240	4.0275	3.9695	1.2685
89634241	2.8276	3.4891	1.4843
89634242	1.1122	1.6701	1.0670
89634243	-1.2816	-0.3126	-0.0088
89634244	-2.9491	-1.5104	-0.3032
89634245	-4.2955	-2.8581	0.0100
89634246	-6.0151	-4.0735	-0.6139
89634247	-6.3603	-4.5670	0.8646
89634248	-7.3205	-5.5042	0.7547
89634249	-7.0018	-5.9877	-0.0355
89634250	-5.2724	-4.6031	0.0691
89634251	-2.8467	-2.3809	0.9743
89634252	-0.0647	-0.1717	0.9669
89634253	2.9345	1.7513	1.8544
89634254	5.4875	3.5622	1.7683
89634255	7.9140	5.0514	2.0572
89634256	8.6425	5.9948	1.7979
89634257	8.5765	6.6365	1.6756
89634258	7.3619	5.3919	2.4105
89634259	4.4285	2.7789	2.3881
89634260	0.7772	0.3350	2.7243
89634261	-3.1565	-2.7256	1.9940
89634262	-6.2307	-4.5414	1.9818
89634263	-8.2525	-5.5825	1.4595
89634264	-9.4044	-6.0720	1.5759
89634265	-8.2045	-5.3581	1.1001
89634266	-5.9279	-3.6877	0.3305
89634267	-2.5263	-0.6045	0.5025
89634268	1.1753	2.4417	0.8987
89634269	3.2358	4.1304	0.1261
89634270	4.5802	4.7103	-0.0925
89634271	4.7096	4.2746	0.1252
89634272	4.3863	3.3572	0.7236
89634273	2.8985	1.5713	0.6185
89634274	0.8337	0.0826	-0.4508
89634275	0.0270	-0.8105	-0.0053
89634276	0.0177	-1.2964	0.4444
89634277	-0.1917	-1.5258	0.8162
89634278	-0.4630	-1.0096	1.3025
89634279	-0.1230	0.0469	2.2470
89634280	-0.5490	0.1104	1.7126
89634281	-0.7869	0.3151	1.6329
89634282	-1.1486	0.0202	1.7769
89634283	-1.5890	-0.2524	1.7625
89634284	-1.8554	-0.7331	1.7042
89634285	-1.5257	-0.5700	1.9051
89634286	-0.7244	-0.4719	1.7083
89634287	0.1416	-0.5303	1.7546
89634288	-0.1001	-1.0494	0.9163
89634289	0.2859	-0.8680	1.2661
89634290	0.6586	-0.5511	1.7646
89634291	0.0924	0.2732	1.2583
89634292	0.3300	0.7342	1.5225
89634293	-0.0972	0.7355	1.1378
89634294	0.0741	1.2091	1.5028
89634295	0.0006	1.1747	1.0605
89634296	-0.1754	1.4792	0.4135
89634297	0.2581	2.0454	0.6483
89634298	0.1494	1.4031	0.8831
89634299	0.2646	0.9352	1.0600
89634300	0.2058	0.1811	1.0329
89634301	0.2658	0.0950	0.9769
89634302	-0.0867	-0.3815	0.4433
89634303	0.2339	0.0492	0.9429
89634304	-0.3776	-0.8321	0.4469
89634305	-1.0056	-1.7450	0.0819
89634306	-0.8376	-1.8358	0.6394
89634307	-0.4525	-1.9184	0.9212
89634308	-0.1585	-1.9679	1.3116
89634309	0.1874	-1.3207	1.1991
89634310	0.6377	-0.8050	2.0800
89634311	0.4428	-0.9841	2.5739
89634312	0.3835	-0.2056	3.0194
89634313	0.6254	1.1198	3.4537
89634314	0.4104	2.1144	2.6063
89634315	0.2637	2.8345	2.1170
89634316	-0.5710	2.7892	0.8466
89634317	-0.9229	2.0839	-0.0757
89634318	-1.1906	1.4831	-1.0230
89634319	-0.9156	1.1030	-1.9251
89634320	-0.5686	0.6274	-1.7735
89634321	-0.8294	-0.4394	-2.0600
89634322	-0.2479	-1.5939	-1.3482
89634323	-0.2518	-2.1105	-0.6889
89634324	0.5029	-2.1805	0.0681
89634325	1.0591	-1.7566	1.1152
89634326	1.2458	-0.8679	1.6551
89634327	1.3890	0.0325	2.5248
89634328	0.7703	-0.1525	2.5334
89634329	0.2746	-0.0778	2.2102
89634330	0.7032	1.3146	3.1289
89634331	0.5058	2.4157	3.1406
89634332	0.1233	2.6730	2.2932
89634333	-0.3440	3.0896	1.7092
89634334	-0.5479	2.4690	1.5406
89634335	-1.1049	1.6209	0.4947
89634336	-1.0233	1.0259	-0.1423
89634337	-0.7692	1.0159	-1.0681
89634338	-0.3207	0.2118	-1.2707
89634339	-1.1964	-0.9374	-1.3216
89634340	-0.3250	-0.9327	0.3001
89634341	-0.0671	-0.4896	1.2945
89634342	-0.0203	-0.1688	0.9856
89634343	0.1565	0.1778	0.6761
89634344	0.6683	0.2105	1.3321
89634345	0.5056	0.0061	1.7983
89634346	0.8298	0.6128	2.4033
89634347	1.0121	1.0286	2.5306
89634348	0.6486	1.1905	2.0717
89634349	0.1321	0.5568	0.8916
89634350	-0.0508	0.4135	1.1431
89634351	-0.2567	-0.0192	1.1446
89634352	-0.4618	-0.6702	1.0569
89634353	-0.4433	-1.0191	0.8413
89634354	-0.6519	-0.3978	0.5698
89634355	-0.8731	-0.5879	0.1675
89634356	-0.8308	-0.4736	-0.2059
89634357	-1.0255	-0.2973	0.1506
89634358	-0.6947	0.1502	0.3207
89634359	0.1405	0.9651	1.1383
89634360	-0.1666	0.9435	-0.1311
89634361	0.1994	1.0080	-0.2064
89634362	0.5683	0.5973	0.3949
89634363	0.5543	0.4749	1.0172
89634364	0.2891	-0.3310	1.1998
89634365	-0.0036	-0.1620	0.8522
89634366	-0.1926	-0.2754	0.8324
89634367	-0.3948	-0.7514	1.0799
89634368	-0.3408	-0.6852	1.4476
89634369	-0.3583	-1.1650	1.5959
89634370	-0.5445	-1.1477	1.0320
89634371	-0.6232	-0.7771	0.7212
89634372	0.4297	0.2031	1.5082
89634373	0.2757	0.1099	0.3771
89634374	0.4541	0.5034	0.9818
89634375	0.4450	0.6913	0.8399
89634376	0.0974	0.0311	0.1898
89634377	-0.1458	0.0181	0.4871
89634378	-0.0524	0.7661	1.1783
89634379	-0.6421	0.3600	0.9905
89634380	-0.3729	0.0303	1.0439
89634381	-0.7891	-0.2812	0.9498
89634382	-0.2482	-0.5632	1.0887
89634383	-0.4285	-0.4577	0.4322
89634384	-0.1963	-0.0235	0.7925
89634385	-0.0406	-0.0677	0.3562
89634386	0.1376	0.4290	0.7052
89634387	-0.0332	0.2383	0.9294
89634388	-0.1592	0.1487	0.8938
89634389	-0.1805	0.4084	0.9468
89634390	0.4698	0.6875	1.8615
89634391	0.1905	0.6379	1.0810
89634392	-0.2719	-0.0431	1.0846
89634393	-0.5969	-0.1838	0.7070
89634394	-0.1239	0.0185	1.4189
89634395	-0.3259	-0.3314	1.0743
89634396	0.1039	-0.1411	1.3917
89634397	0.1915	-0.3222	1.3234
89634398	0.3076	-0.1716	1.0660
89634399	0.3203	-0.6485	0.7441
89634400	0.2952	-0.2939	0.8837
89634401	0.2577	0.2686	1.0360
89634402	0.3378	0.6656	0.5908
89634403	0.3596	0.6195	0.5873
89634404	0.0533	0.5592	0.8034
89634405	-0.8971	-0.6961	-0.0322
89634406	-0.8522	-0.8815	0.1724
89634407	-0.4808	-0.4055	0.8235
89634408	-0.1972	-0.3892	0.4967
89634409	-0.0372	-0.4702	0.4226
89634410	0.4610	0.1072	1.5405
89634411	0.0034	-0.1122	1.4126
89634412	-0.2580	-0.0458	0.9258
89634413	0.0844	0.3457	1.1202
89634414	0.1469	0.6424	0.7650
89634415	0.2277	0.6223	0.9745
89634416	-0.2761	0.4203	1.0030
89634417	-0.3708	0.0280	0.6834
89634418	-0.3099	-0.0087	1.0331
89634419	-0.1172	-0.4989	0.5262
89634420	0.0081	-0.3318	0.9230
89634421	-0.0643	-0.4538	0.6406
89634422	0.1450	-0.2424	0.9260
89634423	-0.0813	-0.4446	0.3750
89634424	0.3002	-0.1897	0.7553
89634425	0.2145	0.6567	0.7264
89634426	0.4424	0.4722	1.2430
89634427	0.2691	0.3299	0.9412
89634428	-0.2492	0.0013	1.0811
89634429	-0.1236	-0.1217	1.3617
89634430	-0.2587	-0.2377	1.0548
89634431	-0.2280	-0.1372	1.4176
89634432	-0.0892	-0.1198	1.7238
89634433	-0.3277	-0.1760	1.3486
89634434	-0.8266	-0.4770	1.1341
89634435	-0.3453	-0.5461	1.5390
89634436	-0.5031	-0.6634	1.4312
89634437	0.1409	0.0492	1.8173
89634438	-0.3383	0.0668	1.1258
89634439	0.1924	0.2719	1.2328
89634440	0.0633	0.3258	1.4499
89634441	-0.1123	0.3632	1.2160
89634442	0.1442	0.2215	1.6210
89634443	0.2862	0.0048	1.5188
89634444	0.1468	0.0177	1.0161
89634445	0.1225	-0.0906	0.9384
89634446	0.1793	0.0227	1.1156
89634447	0.2960	-0.0824	0.7650
89634448	-0.0612	-0.4827	0.3045
89634449	-0.3222	-0.3408	0.3665
89634450	0.1090	-0.3173	0.5569
89634451	0.1224	0.1660	0.8908
89634452	-0.1146	-0.2660	0.9391
89634453	-0.7350	-0.9777	0.2014
89634454	-0.0849	-0.4526	1.4250
89634455	0.0620	-0.1696	1.7318
89634456	-0.1207	-0.5364	1.5632
89634457	-0.2606	-0.5694	1.4375
89634458	-0.0001	-0.6405	1.5958
89634459	-0.4708	-1.2004	0.4953
89634460	-0.0525	-0.4400	1.4848
89634461	-0.0836	0.0973	1.1919
89634462	-0.0928	-0.3135	1.0505
89634463	0.2425	-0.0493	1.7846
89634464	0.0000	0.0000	0.0000
89634465	0.0000	0.0000	0.0000
89634466	0.0000	0.0000	0.0000
89634467	0.0000	0.0000	0.0000
89634468	0.0000	0.0000	0.0000
89634469	0.0000	0.0000	0.0000
89634470	0.0000	0.0000	0.0000
89634471	0.0000	0.0000	0.0000
89634472	0.0000	0.0000	0.0000
89634473	0.0000	0.0000	0.0000
89634474	0.0000	0.0000	0.0000
89634475	0.0000	0.0000	0.0000
89634476	0.0000	0.0000	0.0000
89634477	0.0000	0.0000	0.0000
89634478	0.0000	0.0000	0.0000
89634479	0.0000	0.0000	0.0000
89634480	0.0000	0.0000	0.0000
89634481	0.0000	0.0000	0.0000
89634482	0.0000	0.0000	0.0000
89634483	0.0000	0.0000	0.0000
89634484	0.0000	0.0000	0.0000
89634485	0.0000	0.0000	0.0000
89634486	0.0000	0.0000	0.0000
89634487	0.0000	0.0000	0.0000
89634488	0.0000	0.0000	0.0000
89634489	0.0000	0.0000	0.0000
89634490	0.0000	0.0000	0.0000
89634491	0.0000	0.0000	0.0000
89634492	0.0000	0.0000	0.0000
89634493	0.0000	0.0000	0.0000
89634494	0.0000	0.0000	0.0000
89634495	0.0000	0.0000	0.0000
89634496	0.0000	0.0000	0.0000
89634497	0.0000	0.0000	0.0000
89634498	0.0000	0.0000	0.0000
89634499	0.0000	0.0000	0.0000
89634500	0.0000	0.0000	0.0000
89634501	0.0000	0.0000	0.0000
89634502	0.0000	0.0000	0.0000
89634503	0.0000	0.0000	0.0000
89634504	0.0000	0.0000	0.0000
89634505	0.0000	0.0000	0.0000
89634506	0.0000	0.0000	0.0000
89634507	0.0000	0.0000	0.0000
89634508	0.0000	0.0000	0.0000
89634509	0.0000	0.0000	0.0000
89634510	0.0000	0.0000	0.0000
89634511	0.0000	0.0000	0.0000
89634512	0.0000	0.0000	0.0000
89634513	0.0000	0.0000	0.0000
89634514	0.0000	0.0000	0.0000
89634515	0.0000	0.0000	0.0000
89634516	0.0000	0.0000	0.0000
89634517	0.0000	0.0000	0.0000
89634518	0.0000	0.0000	0.0000
89634519	0.0000	0.0000	0.0000
89634520	0.0000	0.0000	0.0000
89634521	0.0000	0.0000	0.0000
89634522	0.0000	0.0000	0.0000
89634523	0.0000	0.0000	0.0000
89634524	0.0000	0.0000	0.0000
89634525	0.0000	0.0000	0.0000
89634526	0.0000	0.0000	0.0000
89634527	0.0000	0.0000	0.0000
89634528	0.0000	0.0000	0.0000
89634529	0.0000	0.0000	0.0000
89634530	0.0000	0.0000	0.0000
89634531	0.0000	0.0000	0.0000
89634532	0.0000	0.0000	0.0000
89634533	0.0000	0.0000	0.0000
89634534	0.0000	0.0000	0.0000
89634535	0.0000	0.0000	0.0000
89634536	0.0000	0.0000	0.0000
89634537	0.0000	0.0000	0.0000
89634538	0.0000	0.0000	0.0000
89634539	0.0000	0.0000	0.0000
89634540	0.0000	0.0000	0.0000
89634541	0.0000	0.0000	0.0000
89634542	0.0000	0.0000	0.0000
89634543	0.0000	0.0000	0.0000
89634544	0.0000	0.0000	0.0000
89634545	0.0000	0.0000	0.0000
89634546	0.0000	0.0000	0.0000
89634547	0.0000	0.0000	0.0000
89634548	0.0000	0.0000	0.0000
89634549	0.0000	0.0000	0.0000
89634550	0.0000	0.0000	0.0000
89634551	0.0000	0.0000	0.0000
89634552	0.0000	0.0000	0.0000
89634553	0.0000	0.0000	0.0000
89634554	0.0000	0.0000	0.0000
89634555	0.0000	0.0000	0.0000
89634556	0.0000	0.0000	0.0000
89634557	0.0000	0.0000	0.0000
89634558	0.0000	0.0000	0.0000
89634559	0.0000	0.0000	0.0000
89634560	0.0000	0.0000	0.0000
89634561	0.0000	0.0000	0.0000
