89633311	0.4328	1.2464	2.2056
89633312	0.0571	1.3292	0.7717
89633313	0.0923	0.3863	1.3720
89633314	0.4292	0.7462	1.5888
89633315	0.4956	1.4048	1.9617
89633316	0.0518	0.4153	1.9626
89633317	0.2713	0.8041	2.9745
89633318	0.3808	0.2484	2.3007
89633319	-0.0709	0.0179	0.7241
89633320	-0.3330	0.6145	1.7946
89633321	-0.3819	0.1090	0.2792
89633322	0.0732	0.5397	1.6234
89633323	0.0833	-0.1317	1.5639
89633324	-0.2177	0.2996	2.1275
89633325	-0.0031	0.6076	2.0512
89633326	0.4743	1.5124	3.8958
89633327	0.5866	1.8136	4.1734
89633328	0.3226	0.7362	2.7840
89633329	0.6338	0.9809	1.9006
89633330	0.8138	1.5875	3.2418
89633331	0.8045	0.3475	2.8837
89633332	0.5026	1.3002	3.5874
89633333	0.3672	0.6605	1.6954
89633334	0.1348	1.4135	3.1999
89633335	0.0916	1.1774	2.0524
89633336	0.1181	1.1586	3.8938
89633337	0.4524	0.8665	2.4744
89633338	-0.0415	0.6826	3.0841
89633339	0.5486	0.9612	2.1440
89633340	0.5825	0.8028	4.1243
89633341	0.4732	1.3226	4.3791
89633342	0.4026	0.2525	2.2574
89633343	0.2492	1.0731	2.9625
89633344	0.1644	1.1145	2.2766
89633345	0.9963	0.9319	3.5030
89633346	0.4739	1.3489	3.5631
89633347	0.5576	1.6705	4.9363
89633348	0.1941	1.7147	4.0240
89633349	0.2345	0.7706	2.2094
89633350	-0.2354	0.5217	2.9558
89633351	-0.0622	0.7624	2.7282
89633352	-0.0819	-0.2956	1.4501
89633353	-0.0018	0.5317	1.9858
89633354	-0.0717	0.7406	2.7473
89633355	-0.4443	1.0029	1.0042
89633356	-0.4737	1.2054	2.4041
89633357	-0.3028	0.2378	2.2534
89633358	-0.5590	0.7985	1.2283
89633359	-0.2258	0.6382	1.7728
89633360	-1.1773	0.2804	-0.2183
89633361	-0.5530	0.5351	1.8901
89633362	0.1060	0.6233	1.9438
89633363	-0.5672	1.6220	1.7066
89633364	-0.7189	0.4082	1.9641
89633365	0.0784	0.6311	1.2717
89633366	-0.6024	0.8461	1.1446
89633367	-0.4428	0.9676	3.1161
89633368	-0.3768	0.4129	1.1486
89633369	-0.2319	0.6005	1.9625
89633370	-0.0261	-0.0008	1.4666
89633371	-0.1994	-0.2360	2.3573
89633372	0.0924	-0.2449	1.5793
89633373	-0.0915	0.6883	1.4112
89633374	-0.2647	0.4345	2.6535
89633375	0.2089	1.3868	3.3780
89633376	-0.2668	0.5160	3.3630
89633377	0.1638	0.5941	2.4089
89633378	-0.3867	0.3446	1.8057
89633379	0.2069	0.6787	3.0606
89633380	-0.6631	0.2272	1.9816
89633381	0.0999	1.0565	2.9322
89633382	0.1195	0.2883	3.3876
89633383	0.1078	1.0223	3.4863
89633384	0.2117	-0.3572	2.8316
89633385	-0.1750	0.0775	2.7078
89633386	0.0375	0.2616	3.4083
89633387	-0.2564	-0.3630	2.8208
89633388	-0.7136	-0.1326	2.4941
89633389	-0.2158	0.6966	3.1176
89633390	-0.8838	-0.0581	0.9280
89633391	0.0310	0.7372	3.1701
89633392	-0.3035	0.8521	3.7519
89633393	-0.6045	0.3863	3.6314
89633394	-0.7780	0.0387	2.6487
89633395	-0.6148	0.5115	3.0074
89633396	-0.4939	0.2043	2.6022
89633397	-0.2850	0.3496	3.1828
89633398	-0.5587	-0.5792	2.6899
89633399	-0.6998	-0.2161	3.2363
89633400	-0.1530	-0.1136	4.2312
89633401	-0.4030	-0.8588	0.8533
89633402	-0.3280	-0.8164	2.1355
89633403	-0.8701	-0.4383	2.8185
89633404	0.0558	1.0507	4.3244
89633405	0.0705	-0.6374	2.5030
89633406	-0.2153	-0.0029	3.2603
89633407	-0.1812	0.0396	3.8017
89633408	-0.6012	-0.3722	1.5431
89633409	0.0094	-0.1266	2.7991
89633410	0.0295	-0.3160	2.6554
89633411	0.1835	-0.7912	3.1885
89633412	-0.2348	0.4073	3.2961
89633413	0.2408	0.8331	3.9026
89633414	-0.3076	-0.1249	2.5249
89633415	-0.8146	0.0362	2.4182
89633416	-0.7320	-0.7683	2.3105
89633417	-0.1253	0.5181	3.8485
89633418	-0.6663	-0.9931	0.2507
89633419	-0.0583	0.9877	3.2360
89633420	-0.7161	-0.0905	2.3152
89633421	-0.2431	-0.5319	1.6510
89633422	-0.1030	-0.4721	3.4915
89633423	-0.7449	-0.3157	1.1368
89633424	-0.5783	-0.7028	2.1383
89633425	0.3038	0.7080	2.0793
89633426	-0.3693	-0.3308	0.7066
89633427	-0.4220	0.7903	2.3970
89633428	-0.1742	0.3148	3.3886
89633429	0.0390	0.7992	2.2781
89633430	-0.6229	0.3652	1.1169
89633431	-0.7660	0.6835	2.4948
89633432	-0.5978	0.2690	1.6612
89633433	-0.3672	1.3027	2.0210
89633434	-0.0365	0.2804	1.3746
89633435	-0.7043	0.5345	2.0816
89633436	-0.4676	0.5253	1.8921
89633437	-0.6041	0.1196	2.4816
89633438	-0.7271	-0.5950	0.7081
89633439	-0.6259	0.1257	1.7893
89633440	-0.3657	0.7323	2.6306
89633441	-0.3599	-0.0477	2.2558
89633442	-0.2421	0.4224	2.3095
89633443	-0.1223	0.0290	1.5836
89633444	0.1620	1.1305	1.6952
89633445	-0.2018	0.2995	1.0320
89633446	0.2179	0.2092	2.0006
89633447	-0.0236	0.6445	2.0925
89633448	-0.2748	0.2415	0.8747
89633449	0.2271	-0.7604	0.3052
89633450	-0.4956	0.2053	0.7048
89633451	-0.0713	-0.0212	2.1046
89633452	-0.5945	0.5839	1.4130
89633453	-0.7428	-1.0538	0.1523
89633454	0.0185	0.1834	1.2593
89633455	-0.0885	-0.2952	0.3865
89633456	0.1235	0.1244	0.8316
89633457	-0.3215	0.6766	1.3666
89633458	0.2217	0.6355	2.1912
89633459	-0.4088	-0.5076	1.2121
89633460	-0.3332	-0.6022	1.3872
89633461	-0.1526	-0.6400	0.6461
89633462	-0.0597	-0.4005	1.6634
89633463	-0.0818	1.6623	2.3699
89633464	-0.5673	0.6430	1.4409
89633465	-0.2882	0.1073	1.4284
89633466	-0.0526	-0.1048	1.7783
89633467	-0.2314	-0.6279	1.3535
89633468	-0.3490	0.0076	1.5822
89633469	-0.5988	0.0896	1.0091
89633470	-0.5773	-0.7449	0.0588
89633471	-0.3910	-0.3770	1.7361
89633472	-0.3736	0.1376	1.2235
89633473	-0.2685	-0.0420	0.6304
89633474	-0.1491	0.5391	2.4240
89633475	-0.8378	-0.4230	0.3223
89633476	-0.2004	0.7722	2.7513
89633477	-0.2997	-0.5357	0.7852
89633478	-0.2657	0.5674	1.3455
89633479	-0.5510	0.0441	1.3263
89633480	-0.6098	-0.5311	1.2926
89633481	-0.5545	0.6938	2.0959
89633482	-0.3760	0.1766	1.2765
89633483	-0.7995	0.0914	1.5517
89633484	-0.5267	0.5574	0.8334
89633485	-0.4504	-0.0215	1.8137
89633486	-0.5373	0.6539	2.4275
89633487	-0.6067	0.7956	2.1473
89633488	-1.1259	0.2793	0.9329
89633489	-0.4175	0.5390	2.0534
89633490	-0.8046	0.7816	2.3084
89633491	-0.7337	1.3154	3.1825
89633492	-1.2929	-0.2865	0.3085
89633493	-0.8042	0.2145	2.2807
89633494	-0.5448	0.3671	1.2316
89633495	-0.5388	0.5887	1.9805
89633496	0.0392	0.9607	1.7597
89633497	-0.1934	1.4807	1.7967
89633498	-0.6326	0.5581	1.3712
89633499	0.0233	1.1195	3.4351
89633500	-0.4173	1.1542	1.2167
89633501	-0.2934	1.1806	1.7482
89633502	-0.4887	0.5819	1.5238
89633503	-0.8305	0.2991	1.6972
89633504	-0.5004	0.8009	1.7686
89633505	-0.2510	0.7294	1.7051
89633506	-0.2028	0.9850	2.0582
89633507	-0.2069	0.5694	2.0556
89633508	-0.5668	0.0558	0.0981
89633509	-0.3905	0.7183	1.5103
89633510	-0.1974	0.6542	0.7099
89633511	-0.0456	1.3605	3.0980
89633512	-0.1327	1.4895	2.8477
89633513	-0.2159	0.3892	1.5320
89633514	-0.7944	0.4111	2.6241
89633515	-0.4356	1.1942	1.8782
89633516	-0.6712	1.4773	1.5903
89633517	-0.6486	0.4299	1.7431
89633518	-0.3229	1.2343	2.7823
89633519	-0.7590	0.5592	0.6239
89633520	-0.5900	0.6021	1.8150
89633521	-0.3523	0.9667	1.6601
89633522	-0.1596	0.4987	2.8621
89633523	-0.4344	0.4212	1.3819
89633524	-0.1194	0.3253	1.0140
89633525	-0.5607	0.3256	1.6139
89633526	-0.5457	0.4892	1.4897
89633527	-0.5698	0.7406	1.6491
89633528	-0.8511	0.6688	2.1733
89633529	-0.7388	-0.4364	0.2631
89633530	-1.0014	-0.9409	0.1302
89633531	-0.8343	-0.1708	0.7031
89633532	-0.8008	-0.6020	0.7972
89633533	-0.6137	0.4864	1.2807
89633534	-0.4422	0.2973	0.4731
89633535	-0.7484	-0.5156	-0.6675
89633536	-0.6102	0.1303	0.4146
89633537	-0.7507	-0.6120	-0.8417
89633538	-1.2943	-0.0858	-0.9706
89633539	-0.8910	-0.7704	-0.2948
89633540	-0.3647	1.3240	1.2016
89633541	-0.6296	-0.2819	0.0704
89633542	-0.8036	0.2882	0.1614
89633543	-0.5434	0.2467	1.1119
89633544	-0.5771	-0.1786	-0.9199
89633545	-0.5225	-0.1787	-0.0505
89633546	-0.8711	-0.8852	-0.1819
89633547	-0.8970	-0.2718	1.4514
89633548	-0.6784	-1.1024	-0.4545
89633549	-0.4974	-0.1531	0.3985
89633550	-0.5918	-0.3788	0.5775
89633551	-0.3611	-0.0422	0.5631
89633552	-0.5647	-0.7627	0.7723
89633553	-0.3806	0.0919	0.8483
89633554	-0.1013	-0.0305	3.1954
89633555	-0.0581	-0.2100	1.3377
89633556	-0.4432	-0.1429	1.1460
89633557	-0.7344	0.1448	1.7419
89633558	-0.7759	0.5117	2.6409
89633559	-0.8777	0.1035	1.7783
89633560	-0.7795	-0.2988	-0.0296
89633561	-1.0198	-0.6464	0.6107
89633562	-0.5868	1.1531	1.4890
89633563	-1.0184	1.0437	1.1931
89633564	-0.4392	0.8259	0.5182
89633565	-0.3668	1.6658	0.9381
89633566	-0.5406	1.3848	1.2337
89633567	-1.0827	0.7308	1.0332
89633568	-1.1162	0.1121	0.6109
89633569	-0.8970	-0.7807	-0.1375
89633570	-0.7554	0.3218	2.2777
89633571	-0.9837	0.3102	0.9523
89633572	-0.9575	0.2509	0.7823
89633573	-1.0475	0.7847	1.4452
89633574	-0.6373	0.1848	1.4867
89633575	-0.8444	0.1899	1.7085
89633576	-1.0315	0.5393	2.2622
89633577	-0.7124	0.8215	3.2253
89633578	-0.8831	-0.4450	2.0137
89633579	-0.3596	0.8012	2.9637
89633580	-0.3040	0.5662	1.6890
89633581	-0.5926	0.8595	1.8368
89633582	-0.7395	0.1290	2.4790
89633583	-0.4307	0.6468	3.0396
89633584	-0.3372	0.1062	2.0420
89633585	-0.1140	0.3119	3.0364
89633586	-0.5018	1.0164	2.3059
89633587	-0.7523	-0.6786	1.4619
89633588	-0.2049	1.2106	2.9763
89633589	-0.9696	0.6287	2.8690
89633590	-0.5649	0.6613	3.1186
89633591	-0.4510	0.9448	3.8923
89633592	-0.4955	0.1496	2.9134
89633593	-0.7683	0.2729	1.8994
89633594	-0.7945	-0.3311	1.2374
89633595	-0.8651	0.0069	-0.2527
89633596	-0.1350	0.7355	2.8100
89633597	-0.8763	0.9354	2.1176
89633598	-0.2546	1.1839	1.6883
89633599	-0.6344	-0.3558	0.7747
89633600	-1.0386	-0.4537	0.4745
89633601	-0.6290	0.3726	1.3239
89633602	-0.5429	0.2811	2.2496
89633603	-0.5762	0.2853	2.3964
89633604	-0.6029	0.5599	1.1787
89633605	-0.5168	0.1666	2.1048
89633606	-0.8901	-0.2451	1.9111
89633607	-0.5590	-0.1159	1.3452
89633608	-0.6456	0.2413	2.3278
89633609	-0.1309	0.7083	2.9777
89633610	-0.1483	0.0633	1.6095
89633611	-0.2566	0.3783	1.6415
89633612	-0.7789	-0.2715	1.1070
89633613	-0.7474	-0.7079	-0.4406
89633614	-1.1882	-0.1378	-0.2924
89633615	-0.3957	-0.0270	0.5871
89633616	-1.3194	-0.9280	-0.3033
89633617	-0.6771	-0.7213	0.0131
89633618	-0.5540	-0.5389	0.3895
89633619	-1.1675	-0.4502	-1.1004
89633620	-1.2105	-0.3477	-0.3177
89633621	-0.4826	-0.2133	-0.7843
89633622	-0.9150	-0.9479	-0.1241
89633623	-0.6567	0.1459	0.3164
89633624	-0.9790	-0.1163	0.3255
89633625	-0.6629	0.7127	1.5332
89633626	-0.9999	-0.6615	-1.0617
89633627	-1.1817	-0.1400	0.0552
89633628	-0.7488	-0.5286	-0.1741
89633629	-0.1883	0.3631	1.1200
89633630	-0.7190	-1.2077	-0.3968
89633631	-0.2838	-1.4443	0.9739
89633632	-0.0826	-0.7871	-0.2914
89633633	-0.2653	-0.6415	0.0310
89633634	-0.8409	-1.1920	0.1286
89633635	-0.6237	-0.6916	0.2371
89633636	-0.1861	0.2073	0.3527
89633637	-0.6383	-0.4447	0.4076
89633638	-1.3225	-0.1172	0.1118
89633639	-0.7878	0.1212	1.0353
89633640	-0.4997	-0.1825	1.1498
89633641	-0.8887	-1.2206	-0.1901
89633642	-0.9330	0.1160	0.4145
89633643	-1.1927	-1.0255	-0.6631
89633644	-0.8930	0.1016	2.0878
89633645	-1.0433	0.3652	0.8103
89633646	-1.2708	-0.2167	0.5300
89633647	-0.6893	-0.0238	0.7222
89633648	-0.6159	-0.2784	1.3573
89633649	-1.1774	-1.0770	0.1666
89633650	-0.7933	0.1662	0.2207
89633651	-0.9061	-0.8882	0.2907
89633652	-0.8813	0.1835	0.0009
89633653	-0.8973	-0.4855	0.6113
89633654	-0.7253	0.3768	1.1679
89633655	-1.1100	-0.2022	0.2149
89633656	-0.7044	-0.1743	-0.0723
89633657	-0.4931	-0.0139	-0.0672
89633658	-0.7344	0.4823	1.0247
89633659	-0.6275	0.9156	0.7986
89633660	-0.7118	-0.1144	-0.6240
89633661	-0.8569	-0.5488	-0.3964
89633662	-0.5277	0.3974	0.1812
89633663	-0.3171	1.0258	1.3322
89633664	-0.9421	0.0560	-0.9122
89633665	-1.3287	-0.4854	-0.8160
89633666	-0.9632	-0.7315	-2.0210
89633667	-0.9070	-0.3159	-0.5380
89633668	-0.9565	-0.3072	0.2528
89633669	-0.2509	0.5261	-0.3379
89633670	-0.5449	0.5604	0.6378
89633671	-0.4137	-0.1045	-0.0634
89633672	-0.1422	-0.2555	0.4940
89633673	-0.7537	0.4209	0.1237
89633674	-0.1553	0.5611	-0.2195
89633675	-0.4146	-0.3403	-0.2483
89633676	-0.2746	0.1826	0.2988
89633677	-0.0691	-0.4744	1.4602
89633678	-1.5364	-1.2360	-1.7454
89633679	-0.3397	-1.2126	0.0550
89633680	-0.4636	-0.5213	0.0909
89633681	-0.1361	0.6799	0.8731
89633682	-0.9078	-1.5754	-1.2120
89633683	-0.2148	0.5748	0.6508
89633684	-0.5965	-0.2696	-0.0092
89633685	-0.7808	-0.9230	-0.5569
89633686	-0.4438	0.4172	1.2786
89633687	-0.0391	0.2627	1.0817
89633688	0.3541	1.7636	2.4894
89633689	-0.4914	-1.2994	0.6524
89633690	0.0680	0.3754	1.7136
89633691	-0.9088	-0.0635	-0.2519
89633692	-1.0989	-0.0430	0.9428
89633693	-0.9035	-0.7616	-0.8010
89633694	-0.5743	-1.3914	-2.0029
89633695	-0.5969	-1.0493	-0.8090
89633696	-0.3473	-0.0269	-0.1433
89633697	-0.6152	-0.1812	0.2627
89633698	-0.4705	-0.1742	1.4170
89633699	-0.6694	-0.1728	0.1790
89633700	-0.5173	1.1803	1.6171
89633701	-0.1141	-0.1241	2.3624
89633702	-0.1009	-0.4935	0.7207
89633703	-0.8471	-0.2503	-0.0811
89633704	-0.8156	-1.1517	0.1751
89633705	-0.9602	-1.6375	-0.8950
89633706	-0.5095	-0.4087	0.2398
89633707	-0.5039	-0.8028	-0.3317
89633708	-0.8115	-1.2517	-0.8472
89633709	-1.1050	-1.6645	-0.9001
89633710	-1.2816	-0.9656	-0.4998
89633711	-1.0759	-1.9989	-1.1308
89633712	-0.4846	-0.8187	1.3191
89633713	-1.3362	-0.8138	-0.3479
89633714	-2.0648	-1.9892	-1.1185
89633715	-1.5801	-1.3314	0.6574
89633716	-1.0987	-1.1385	0.1192
89633717	-1.0034	-1.6477	-0.0383
89633718	-1.1164	-0.1572	0.8488
89633719	-2.0444	-2.1604	-1.5660
89633720	-1.5605	-0.7033	-0.4318
89633721	-1.5960	-1.9563	-0.8274
89633722	-1.2071	-0.3927	1.9591
89633723	-1.8291	-1.1237	-0.6506
89633724	-1.9512	-1.8688	0.0097
89633725	-1.4226	-1.4815	-0.0483
89633726	-1.7810	-2.9098	-1.1312
89633727	-1.3330	-2.8801	-0.3443
89633728	-1.5805	-1.8831	-1.7800
89633729	-1.4610	-1.7857	0.7323
89633730	-1.4024	-1.1292	0.6971
89633731	-1.7290	-1.7736	-0.1037
89633732	-1.8552	-1.8151	0.0619
89633733	-1.3326	-0.6463	1.9198
89633734	-1.8427	-1.0427	0.7587
89633735	-1.0985	-0.4714	0.3832
89633736	-0.9885	-0.7745	0.7342
89633737	-1.6162	-1.9138	-0.0743
89633738	-1.8035	-1.4993	0.3416
89633739	-1.5242	-1.4784	0.0939
89633740	-1.2066	-2.4369	1.3377
89633741	-1.2393	-1.4201	0.6273
89633742	-1.5240	-2.2797	-0.6964
89633743	-1.5877	-1.9460	0.1336
89633744	-1.6549	-0.9919	-1.3873
89633745	-1.2673	-2.1914	-0.2853
89633746	-1.0848	-1.2679	0.4156
89633747	-0.7800	-1.4731	1.2530
89633748	-1.5295	-1.2374	-0.8946
89633749	-1.5802	-0.8716	-0.0560
89633750	-2.0708	-0.9197	-0.1901
89633751	-1.1241	-2.1569	1.0069
89633752	-1.5941	-1.7627	-0.0563
89633753	-2.0291	-1.5373	-0.5719
89633754	-1.7758	-0.9182	-0.4833
89633755	-2.4088	-2.7339	-1.8143
89633756	-1.7839	-1.4682	-1.0818
89633757	-1.3833	-0.8371	-0.5877
89633758	-1.7168	-2.6450	-0.8964
89633759	-1.9248	-2.0882	-1.7546
89633760	-1.8671	-1.0604	-1.3429
89633761	-1.7091	-2.1748	-0.1952
89633762	-1.6881	-0.7472	-1.2396
89633763	-1.5084	-2.8691	-2.0960
89633764	-1.7310	-1.9156	-1.2162
89633765	-1.4301	-2.0489	-0.1345
89633766	-1.4040	-1.6309	0.0367
89633767	-1.1869	-1.6479	-0.2454
89633768	-1.3529	-2.5904	-0.8722
89633769	-0.7896	-1.3714	0.5615
89633770	-1.1668	-1.2387	0.2602
89633771	-1.3574	-2.3153	-0.7738
89633772	-1.0903	-2.2327	-0.8527
89633773	-0.3269	-0.0235	0.2286
89633774	-0.2919	-0.8851	-0.8927
89633775	0.2468	0.5925	0.8684
89633776	0.5291	0.0764	0.0925
89633777	0.7097	-0.2949	0.1074
89633778	0.7075	0.9957	0.0868
89633779	1.1513	1.3266	-1.2251
89633780	1.8745	1.1228	-1.0893
89633781	2.6792	3.2869	-0.3339
89633782	3.0682	3.2952	0.0452
89633783	3.7046	4.8438	-0.4414
89633784	3.2984	4.9265	0.5675
89633785	3.7194	5.8648	0.6216
89633786	3.9831	5.1472	-0.5227
89633787	4.9436	5.8882	0.2613
89633788	4.4943	6.9469	-0.7952
89633789	5.0956	6.4713	-0.0961
89633790	5.3480	7.2477	1.5262
89633791	5.0789	7.0038	0.4301
89633792	5.2664	5.8891	-1.7071
89633793	5.7204	5.9793	0.0567
89633794	5.4230	7.5291	1.3779
89633795	4.7896	4.0211	-0.2312
89633796	3.9664	5.1382	2.0762
89633797	3.1222	3.2385	0.2700
89633798	1.4373	2.0476	0.9704
89633799	1.0857	2.6036	2.8274
89633800	-0.6175	0.3341	2.1282
89633801	-2.9486	-1.8249	1.2399
89633802	-4.8868	-3.1398	3.0585
89633803	-7.1068	-4.9162	2.4005
89633804	-10.6724	-7.0973	2.7069
89633805	-13.5013	-10.7371	1.0052
89633806	-15.8397	-11.9750	1.6413
89633807	-17.2710	-14.6048	1.2097
89633808	-18.7237	-16.6180	0.9022
89633809	-17.6444	-16.3679	2.0041
89633810	-16.5631	-14.0659	1.9219
89633811	-13.0981	-9.8722	2.1345
89633812	-8.6570	-5.9516	1.2684
89633813	-3.2467	-0.5332	3.8006
89633814	2.3761	5.5396	3.1547
89633815	7.8036	12.7043	3.5546
89633816	12.3661	17.0844	-0.5161
89633817	16.9958	22.9529	1.2446
89633818	20.1591	27.0929	0.7772
89633819	19.5880	25.0467	-1.8413
89633820	16.6674	21.0825	-2.7455
89633821	11.2251	14.8118	-4.6433
89633822	5.2492	7.3678	-5.2712
89633823	-2.0306	-1.5475	-5.4652
89633824	-8.0122	-9.2486	-5.5275
89633825	-12.7576	-15.8143	-3.3852
89633826	-13.0598	-18.2134	-1.6893
89633827	-9.5207	-15.9137	2.5596
89633828	-4.2031	-11.5784	6.3654
89633829	0.2257	-4.3905	8.8205
89633830	2.5035	-2.0909	11.6828
89633831	3.4444	1.0697	12.9299
89633832	2.9238	1.8646	12.5716
89633833	1.7029	4.3373	12.5422
89633834	-1.0356	4.3796	9.2981
89633835	-1.9297	5.2237	7.7042
89633836	-3.5546	5.8225	4.7944
89633837	-4.1658	5.5048	3.6245
89633838	-3.8950	4.2082	1.8709
89633839	-3.4448	1.4715	-1.3662
89633840	-1.7481	2.0632	-3.4470
89633841	-0.6743	2.1815	-1.0417
89633842	0.4501	2.8509	-0.6724
89633843	0.6572	2.5154	-1.9943
89633844	0.6993	0.5475	-2.1881
89633845	1.4248	-1.1716	-1.1629
89633846	1.6077	-1.3768	1.0736
89633847	1.4128	-1.7193	1.2590
89633848	2.2060	-0.7932	1.9215
89633849	1.7655	0.2398	3.0599
89633850	1.6612	0.3847	3.6467
89633851	1.0431	0.2708	5.2673
89633852	0.3322	-0.1039	4.8998
89633853	0.2637	0.5527	4.6578
89633854	0.4571	1.1835	4.2816
89633855	0.2629	0.5539	4.3951
89633856	0.6543	2.5407	4.7349
89633857	0.1547	2.1891	3.4919
89633858	0.1081	2.7785	5.2563
89633859	-0.4380	2.8685	3.3315
89633860	-0.5642	1.3596	1.2532
89633861	-0.1554	1.9133	2.5837
89633862	-0.1494	1.8365	2.6076
89633863	-0.2984	1.1496	1.5990
89633864	-1.0786	-0.4762	2.1221
89633865	-0.6940	0.1954	1.7729
89633866	-0.1368	-0.2455	1.7432
89633867	-0.0030	-0.5631	1.5052
89633868	0.2254	0.3928	3.8934
89633869	-1.0159	-1.4399	0.5607
89633870	-0.5562	0.3813	2.5137
89633871	0.8104	0.7358	2.1409
89633872	1.0483	1.7269	1.8470
89633873	1.1347	0.9682	3.1765
89633874	0.7924	-0.5898	1.4261
89633875	0.5574	0.4330	3.1180
89633876	0.1360	-0.8157	2.4454
89633877	-0.3660	-0.8366	0.6152
89633878	0.5095	0.0913	3.3120
89633879	0.0508	0.6930	4.1745
89633880	0.1951	-0.1208	3.6678
89633881	0.6112	-0.0220	4.3581
89633882	0.7981	0.9053	5.3466
89633883	0.7387	1.7359	3.6458
89633884	-0.2154	0.8827	4.1330
89633885	-0.8709	-0.5037	2.1021
89633886	-0.7587	0.6763	2.5065
89633887	-0.9071	0.5882	2.6740
89633888	-0.5396	-0.0933	2.0621
89633889	-1.1539	0.4309	2.0933
89633890	-1.2362	0.2199	1.7830
89633891	-0.3154	0.5983	2.5141
89633892	-0.1030	1.5393	2.2768
89633893	-0.2129	0.2623	3.1731
89633894	0.5923	0.3022	3.2554
89633895	0.7890	-1.1115	3.3295
89633896	0.4965	-0.7244	3.3533
89633897	0.2993	0.8459	4.1070
89633898	0.5167	-0.7715	4.5151
89633899	0.8510	-1.1611	4.7084
89633900	1.0271	-0.0400	4.7953
89633901	-0.0127	-0.3483	3.9018
89633902	-0.2794	0.7160	4.8492
89633903	-0.1761	0.7030	3.8863
89633904	0.4395	1.9404	5.5808
89633905	-0.5061	1.5613	4.7500
89633906	-0.4285	1.8814	3.5594
89633907	-0.4065	1.0990	3.1332
89633908	0.3398	1.8180	5.0936
89633909	0.2338	1.0130	4.1008
89633910	-0.0517	0.9232	4.2694
89633911	-0.2036	0.1240	3.9407
89633912	0.6319	0.0618	3.7770
89633913	0.1202	-0.3510	2.5223
89633914	-0.1532	-1.2231	2.8962
89633915	0.0817	-0.2192	4.1132
89633916	-0.1499	0.4535	3.0309
89633917	0.2394	-0.3578	3.5799
89633918	0.1083	0.3947	2.7803
89633919	0.0574	-0.7795	2.8660
89633920	-0.4929	-0.1907	0.6582
89633921	-1.2937	-0.9702	1.4133
89633922	-1.2052	0.1516	1.7698
89633923	-0.4115	0.6018	3.5288
89633924	0.5879	1.0716	2.8060
89633925	1.0636	0.9646	5.0931
89633926	0.6663	1.7507	4.1770
89633927	0.3836	1.2105	3.6984
89633928	-0.3528	-0.3998	2.6727
89633929	0.1971	-0.4290	4.5659
89633930	0.2991	-0.3102	4.6184
89633931	0.1779	-1.7044	2.7771
89633932	-0.5053	-0.9062	3.7149
89633933	-0.3192	-1.2402	2.5078
89633934	-0.1515	-0.5677	2.9156
89633935	0.1222	-0.6435	2.9930
89633936	-0.3151	-0.6522	1.4822
89633937	-0.3349	-1.0440	1.4256
89633938	-0.4420	-1.0522	1.7507
89633939	0.0909	0.0449	1.9987
89633940	0.8750	-0.2311	3.4001
89633941	0.1084	1.4003	3.9516
89633942	0.7248	0.4400	3.6363
89633943	0.3776	-0.2188	2.8395
89633944	-0.1061	0.1992	3.0820
89633945	-0.1276	0.0742	3.7719
89633946	-0.9015	-0.3731	2.0923
89633947	-0.3397	-0.7566	1.4133
89633948	-0.8036	-0.9367	0.8551
89633949	-0.6086	-0.4430	3.2076
89633950	-0.1577	-1.9687	0.8078
89633951	-0.0986	-0.2254	1.5117
89633952	0.1100	-1.0821	1.3633
89633953	0.3344	-2.2244	2.3418
89633954	0.3682	-1.0586	2.8638
89633955	-0.0603	-1.5150	2.4836
89633956	-0.0242	-2.4408	0.7381
89633957	0.3726	-0.7613	2.5229
89633958	0.0046	-0.6074	1.0516
89633959	0.3218	0.1361	2.6088
89633960	0.6481	-0.1416	3.2756
89633961	0.7666	0.2420	1.4499
89633962	1.6325	1.3933	3.4120
89633963	1.0415	0.8059	2.1642
89633964	0.9782	-0.0544	2.3500
89633965	1.0872	0.3495	2.8917
89633966	0.8307	-0.1944	1.8763
89633967	1.1542	1.7443	4.4634
89633968	0.7305	0.4658	4.0663
89633969	-0.6423	-0.7391	1.9253
89633970	-0.6890	-1.0507	1.6971
89633971	0.3135	0.2676	3.3038
89633972	0.0434	-0.3613	1.2121
89633973	0.1284	-0.7880	1.7850
89633974	0.3366	-1.2380	1.1851
89633975	0.6530	0.0082	2.0643
89633976	0.9472	0.4663	4.7957
89633977	1.1259	1.5151	4.5887
89633978	0.3489	0.2851	2.8918
89633979	0.3811	1.6388	5.4117
89633980	0.1128	1.1103	2.8426
89633981	-0.3227	1.3783	3.3086
89633982	-0.3645	1.7985	2.9856
89633983	-0.2914	-0.7434	1.9843
89633984	0.1577	-0.4409	0.9687
89633985	0.0170	0.5869	1.9263
89633986	0.3343	-1.0770	1.3698
89633987	0.1177	0.8600	2.4049
89633988	0.4187	0.8769	2.9013
89633989	-0.0751	0.7166	2.9883
89633990	-0.3038	0.6224	2.7640
89633991	-0.4586	-0.2040	1.4998
89633992	-0.6858	0.5401	1.6335
89633993	-0.5654	1.0385	1.9946
89633994	-0.8310	0.4063	2.5509
89633995	0.2692	0.1784	4.2902
89633996	0.0234	0.0822	2.9563
89633997	-0.3325	-0.4394	0.8981
89633998	-1.2919	0.4355	0.7475
89633999	0.0475	0.3544	3.2028
89634000	0.3628	1.6249	3.2812
89634001	-0.2572	1.3681	0.6364
89634002	0.3346	0.1537	2.8668
89634003	-0.4057	0.7005	1.2096
89634004	-0.8182	-0.5876	0.8875
89634005	0.3171	0.5945	1.1941
89634006	0.3226	0.3661	1.3232
89634007	-0.0004	0.4138	1.7356
89634008	0.8891	2.1975	2.5618
89634009	0.6711	0.0093	-0.2371
89634010	0.3074	0.7202	0.8766
89634011	-0.1008	-0.6848	-0.9469
89634012	0.2265	-0.9671	-0.5329
89634013	-0.1481	-0.8598	-1.0921
89634014	0.4347	-1.5674	-2.0624
89634015	0.2092	-0.3995	-0.2284
89634016	0.5093	0.3287	-0.4556
89634017	0.7260	-0.3347	0.5683
89634018	-0.2482	0.2093	0.3753
89634019	0.0984	-0.3430	0.3421
89634020	0.0215	-0.2462	-0.5428
89634021	0.0233	-0.7234	-0.3744
89634022	0.3957	-0.3355	1.0924
89634023	0.2858	-0.5259	0.8493
89634024	0.2653	-1.2666	-0.0988
89634025	0.1027	-0.7292	-0.6633
89634026	0.1096	0.3575	0.2792
89634027	0.1186	2.3030	1.6421
89634028	0.5747	0.3437	2.3693
89634029	0.0154	-0.4414	1.3363
89634030	-0.2582	-0.1990	1.0149
89634031	-0.3062	0.2189	1.4812
89634032	-0.7317	-0.5599	0.3857
89634033	0.0272	0.4393	1.7659
89634034	0.3690	0.9418	1.6769
89634035	0.7530	2.1185	1.6246
89634036	0.1940	1.5321	1.4976
89634037	0.1621	0.5098	0.2668
89634038	-0.0001	0.1688	1.5241
89634039	0.7528	0.9395	2.0086
89634040	0.3476	0.9519	1.5964
89634041	0.4834	1.4100	1.4626
89634042	-0.0792	0.2650	0.4569
89634043	-0.1128	-0.7786	1.2418
89634044	0.2818	-0.4698	1.3251
89634045	0.3792	-1.0718	0.9895
89634046	0.3748	-0.2055	0.4058
89634047	0.3788	-1.3114	-0.1242
89634048	0.1140	-0.8292	1.3202
89634049	-0.1833	-0.3161	-0.4363
89634050	-0.4382	1.0699	-0.1486
89634051	0.0552	0.3204	0.3492
89634052	-0.3329	1.1763	0.6299
89634053	-0.0944	-0.7431	0.0072
89634054	-0.2264	-0.0485	0.1718
89634055	0.9675	0.8388	0.3745
89634056	0.1324	0.2483	1.6393
89634057	1.5869	3.0256	2.2884
89634058	0.6104	1.6246	-0.1518
89634059	0.5805	-0.6989	-0.5939
89634060	0.7946	0.1531	-1.1527
89634061	-0.4938	-2.9101	-3.6977
89634062	-0.2359	-2.3284	-2.8564
89634063	-0.0891	-1.9713	-1.3940
89634064	0.1635	-2.2533	-2.4380
89634065	0.2551	-1.2491	-1.7144
89634066	-0.1044	-1.2213	-3.4582
89634067	0.1568	-0.3469	-0.2824
89634068	0.5958	-0.9046	-0.0622
89634069	-0.0311	-0.3485	-0.3396
89634070	0.6469	-0.5618	-0.3535
89634071	0.4087	-1.3814	-0.1193
89634072	0.2322	-1.3714	-0.9498
89634073	0.2734	-1.5967	-0.4857
89634074	0.0931	-1.6695	-1.1899
89634075	0.3627	-1.6238	-0.2921
89634076	0.0005	-0.5547	-0.3694
89634077	-0.1661	-1.6779	0.0243
89634078	-0.2383	-1.1821	-0.5786
89634079	-0.4235	-1.0439	0.0242
89634080	0.4831	-1.9360	-1.2581
89634081	0.5943	-0.3042	0.3719
89634082	0.6186	-0.9608	0.1552
89634083	0.3182	-1.4820	-0.2430
89634084	0.2988	-1.0229	-0.0844
89634085	-0.0217	-0.0784	0.2540
89634086	-0.5256	-1.0772	1.2532
89634087	-0.2565	-0.8835	-1.7359
89634088	-1.2475	-2.2034	-0.4897
89634089	-0.7819	-1.2648	-0.5399
89634090	0.0045	-0.8729	-0.0009
89634091	0.0290	-1.4730	0.6250
89634092	0.2471	-1.3608	-0.3702
89634093	0.2445	-0.9109	0.6347
89634094	-0.8802	-2.7326	-2.4942
89634095	0.0784	0.4800	1.8436
89634096	-0.0354	-0.9347	0.8116
89634097	-0.5391	-0.5038	3.0606
89634098	-0.3574	-0.0776	1.9952
89634099	-0.3624	0.7625	1.9018
89634100	-0.4478	-0.1639	1.1289
89634101	-0.6876	-0.9835	0.1273
89634102	-0.3707	-1.0998	0.7812
89634103	-0.4734	-1.6992	-0.3855
89634104	-0.8839	-0.8100	0.4041
89634105	-0.5955	-1.5257	0.5979
89634106	-0.4776	-1.2730	0.0211
89634107	-1.5405	-0.3182	1.3212
89634108	-0.9267	-0.6831	-1.5681
89634109	-0.6800	-1.3161	-0.7142
89634110	-1.7729	-1.0724	0.1767
89634111	0.0000	-1.1514	0.0000
89634112	0.0000	-0.1110	0.0000
89634113	0.0000	0.2957	0.0000
89634114	0.0000	0.0228	0.0000
89634115	0.0000	0.6190	0.0000
89634116	0.0000	-0.9065	0.0000
89634117	0.0000	-2.0395	0.0000
89634118	0.0000	-1.1553	0.0000
89634119	0.0000	-0.2707	0.0000
89634120	0.0000	-1.4854	0.0000
89634121	0.0000	-0.0243	0.0000
89634122	0.0000	-0.0063	0.0000
89634123	0.0000	1.1885	0.0000
89634124	0.0000	-0.7829	0.0000
89634125	0.0000	-0.1223	0.0000
89634126	0.0000	0.5503	0.0000
89634127	0.0000	0.9014	0.0000
89634128	0.0000	0.7809	0.0000
89634129	0.0000	1.3425	0.0000
89634130	0.0000	1.2768	0.0000
89634131	0.0000	1.0387	0.0000
89634132	0.0000	2.0426	0.0000
89634133	0.0000	1.1111	0.0000
89634134	0.0000	1.5076	0.0000
89634135	0.0000	0.8808	0.0000
89634136	0.0000	0.5660	0.0000
89634137	0.0000	1.0250	0.0000
89634138	0.0000	1.7970	0.0000
89634139	0.0000	1.4976	0.0000
89634140	0.0000	1.2706	0.0000
89634141	0.0000	0.9792	0.0000
89634142	0.0000	1.7531	0.0000
89634143	0.0000	0.2009	0.0000
89634144	0.0000	0.3950	0.0000
89634145	0.0000	1.4695	0.0000
89634146	0.0000	1.0608	0.0000
89634147	0.0000	1.3716	0.0000
89634148	0.0000	0.2238	0.0000
89634149	0.0000	0.9197	0.0000
89634150	0.0000	-1.5086	0.0000
89634151	0.0000	-0.2876	0.0000
89634152	0.0000	0.1978	0.0000
89634153	0.0000	1.4263	0.0000
89634154	0.0000	0.1458	0.0000
89634155	0.0000	0.3699	0.0000
89634156	0.0000	0.7037	0.0000
89634157	0.0000	0.0325	0.0000
89634158	0.0000	-0.4936	0.0000
89634159	0.0000	0.2749	0.0000
89634160	0.0000	-0.5616	0.0000
89634161	0.0000	0.3326	0.0000
89634162	0.0000	2.5291	0.0000
89634163	0.0000	-0.0658	0.0000
89634164	0.0000	0.6866	0.0000
89634165	0.0000	1.4621	0.0000
89634166	0.0000	0.7681	0.0000
89634167	0.0000	0.1223	0.0000
89634168	0.0000	-0.5823	0.0000
89634169	0.0000	-0.4052	0.0000
89634170	0.0000	0.9463	0.0000
89634171	0.0000	0.3004	0.0000
89634172	0.0000	1.3373	0.0000
89634173	0.0000	-0.0652	0.0000
89634174	0.0000	0.4232	0.0000
89634175	0.0000	0.9698	0.0000
89634176	0.0000	1.9968	0.0000
89634177	0.0000	-0.7306	0.0000
89634178	0.0000	-0.8625	0.0000
89634179	0.0000	-0.3617	0.0000
89634180	0.0000	-1.7906	0.0000
89634181	0.0000	2.3007	0.0000
89634182	0.0000	0.8498	0.0000
89634183	0.0000	1.6082	0.0000
89634184	0.0000	0.2226	0.0000
89634185	0.0000	-0.2321	0.0000
89634186	0.0000	0.8621	0.0000
89634187	0.0000	-0.6075	0.0000
89634188	0.0000	0.9203	0.0000
89634189	0.0000	1.1410	0.0000
89634190	0.0000	0.9843	0.0000
89634191	0.0000	1.2195	0.0000
89634192	0.0000	1.3597	0.0000
89634193	0.0000	0.1450	0.0000
89634194	0.0000	1.2244	0.0000
89634195	0.0000	0.7021	0.0000
89634196	0.0000	0.7607	0.0000
89634197	0.0000	1.9103	0.0000
89634198	0.0000	-0.7695	0.0000
89634199	0.0000	1.4587	0.0000
89634200	0.0000	1.2318	0.0000
89634201	0.0000	1.3331	0.0000
89634202	0.0000	1.1573	0.0000
89634203	0.0000	1.3268	0.0000
89634204	0.0000	1.1007	0.0000
89634205	0.0000	1.0442	0.0000
89634206	0.0000	1.2974	0.0000
89634207	0.0000	0.8807	0.0000
89634208	0.0000	-0.2937	0.0000
89634209	0.0000	0.7056	0.0000
89634210	0.0000	0.7026	0.0000
89634211	0.0000	0.9387	0.0000
89634212	0.0000	0.0000	0.0000
89634213	0.0000	0.0000	0.0000
89634214	0.0000	0.0000	0.0000
89634215	0.0000	0.0000	0.0000
89634216	0.0000	0.0000	0.0000
89634217	0.0000	0.0000	0.0000
89634218	0.0000	0.0000	0.0000
89634219	0.0000	0.0000	0.0000
89634220	0.0000	0.0000	0.0000
89634221	0.0000	0.0000	0.0000
89634222	0.0000	0.0000	0.0000
89634223	0.0000	0.0000	0.0000
89634224	0.0000	0.0000	0.0000
89634225	0.0000	0.0000	0.0000
89634226	0.0000	0.0000	0.0000
89634227	0.0000	0.0000	0.0000
89634228	0.0000	0.0000	0.0000
89634229	0.0000	0.0000	0.0000
89634230	0.0000	0.0000	0.0000
89634231	0.0000	0.0000	0.0000
89634232	0.0000	0.0000	0.0000
89634233	0.0000	0.0000	0.0000
89634234	0.0000	0.0000	0.0000
89634235	0.0000	0.0000	0.0000
89634236	0.0000	0.0000	0.0000
89634237	0.0000	0.0000	0.0000
89634238	0.0000	0.0000	0.0000
89634239	0.0000	0.0000	0.0000
89634240	0.0000	0.0000	0.0000
89634241	0.0000	0.0000	0.0000
89634242	0.0000	0.0000	0.0000
89634243	0.0000	0.0000	0.0000
89634244	0.0000	0.0000	0.0000
89634245	0.0000	0.0000	0.0000
89634246	0.0000	0.0000	0.0000
89634247	0.0000	0.0000	0.0000
89634248	0.0000	0.0000	0.0000
89634249	0.0000	0.0000	0.0000
89634250	0.0000	0.0000	0.0000
89634251	0.0000	0.0000	0.0000
89634252	0.0000	0.0000	0.0000
89634253	0.0000	0.0000	0.0000
89634254	0.0000	0.0000	0.0000
89634255	0.0000	0.0000	0.0000
89634256	0.0000	0.0000	0.0000
89634257	0.0000	0.0000	0.0000
89634258	0.0000	0.0000	0.0000
89634259	0.0000	0.0000	0.0000
89634260	0.0000	0.0000	0.0000
89634261	0.0000	0.0000	0.0000
89634262	0.0000	0.0000	0.0000
89634263	0.0000	0.0000	0.0000
89634264	0.0000	0.0000	0.0000
89634265	0.0000	0.0000	0.0000
89634266	0.0000	0.0000	0.0000
89634267	0.0000	0.0000	0.0000
89634268	0.0000	0.0000	0.0000
89634269	0.0000	0.0000	0.0000
89634270	0.0000	0.0000	0.0000
89634271	0.0000	0.0000	0.0000
89634272	0.0000	0.0000	0.0000
89634273	0.0000	0.0000	0.0000
89634274	0.0000	0.0000	0.0000
89634275	0.0000	0.0000	0.0000
89634276	0.0000	0.0000	0.0000
89634277	0.0000	0.0000	0.0000
89634278	0.0000	0.0000	0.0000
89634279	0.0000	0.0000	0.0000
89634280	0.0000	0.0000	0.0000
89634281	0.0000	0.0000	0.0000
89634282	0.0000	0.0000	0.0000
89634283	0.0000	0.0000	0.0000
89634284	0.0000	0.0000	0.0000
89634285	0.0000	0.0000	0.0000
89634286	0.0000	0.0000	0.0000
89634287	0.0000	0.0000	0.0000
89634288	0.0000	0.0000	0.0000
89634289	0.0000	0.0000	0.0000
89634290	0.0000	0.0000	0.0000
89634291	0.0000	0.0000	0.0000
89634292	0.0000	0.0000	0.0000
89634293	0.0000	0.0000	0.0000
89634294	0.0000	0.0000	0.0000
89634295	0.0000	0.0000	0.0000
89634296	0.0000	0.0000	0.0000
89634297	0.0000	0.0000	0.0000
89634298	0.0000	0.0000	0.0000
89634299	0.0000	0.0000	0.0000
89634300	0.0000	0.0000	0.0000
89634301	0.0000	0.0000	0.0000
89634302	0.0000	0.0000	0.0000
89634303	0.0000	0.0000	0.0000
89634304	0.0000	0.0000	0.0000
89634305	0.0000	0.0000	0.0000
89634306	0.0000	0.0000	0.0000
89634307	0.0000	0.0000	0.0000
89634308	0.0000	0.0000	0.0000
89634309	0.0000	0.0000	0.0000
89634310	0.0000	0.0000	0.0000
89634311	0.0000	0.0000	0.0000
89634312	0.0000	0.0000	0.0000
89634313	0.0000	0.0000	0.0000
89634314	0.0000	0.0000	0.0000
89634315	0.0000	0.0000	0.0000
89634316	0.0000	0.0000	0.0000
89634317	0.0000	0.0000	0.0000
89634318	0.0000	0.0000	0.0000
89634319	0.0000	0.0000	0.0000
89634320	0.0000	0.0000	0.0000
89634321	0.0000	0.0000	0.0000
89634322	0.0000	0.0000	0.0000
89634323	0.0000	0.0000	0.0000
89634324	0.0000	0.0000	0.0000
89634325	0.0000	0.0000	0.0000
89634326	0.0000	0.0000	0.0000
89634327	0.0000	0.0000	0.0000
89634328	0.0000	0.0000	0.0000
89634329	0.0000	0.0000	0.0000
89634330	0.0000	0.0000	0.0000
89634331	0.0000	0.0000	0.0000
89634332	0.0000	0.0000	0.0000
89634333	0.0000	0.0000	0.0000
89634334	0.0000	0.0000	0.0000
89634335	0.0000	0.0000	0.0000
89634336	0.0000	0.0000	0.0000
89634337	0.0000	0.0000	0.0000
89634338	0.0000	0.0000	0.0000
89634339	0.0000	0.0000	0.0000
89634340	0.0000	0.0000	0.0000
89634341	0.0000	0.0000	0.0000
89634342	0.0000	0.0000	0.0000
89634343	0.0000	0.0000	0.0000
89634344	0.0000	0.0000	0.0000
89634345	0.0000	0.0000	0.0000
89634346	0.0000	0.0000	0.0000
89634347	0.0000	0.0000	0.0000
89634348	0.0000	0.0000	0.0000
89634349	0.0000	0.0000	0.0000
89634350	0.0000	0.0000	0.0000
89634351	0.0000	0.0000	0.0000
89634352	0.0000	0.0000	0.0000
89634353	0.0000	0.0000	0.0000
89634354	0.0000	0.0000	0.0000
89634355	0.0000	0.0000	0.0000
89634356	0.0000	0.0000	0.0000
89634357	0.0000	0.0000	0.0000
89634358	0.0000	0.0000	0.0000
89634359	0.0000	0.0000	0.0000
89634360	0.0000	0.0000	0.0000
89634361	0.0000	0.0000	0.0000
89634362	0.0000	0.0000	0.0000
89634363	0.0000	0.0000	0.0000
89634364	0.0000	0.0000	0.0000
89634365	0.0000	0.0000	0.0000
89634366	0.0000	0.0000	0.0000
89634367	0.0000	0.0000	0.0000
89634368	0.0000	0.0000	0.0000
89634369	0.0000	0.0000	0.0000
89634370	0.0000	0.0000	0.0000
89634371	0.0000	0.0000	0.0000
89634372	0.0000	0.0000	0.0000
89634373	0.0000	0.0000	0.0000
89634374	0.0000	0.0000	0.0000
89634375	0.0000	0.0000	0.0000
89634376	0.0000	0.0000	0.0000
89634377	0.0000	0.0000	0.0000
89634378	0.0000	0.0000	0.0000
89634379	0.0000	0.0000	0.0000
89634380	0.0000	0.0000	0.0000
89634381	0.0000	0.0000	0.0000
89634382	0.0000	0.0000	0.0000
89634383	0.0000	0.0000	0.0000
89634384	0.0000	0.0000	0.0000
89634385	0.0000	0.0000	0.0000
89634386	0.0000	0.0000	0.0000
89634387	0.0000	0.0000	0.0000
89634388	0.0000	0.0000	0.0000
89634389	0.0000	0.0000	0.0000
89634390	0.0000	0.0000	0.0000
89634391	0.0000	0.0000	0.0000
89634392	0.0000	0.0000	0.0000
89634393	0.0000	0.0000	0.0000
89634394	0.0000	0.0000	0.0000
89634395	0.0000	0.0000	0.0000
89634396	0.0000	0.0000	0.0000
89634397	0.0000	0.0000	0.0000
89634398	0.0000	0.0000	0.0000
89634399	0.0000	0.0000	0.0000
89634400	0.0000	0.0000	0.0000
89634401	0.0000	0.0000	0.0000
89634402	0.0000	0.0000	0.0000
89634403	0.0000	0.0000	0.0000
89634404	0.0000	0.0000	0.0000
89634405	0.0000	0.0000	0.0000
89634406	0.0000	0.0000	0.0000
89634407	0.0000	0.0000	0.0000
89634408	0.0000	0.0000	0.0000
89634409	0.0000	0.0000	0.0000
89634410	0.0000	0.0000	0.0000
89634411	0.0000	0.0000	0.0000
89634412	0.0000	0.0000	0.0000
89634413	0.0000	0.0000	0.0000
89634414	0.0000	0.0000	0.0000
89634415	0.0000	0.0000	0.0000
89634416	0.0000	0.0000	0.0000
89634417	0.0000	0.0000	0.0000
89634418	0.0000	0.0000	0.0000
89634419	0.0000	0.0000	0.0000
89634420	0.0000	0.0000	0.0000
89634421	0.0000	0.0000	0.0000
89634422	0.0000	0.0000	0.0000
89634423	0.0000	0.0000	0.0000
89634424	0.0000	0.0000	0.0000
89634425	0.0000	0.0000	0.0000
89634426	0.0000	0.0000	0.0000
89634427	0.0000	0.0000	0.0000
89634428	0.0000	0.0000	0.0000
89634429	0.0000	0.0000	0.0000
89634430	0.0000	0.0000	0.0000
89634431	0.0000	0.0000	0.0000
89634432	0.0000	0.0000	0.0000
89634433	0.0000	0.0000	0.0000
89634434	0.0000	0.0000	0.0000
89634435	0.0000	0.0000	0.0000
89634436	0.0000	0.0000	0.0000
89634437	0.0000	0.0000	0.0000
89634438	0.0000	0.0000	0.0000
89634439	0.0000	0.0000	0.0000
89634440	0.0000	0.0000	0.0000
89634441	0.0000	0.0000	0.0000
89634442	0.0000	0.0000	0.0000
89634443	0.0000	0.0000	0.0000
89634444	0.0000	0.0000	0.0000
89634445	0.0000	0.0000	0.0000
89634446	0.0000	0.0000	0.0000
89634447	0.0000	0.0000	0.0000
89634448	0.0000	0.0000	0.0000
89634449	0.0000	0.0000	0.0000
89634450	0.0000	0.0000	0.0000
89634451	0.0000	0.0000	0.0000
89634452	0.0000	0.0000	0.0000
89634453	0.0000	0.0000	0.0000
89634454	0.0000	0.0000	0.0000
89634455	0.0000	0.0000	0.0000
89634456	0.0000	0.0000	0.0000
89634457	0.0000	0.0000	0.0000
89634458	0.0000	0.0000	0.0000
89634459	0.0000	0.0000	0.0000
89634460	0.0000	0.0000	0.0000
89634461	0.0000	0.0000	0.0000
89634462	0.0000	0.0000	0.0000
89634463	0.0000	0.0000	0.0000
89634464	0.0000	0.0000	0.0000
89634465	0.0000	0.0000	0.0000
89634466	0.0000	0.0000	0.0000
89634467	0.0000	0.0000	0.0000
89634468	0.0000	0.0000	0.0000
89634469	0.0000	0.0000	0.0000
89634470	0.0000	0.0000	0.0000
89634471	0.0000	0.0000	0.0000
89634472	0.0000	0.0000	0.0000
89634473	0.0000	0.0000	0.0000
89634474	0.0000	0.0000	0.0000
89634475	0.0000	0.0000	0.0000
89634476	0.0000	0.0000	0.0000
89634477	0.0000	0.0000	0.0000
89634478	0.0000	0.0000	0.0000
89634479	0.0000	0.0000	0.0000
89634480	0.0000	0.0000	0.0000
89634481	0.0000	0.0000	0.0000
89634482	0.0000	0.0000	0.0000
89634483	0.0000	0.0000	0.0000
89634484	0.0000	0.0000	0.0000
89634485	0.0000	0.0000	0.0000
89634486	0.0000	0.0000	0.0000
89634487	0.0000	0.0000	0.0000
89634488	0.0000	0.0000	0.0000
89634489	0.0000	0.0000	0.0000
89634490	0.0000	0.0000	0.0000
89634491	0.0000	0.0000	0.0000
89634492	0.0000	0.0000	0.0000
89634493	0.0000	0.0000	0.0000
89634494	0.0000	0.0000	0.0000
89634495	0.0000	0.0000	0.0000
89634496	0.0000	0.0000	0.0000
89634497	0.0000	0.0000	0.0000
89634498	0.0000	0.0000	0.0000
89634499	0.0000	0.0000	0.0000
89634500	0.0000	0.0000	0.0000
89634501	0.0000	0.0000	0.0000
89634502	0.0000	0.0000	0.0000
89634503	0.0000	0.0000	0.0000
89634504	0.0000	0.0000	0.0000
89634505	0.0000	0.0000	0.0000
89634506	0.0000	0.0000	0.0000
89634507	0.0000	0.0000	0.0000
89634508	0.0000	0.0000	0.0000
89634509	0.0000	0.0000	0.0000
89634510	0.0000	0.0000	0.0000
89634511	0.0000	0.0000	0.0000
89634512	0.0000	0.0000	0.0000
89634513	0.0000	0.0000	0.0000
89634514	0.0000	0.0000	0.0000
89634515	0.0000	0.0000	0.0000
89634516	0.0000	0.0000	0.0000
89634517	0.0000	0.0000	0.0000
89634518	0.0000	0.0000	0.0000
89634519	0.0000	0.0000	0.0000
89634520	0.0000	0.0000	0.0000
89634521	0.0000	0.0000	0.0000
89634522	0.0000	0.0000	0.0000
89634523	0.0000	0.0000	0.0000
89634524	0.0000	0.0000	0.0000
89634525	0.0000	0.0000	0.0000
89634526	0.0000	0.0000	0.0000
89634527	0.0000	0.0000	0.0000
89634528	0.0000	0.0000	0.0000
89634529	0.0000	0.0000	0.0000
89634530	0.0000	0.0000	0.0000
89634531	0.0000	0.0000	0.0000
89634532	0.0000	0.0000	0.0000
89634533	0.0000	0.0000	0.0000
89634534	0.0000	0.0000	0.0000
89634535	0.0000	0.0000	0.0000
89634536	0.0000	0.0000	0.0000
89634537	0.0000	0.0000	0.0000
89634538	0.0000	0.0000	0.0000
89634539	0.0000	0.0000	0.0000
89634540	0.0000	0.0000	0.0000
89634541	0.0000	0.0000	0.0000
89634542	0.0000	0.0000	0.0000
89634543	0.0000	0.0000	0.0000
89634544	0.0000	0.0000	0.0000
89634545	0.0000	0.0000	0.0000
89634546	0.0000	0.0000	0.0000
89634547	0.0000	0.0000	0.0000
89634548	0.0000	0.0000	0.0000
89634549	0.0000	0.0000	0.0000
89634550	0.0000	0.0000	0.0000
89634551	0.0000	0.0000	0.0000
89634552	0.0000	0.0000	0.0000
89634553	0.0000	0.0000	0.0000
89634554	0.0000	0.0000	0.0000
89634555	0.0000	0.0000	0.0000
89634556	0.0000	0.0000	0.0000
89634557	0.0000	0.0000	0.0000
89634558	0.0000	0.0000	0.0000
89634559	0.0000	0.0000	0.0000
89634560	0.0000	0.0000	0.0000
89634561	0.0000	0.0000	0.0000
