89633311	0.1104	0.6680	-1.0793
89633312	0.0301	0.4030	-2.3913
89633313	0.2284	0.6724	-1.2233
89633314	0.2725	0.3370	-1.8010
89633315	-0.0229	0.3973	-1.2588
89633316	0.0215	0.0923	-1.0917
89633317	0.3597	0.8132	-1.6433
89633318	0.2699	1.0194	-0.6905
89633319	0.1291	0.2365	-2.6369
89633320	-0.1733	-0.0744	-0.9578
89633321	0.0068	0.3840	-0.7570
89633322	-0.0579	0.7359	-1.3800
89633323	0.2794	0.3554	-1.7413
89633324	0.0417	0.6899	-0.3801
89633325	-0.0008	0.8645	-0.7414
89633326	-0.0425	0.1602	-2.0119
89633327	0.1369	0.2325	-0.7200
89633328	-0.1036	0.6955	-1.3753
89633329	-0.0980	-0.4626	-1.3085
89633330	0.2087	0.3475	-1.2117
89633331	0.2958	0.1968	-1.3041
89633332	-0.0251	-0.2990	-1.9339
89633333	0.3060	0.7990	-0.8905
89633334	-0.1231	0.0178	-1.4689
89633335	-0.0603	0.2323	-0.6594
89633336	0.0036	0.5849	-1.1435
89633337	-0.1820	-0.0003	-0.9257
89633338	-0.1795	0.1508	-0.8487
89633339	-0.2495	0.1762	-0.8730
89633340	0.0191	0.3316	-1.0301
89633341	-0.1050	0.1324	-0.8540
89633342	0.0807	0.1257	-0.9673
89633343	0.2213	0.0020	-1.2176
89633344	-0.0305	0.4241	-0.4446
89633345	0.0574	-0.2598	-1.1148
89633346	0.0483	0.5420	-0.9273
89633347	-0.0167	0.2236	-0.7091
89633348	0.1702	0.4532	-1.4420
89633349	-0.1755	0.2487	-0.8035
89633350	0.2019	0.5173	-2.0389
89633351	0.0687	0.2620	-1.3561
89633352	-0.0154	0.2519	-1.4020
89633353	0.1567	-0.4841	-1.8553
89633354	0.4510	0.2509	-0.9736
89633355	0.0204	0.2426	-1.2836
89633356	-0.0633	-0.1591	-1.3774
89633357	0.0192	0.0644	-1.0063
89633358	-0.1428	0.2576	-1.1326
89633359	-0.1799	0.1212	-1.1384
89633360	0.0101	0.2053	-0.8090
89633361	0.1079	0.5593	-1.2523
89633362	0.1085	0.7680	-0.1941
89633363	0.0879	0.5342	-0.3423
89633364	0.1348	0.5504	-0.6674
89633365	-0.0762	0.0601	-1.2644
89633366	-0.1231	0.3146	-0.7792
89633367	0.2293	0.0687	-0.0374
89633368	-0.0948	-0.2997	-1.2932
89633369	-0.0373	0.0007	-0.9060
89633370	-0.3332	0.0217	-1.7890
89633371	-0.2612	-0.1303	-1.5565
89633372	-0.0781	0.0991	-1.2636
89633373	0.1233	0.3551	-0.6639
89633374	-0.2713	0.0435	-1.7166
89633375	0.0597	0.2232	-1.3617
89633376	0.3465	0.3140	-1.6254
89633377	0.2148	0.1571	-1.5667
89633378	0.1791	0.8738	-0.3793
89633379	0.3446	0.8389	-0.8820
89633380	0.4390	0.2812	-1.4106
89633381	-0.0104	0.3302	-1.3556
89633382	0.4303	0.7093	-1.8782
89633383	0.1478	0.1439	-1.0471
89633384	-0.1733	-0.1169	-1.5170
89633385	-0.0872	0.4667	-2.0737
89633386	0.0482	0.6021	-1.3051
89633387	0.2941	0.6111	-2.1932
89633388	-0.0575	0.3905	-2.0999
89633389	0.2550	1.2281	-1.5304
89633390	-0.1176	0.1508	-2.3791
89633391	0.1360	0.1596	-2.2503
89633392	0.4782	1.1549	-1.8383
89633393	0.0095	0.6522	-0.7318
89633394	0.1756	0.6073	-2.2178
89633395	0.3448	-0.3463	-2.3215
89633396	0.3217	0.4591	-1.2797
89633397	0.1975	0.6345	-2.0497
89633398	0.3580	0.4560	-0.5325
89633399	0.5289	0.2641	-0.8022
89633400	0.2422	-0.0542	-1.3776
89633401	0.2888	0.3170	-0.5106
89633402	0.0917	0.3172	-0.9244
89633403	0.4715	0.3671	-0.5685
89633404	-0.0149	0.0377	0.3077
89633405	0.5766	-0.1930	-2.1045
89633406	0.6993	0.4880	-0.7895
89633407	0.1540	0.1312	-1.3270
89633408	0.1383	-0.1602	-0.5399
89633409	0.2231	-0.1309	-2.2603
89633410	0.3922	-0.0919	-1.0956
89633411	0.4197	0.2378	-0.7366
89633412	0.1168	0.1084	-0.6783
89633413	0.0909	-0.6124	-1.1199
89633414	-0.1277	-0.0215	-1.6160
89633415	0.3358	-0.1758	-1.2564
89633416	-0.1070	-0.2643	-0.5498
89633417	0.2945	0.4535	-0.6787
89633418	0.3989	0.0930	-1.2122
89633419	0.0710	0.5574	-0.7813
89633420	0.1797	0.2246	-0.7450
89633421	0.2276	1.1096	-1.4459
89633422	0.4294	0.4003	-1.1689
89633423	0.0344	0.5122	-1.2204
89633424	0.1036	0.6277	-1.0380
89633425	0.1760	0.3717	-1.2249
89633426	-0.1898	-0.5133	-1.6094
89633427	0.5832	0.1505	-1.4897
89633428	0.3606	-0.0002	-0.8896
89633429	-0.0485	0.1176	-1.4989
89633430	0.0092	0.0953	-0.6492
89633431	0.2218	-0.1228	-0.4785
89633432	0.2141	-0.0185	-1.1878
89633433	-0.0659	-0.0883	-1.9102
89633434	0.1462	0.5056	-0.3101
89633435	-0.1139	0.2760	-1.1098
89633436	-0.1629	-0.3963	-2.0551
89633437	-0.1135	0.0150	-1.0180
89633438	0.4192	0.6936	-0.4764
89633439	0.2042	0.0500	-1.5088
89633440	0.1351	0.4121	-0.2117
89633441	0.0170	0.7038	-0.4897
89633442	0.1620	0.5654	-0.3532
89633443	-0.3242	-0.2615	-1.1827
89633444	-0.2167	-0.6089	-1.4355
89633445	0.3911	0.1505	-0.8333
89633446	0.0202	-0.2414	0.3658
89633447	0.3672	-0.2147	-0.1719
89633448	0.2264	0.1769	0.3286
89633449	-0.1397	0.3461	-0.4053
89633450	-0.3145	0.3133	-1.3580
89633451	0.0330	0.0568	-0.3034
89633452	-0.2635	0.0413	-1.0779
89633453	-0.1519	-0.2638	-1.2338
89633454	-0.0828	0.2923	-0.3513
89633455	0.3762	0.7742	-0.4923
89633456	0.0476	-0.1989	-1.1908
89633457	0.1268	0.1878	0.0491
89633458	-0.0285	0.1900	-1.1338
89633459	0.0915	-0.1367	-1.0905
89633460	-0.3781	0.3928	-1.2390
89633461	0.1083	0.4580	-1.1256
89633462	0.1656	0.4639	-0.4446
89633463	0.0687	0.3555	-0.8573
89633464	0.0406	0.1865	-0.8397
89633465	0.1716	0.6333	-0.5285
89633466	0.3059	0.2164	-1.0584
89633467	-0.0295	-0.0001	-0.7094
89633468	-0.1098	-0.0605	-0.7195
89633469	0.0310	0.1799	-0.7672
89633470	0.0983	-0.0318	-0.7663
89633471	-0.0829	0.0398	-1.4047
89633472	-0.1110	-0.0446	-0.8050
89633473	-0.0344	-0.1231	-1.0810
89633474	-0.1399	0.1458	-0.7129
89633475	0.1067	0.0752	0.5440
89633476	-0.3718	-0.2436	-0.7465
89633477	-0.0086	0.2319	-0.3110
89633478	-0.0315	-0.2240	-0.2952
89633479	0.1853	0.5209	-0.3320
89633480	0.2174	0.4510	-0.8759
89633481	-0.1277	-0.0623	-0.2080
89633482	-0.4485	0.4415	-0.5884
89633483	-0.0479	0.8239	0.3848
89633484	-0.4201	0.2441	-0.0832
89633485	-0.2654	0.2236	-0.7667
89633486	-0.0709	0.1838	-0.4186
89633487	0.2006	0.1261	-0.4200
89633488	-0.1531	-0.0422	-0.0719
89633489	-0.0966	-0.0780	-0.1431
89633490	0.2556	0.1794	-0.7257
89633491	-0.4192	0.2237	-1.1076
89633492	0.0393	0.0320	-0.7491
89633493	0.1202	0.3616	-0.3877
89633494	-0.0975	-0.4011	-1.1849
89633495	-0.5811	-0.5415	-0.6715
89633496	-0.0919	-0.3687	-0.5224
89633497	-0.0217	-0.0931	-1.1489
89633498	-0.1618	-0.6715	-0.9550
89633499	-0.5365	-0.3367	-0.9340
89633500	-0.4058	-0.0907	0.2635
89633501	-0.1527	0.0395	-0.4317
89633502	-0.1566	0.1546	0.1960
89633503	-0.1469	0.0096	-0.4646
89633504	0.1477	-0.0631	-0.1676
89633505	0.2362	0.4839	-0.8345
89633506	-0.3515	-0.0928	0.0615
89633507	0.1802	0.1007	-0.4541
89633508	-0.1998	-0.1851	-1.2981
89633509	-0.0278	-0.0312	-0.8542
89633510	-0.1986	0.0229	-0.5007
89633511	0.0456	0.1887	-0.3021
89633512	-0.1461	-0.0042	0.2709
89633513	-0.3164	0.1038	-0.0118
89633514	-0.2910	-0.1552	-0.6279
89633515	-0.2668	-0.2401	-0.1698
89633516	-0.0783	0.2792	-0.1702
89633517	-0.0389	-0.1293	-0.1801
89633518	-0.4525	-0.7342	0.4099
89633519	-0.1953	0.0777	-0.3636
89633520	-0.3871	-0.0663	-0.3420
89633521	0.0709	0.2010	-0.8285
89633522	-0.2098	0.1100	-0.7895
89633523	0.0410	-0.1977	-1.0953
89633524	-0.2484	0.1578	-0.8656
89633525	-0.0395	0.1574	-0.9911
89633526	-0.1868	-0.1254	0.1280
89633527	-0.3004	0.1387	-0.6909
89633528	0.0750	-0.0872	-0.7486
89633529	-0.4042	0.2894	0.0261
89633530	-0.0210	-0.1138	0.2569
89633531	-0.2195	-0.0306	-0.6522
89633532	0.0615	-0.5809	-0.4776
89633533	-0.0184	0.0015	-0.4489
89633534	0.2194	-0.1284	-0.9419
89633535	0.1365	-0.0911	-0.1854
89633536	0.2361	-0.2270	-0.9730
89633537	0.5564	0.3648	-0.2141
89633538	-0.1713	-0.0248	-0.4243
89633539	-0.0744	-0.0575	0.1757
89633540	-0.0619	-0.6629	-0.6326
89633541	0.1175	-0.5147	-1.4343
89633542	0.0137	0.1846	-0.3233
89633543	0.2767	0.3279	-0.0053
89633544	0.0364	0.0929	0.0810
89633545	0.2905	0.3788	0.0132
89633546	0.0439	-0.1401	-0.2793
89633547	0.1142	0.3863	0.1614
89633548	0.0609	0.0272	-0.3659
89633549	0.2181	0.0363	-0.0847
89633550	0.1239	0.0476	-0.7065
89633551	0.3423	0.1812	-0.5374
89633552	-0.1492	-0.5971	-0.8525
89633553	0.2443	-0.2371	0.2409
89633554	-0.0065	-0.4347	-0.6510
89633555	-0.0792	-0.2022	-0.2325
89633556	0.4251	0.2594	-0.2087
89633557	0.0444	0.0203	-0.3024
89633558	0.1229	0.3144	-0.1290
89633559	0.0816	0.7976	-0.3086
89633560	0.1685	-0.0051	-0.0095
89633561	-0.0217	0.8810	0.4329
89633562	0.0574	0.4148	-0.1045
89633563	-0.3025	0.1836	-0.1006
89633564	-0.4526	-0.4041	-0.5697
89633565	0.0216	-0.0080	-1.0995
89633566	0.1940	0.5811	-0.4754
89633567	0.0029	0.1312	-0.5799
89633568	0.1955	0.6068	-0.1015
89633569	0.0239	0.0792	-0.2395
89633570	-0.0966	-0.0517	-0.5702
89633571	0.1581	-0.4170	-0.8925
89633572	0.0815	-0.4032	-1.1235
89633573	-0.0353	0.2646	-0.5109
89633574	0.0902	0.2935	-0.8150
89633575	-0.0493	-0.1039	-1.0794
89633576	0.2553	-0.0363	-0.6908
89633577	-0.0689	0.5146	-1.7810
89633578	-0.1888	-0.2962	-1.3993
89633579	0.1039	0.2808	-0.6673
89633580	-0.1901	-0.1137	-0.2797
89633581	-0.2895	-0.3683	-1.4964
89633582	-0.4508	-0.6536	-0.9056
89633583	-0.1306	-0.3531	-0.2511
89633584	0.2211	-0.0560	0.0535
89633585	-0.1617	-0.0497	-0.8793
89633586	-0.2163	-0.1161	0.2564
89633587	-0.4476	-0.4231	0.1272
89633588	-0.0553	-0.2530	-1.1278
89633589	0.1783	0.2439	-1.4754
89633590	-0.4928	-0.0336	-0.4381
89633591	-0.3175	-0.4720	-1.1154
89633592	0.0241	-0.1504	-1.5473
89633593	0.0067	0.1207	-0.4703
89633594	0.1508	0.1209	-1.6645
89633595	0.0918	-0.0550	-0.9103
89633596	-0.0527	0.0985	-1.2557
89633597	0.0364	-0.5607	-0.5723
89633598	0.3262	-0.3583	-0.7692
89633599	-0.0126	-0.2839	-1.2629
89633600	-0.1059	-0.0407	-0.0710
89633601	-0.1453	-0.2692	-0.3131
89633602	-0.2168	0.3330	0.1484
89633603	-0.0688	0.0413	-0.7665
89633604	-0.0627	-0.0869	-0.5204
89633605	-0.0683	-0.5108	-0.2701
89633606	-0.2497	-0.0169	-0.0015
89633607	0.2042	-0.1458	-0.3060
89633608	0.3826	-0.3794	-0.2095
89633609	0.2409	-0.2781	0.2563
89633610	0.1445	-0.4814	-0.2835
89633611	0.1243	-0.7096	-0.0186
89633612	0.1635	0.0435	-0.7477
89633613	0.2502	-0.5116	0.0044
89633614	-0.2634	0.1712	-0.7049
89633615	0.2348	-0.2334	-0.3264
89633616	-0.0416	-0.7537	-0.7192
89633617	-0.0704	-0.4029	-1.1746
89633618	0.5584	-0.6461	-1.7508
89633619	0.1902	-0.3132	-0.8101
89633620	0.0638	-0.5780	-1.4557
89633621	0.1366	0.0423	-1.0916
89633622	0.2304	0.3676	0.3094
89633623	0.1892	-0.1807	-0.7022
89633624	0.2866	0.4743	-0.5599
89633625	0.1155	-0.0365	-0.4303
89633626	0.7367	0.4213	-0.6910
89633627	0.3201	0.5060	-0.1635
89633628	0.0807	-0.5258	-0.2350
89633629	0.0475	-0.2560	-1.2425
89633630	0.4313	-0.2160	-0.2698
89633631	0.2449	-0.6135	0.1329
89633632	0.5358	-0.4669	-0.2259
89633633	0.2577	0.2042	0.5801
89633634	0.0740	-0.2500	-0.5094
89633635	0.1589	-0.1342	-0.5173
89633636	0.2332	-0.0042	-0.8247
89633637	0.0887	-0.2839	-0.4461
89633638	0.1221	-0.1016	-0.4078
89633639	0.1790	0.0816	0.2239
89633640	0.3071	0.6776	-0.7256
89633641	0.2045	0.3195	-0.5238
89633642	0.5319	0.7780	0.5563
89633643	0.3416	-0.3676	-1.0891
89633644	0.2283	0.1920	-0.1879
89633645	-0.1005	-0.4285	-0.6717
89633646	0.0129	0.3171	-0.6470
89633647	-0.0069	0.5199	-0.4939
89633648	0.1572	-0.3720	-1.1336
89633649	-0.1927	0.0866	0.0674
89633650	0.0214	-0.1663	-0.8052
89633651	-0.1876	-0.0828	-0.0442
89633652	0.2585	-0.2121	-0.8534
89633653	-0.0774	-0.7034	0.2155
89633654	-0.0534	0.2875	-0.4948
89633655	-0.1604	0.3219	-0.7955
89633656	-0.0617	-0.3615	0.3454
89633657	-0.4631	-0.6702	-0.1586
89633658	-0.1596	0.0483	-0.2494
89633659	0.0120	0.2955	0.1750
89633660	-0.1156	0.1183	-0.6061
89633661	-0.3326	0.3697	-0.4780
89633662	-0.0102	0.0312	-0.8510
89633663	0.2912	0.4927	-0.7271
89633664	0.5154	0.6367	-0.5345
89633665	0.0916	0.2400	-0.1206
89633666	0.0389	0.2738	-0.5740
89633667	-0.2985	0.0810	0.1984
89633668	-0.4523	0.0561	0.4489
89633669	-0.4076	-0.0252	0.1217
89633670	-0.2803	0.3156	1.0750
89633671	-0.4350	-0.6049	0.9865
89633672	0.0424	-0.2843	0.3811
89633673	-0.1781	-0.6497	0.1511
89633674	0.1263	0.1288	-0.2308
89633675	-0.2005	0.1259	0.3947
89633676	0.2507	0.1795	0.5979
89633677	0.1618	-0.4616	0.6247
89633678	-0.1429	-0.0213	1.3224
89633679	0.2356	0.5439	0.5139
89633680	-0.0306	-0.3571	-0.2556
89633681	-0.2413	-0.3411	0.0166
89633682	0.0455	0.2892	0.6599
89633683	-0.2480	-0.1147	-0.1379
89633684	0.0730	-0.0196	-0.0603
89633685	0.1095	0.3911	-1.1844
89633686	0.0522	0.4062	-0.6556
89633687	0.4251	0.0162	-0.6258
89633688	0.1711	-0.1834	-0.8165
89633689	-0.4298	-0.1276	0.1494
89633690	0.0505	-0.3001	-0.9449
89633691	0.1371	-0.1104	-0.0153
89633692	0.3195	0.1412	-0.0296
89633693	-0.2544	-0.4276	-0.5720
89633694	-0.1343	-0.0350	0.3866
89633695	-0.0307	-0.1782	-0.0890
89633696	0.3139	-0.0444	-0.0619
89633697	-0.0328	-0.0870	0.3690
89633698	-0.1128	0.1771	0.5325
89633699	0.2047	-0.0033	0.7151
89633700	-0.0068	0.4082	-0.0719
89633701	-0.0383	-0.1151	1.0339
89633702	0.3021	0.1305	0.4156
89633703	0.0590	0.4978	1.0363
89633704	0.5138	0.7696	0.1803
89633705	0.3015	0.5476	-0.0951
89633706	0.3651	0.5580	-0.0505
89633707	0.2760	-0.5242	0.3783
89633708	-0.3930	-0.3185	0.2820
89633709	-0.0033	-0.4309	-0.4891
89633710	-0.0255	0.0017	-0.1567
89633711	-0.2580	0.0160	-0.2570
89633712	0.1576	0.5640	-0.2066
89633713	0.2797	-0.0497	0.8348
89633714	0.2645	0.1225	0.2069
89633715	0.0988	-0.2326	0.1144
89633716	0.0977	0.2185	-0.2551
89633717	0.1995	-0.3622	-0.7031
89633718	0.0412	-0.3462	-0.7186
89633719	0.3767	0.2581	-0.0579
89633720	-0.0117	-0.0281	-0.1383
89633721	0.1752	0.3002	-0.3589
89633722	0.1770	0.1180	-0.0091
89633723	0.4046	-0.1648	-0.3079
89633724	0.2217	0.0526	-0.1009
89633725	0.5819	0.5287	-0.0341
89633726	0.2173	-0.1408	-0.5650
89633727	0.2433	0.5627	0.6194
89633728	0.2563	0.1453	-0.2058
89633729	0.2324	0.6984	0.2102
89633730	0.1986	0.4506	-0.5861
89633731	0.2956	0.7831	0.8580
89633732	0.4309	0.4893	-0.1821
89633733	-0.0474	0.0498	-0.3114
89633734	-0.0463	0.2037	-0.7843
89633735	0.2508	0.3673	0.2559
89633736	-0.0323	0.1428	-0.3691
89633737	0.0911	0.4638	1.1893
89633738	-0.0274	-0.0385	0.3434
89633739	0.2767	0.0271	-0.4526
89633740	0.4222	0.0708	-0.2871
89633741	0.4986	0.3414	-0.0408
89633742	0.1975	0.3652	-0.0701
89633743	0.2055	0.0671	0.4924
89633744	0.3508	0.2625	-0.6468
89633745	-0.2493	0.1296	-0.1902
89633746	-0.1439	0.1135	-0.0747
89633747	-0.1779	0.3199	-0.0812
89633748	-0.3848	-0.3504	1.1230
89633749	0.2452	0.2409	1.6919
89633750	0.0283	0.7504	0.4982
89633751	-0.0393	0.1377	0.4924
89633752	0.1741	0.3132	0.0375
89633753	0.3143	0.3155	-1.0692
89633754	0.1151	0.4120	0.3999
89633755	-0.1899	-0.3646	-1.0224
89633756	0.0676	-0.1155	-1.6565
89633757	0.0055	-0.2390	-0.5062
89633758	0.4375	0.3498	0.0386
89633759	-0.2484	-0.0281	-0.5434
89633760	0.0430	0.0851	0.4760
89633761	-0.1554	-0.1250	-0.0529
89633762	0.2107	-0.0026	-0.2112
89633763	0.2148	-0.1256	0.3225
89633764	0.0108	-0.2257	0.6946
89633765	-0.2672	-0.3286	0.1349
89633766	-0.0441	0.3581	0.1774
89633767	-0.1237	0.0117	-0.9829
89633768	-0.2715	0.2786	-0.3466
89633769	0.1503	0.1611	-0.0447
89633770	0.1062	0.5493	0.3883
89633771	-0.4548	0.4433	-1.1339
89633772	-0.2623	0.4322	-1.0506
89633773	0.2889	0.7701	-0.5093
89633774	-0.1154	0.5667	-0.7515
89633775	0.0684	0.5606	0.7145
89633776	-0.0191	0.8874	-0.1974
89633777	-0.1918	0.3320	-0.3439
89633778	0.1618	0.2329	0.4861
89633779	-0.1714	0.6184	-1.1119
89633780	0.3061	0.4229	-0.5738
89633781	-0.1887	0.2075	-0.9582
89633782	0.0928	0.4682	-0.3147
89633783	-0.2612	0.1642	-0.7456
89633784	0.0225	0.4279	-1.7045
89633785	-0.3362	0.4172	-1.0411
89633786	0.0990	0.6466	0.1724
89633787	-0.3704	0.3113	-0.3243
89633788	-0.3867	0.3981	-0.5388
89633789	0.0243	0.2602	-0.0015
89633790	0.1193	0.0962	-0.5511
89633791	0.1517	0.2359	-0.4761
89633792	0.0915	0.1187	-0.8635
89633793	-0.1428	0.2928	0.0211
89633794	-0.0906	-0.1459	-0.4583
89633795	-0.3532	-0.2824	0.1568
89633796	0.1312	0.2084	-0.4310
89633797	0.0793	0.2062	-0.0312
89633798	-0.2088	0.0038	0.3780
89633799	-0.2987	0.1546	0.6376
89633800	-0.3641	0.2124	-0.4119
89633801	-0.3153	0.1652	-0.4130
89633802	-0.4967	0.5205	-0.7543
89633803	-0.7937	0.1392	0.2607
89633804	-0.5129	0.0135	0.8538
89633805	-0.7247	-0.0408	0.1912
89633806	0.0546	0.4003	-0.0061
89633807	-0.3319	0.3503	-0.4862
89633808	-0.3050	-0.3373	0.0624
89633809	-0.1335	0.2142	0.1869
89633810	-0.1461	0.6411	-0.0116
89633811	-0.2920	0.1845	-0.1406
89633812	-0.0708	0.5118	0.6795
89633813	0.2515	0.7978	0.1787
89633814	-0.4497	0.3146	0.9546
89633815	-0.5403	0.1624	0.9451
89633816	-0.3397	0.1012	-0.2541
89633817	-0.4379	-0.0420	-0.1326
89633818	-0.0822	1.0823	0.3329
89633819	0.0999	0.5373	-0.1741
89633820	-0.0712	0.4951	-0.7145
89633821	-0.0620	0.3801	-0.8282
89633822	-0.2608	-0.4368	-0.2760
89633823	-0.4643	0.5368	-0.8689
89633824	-0.5465	-0.2628	-0.5750
89633825	-0.3901	0.2728	0.6375
89633826	-0.2055	-0.0702	0.2207
89633827	-0.5136	-0.4140	0.0400
89633828	-0.0496	0.6421	-0.1684
89633829	-0.2786	0.5067	0.3139
89633830	-0.4238	0.2654	-0.4535
89633831	-0.5908	0.4495	-0.2617
89633832	-0.0482	-0.1436	-0.7152
89633833	-0.5525	0.1976	-0.0829
89633834	-0.1940	0.0327	-0.1719
89633835	-0.1263	-0.0284	-0.1988
89633836	-0.0866	0.4436	-0.1069
89633837	-0.5884	-0.0538	0.1434
89633838	-0.3221	0.2239	-0.0975
89633839	-0.3586	0.4425	-0.4780
89633840	-0.1696	0.7232	-0.1229
89633841	-0.1392	0.1044	-0.9872
89633842	-0.5081	-0.0599	0.3517
89633843	-0.2640	-0.3204	-0.2989
89633844	-0.3143	0.1158	0.6100
89633845	-0.4498	0.5530	0.4572
89633846	-0.2054	0.3544	0.0054
89633847	-0.2911	-0.2553	-0.1469
89633848	-0.2053	-0.1030	0.8051
89633849	-0.2543	0.3785	-0.5976
89633850	-0.2709	0.0146	-0.8658
89633851	0.0390	0.5105	-0.4669
89633852	-0.5669	-0.0289	-0.7604
89633853	-0.2869	0.3799	-0.4751
89633854	-0.6347	-0.2790	0.6149
89633855	-0.6446	0.0025	-0.3539
89633856	-0.4172	-0.1305	-0.5578
89633857	-0.3195	-0.2088	-0.0608
89633858	-0.3224	-0.4047	0.5448
89633859	-0.5617	-0.4216	0.3474
89633860	-0.5234	0.1567	0.0571
89633861	-0.5028	0.0415	-0.2773
89633862	-0.2262	0.2104	0.5249
89633863	-0.2055	0.1458	0.4717
89633864	-0.3977	0.1173	0.3599
89633865	-0.4602	0.4495	-0.4041
89633866	-1.0171	-0.3425	-0.6759
89633867	-0.8063	0.2353	-0.1094
89633868	-0.3355	0.1526	-0.0405
89633869	-0.6338	0.0267	-0.6498
89633870	-0.7722	-0.1096	-0.1537
89633871	-0.6071	-0.3162	1.0436
89633872	-0.6029	-0.1850	0.9863
89633873	-0.5309	0.0165	-0.3484
89633874	-1.0724	-0.4266	-0.0580
89633875	-0.5018	0.0591	0.2612
89633876	-0.9326	-0.0645	0.5861
89633877	-0.5147	0.2052	-0.5468
89633878	-0.5604	-0.0137	0.7879
89633879	-0.9103	-0.6643	-0.3206
89633880	-0.7139	-0.1990	-0.4092
89633881	-0.4600	-0.0902	-0.0583
89633882	-0.5957	0.1473	-0.3562
89633883	-0.3547	-0.3161	-1.2673
89633884	-0.5314	0.1663	-0.5769
89633885	-0.4448	0.1208	-0.6248
89633886	0.0835	0.4747	0.0964
89633887	-0.1778	-0.1530	-0.1575
89633888	-0.0430	0.4408	-0.1705
89633889	-0.7638	-0.5953	0.2475
89633890	-0.6918	0.1968	-0.6614
89633891	-0.6850	0.2046	0.4268
89633892	-0.3042	-0.3747	0.0222
89633893	-0.9489	-0.4194	1.0363
89633894	-0.7255	-0.0377	-0.4281
89633895	-0.5560	-0.2292	0.2945
89633896	-0.7457	-0.3386	0.2276
89633897	-0.5550	-0.2645	-1.2980
89633898	-0.1289	0.5052	-0.5910
89633899	0.0035	0.0831	-0.3235
89633900	-0.4479	-0.1586	-0.7716
89633901	-0.3304	-0.5069	-0.8933
89633902	-0.1849	0.4893	-0.1690
89633903	-0.5060	-0.0512	0.4837
89633904	-0.5798	-0.4361	-0.2380
89633905	-0.7377	-0.2772	0.2699
89633906	-0.2796	-0.2302	0.0253
89633907	-0.1978	-0.2620	-0.0234
89633908	-0.1736	0.3899	-0.2386
89633909	0.1255	0.6593	-0.6454
89633910	-0.0072	0.5223	-0.7967
89633911	-0.4507	-0.0668	-1.0986
89633912	-0.3334	0.1945	-1.4882
89633913	-0.8328	-0.2555	-0.6763
89633914	-0.7765	-0.2360	-0.8452
89633915	-0.4906	-0.2570	0.3403
89633916	-0.4940	0.0159	1.2535
89633917	-0.9136	-0.1300	0.4942
89633918	-0.2306	-0.0312	0.1578
89633919	-0.4238	-0.0426	-0.3826
89633920	-0.7068	0.1914	-0.0953
89633921	0.1307	0.1416	-0.0746
89633922	-0.4707	-0.1008	-0.4431
89633923	-0.8414	-0.1739	-0.3704
89633924	-0.5328	-0.2405	-0.6079
89633925	-0.4371	-0.1431	-0.7458
89633926	-0.7856	-0.0558	-0.6532
89633927	-0.3586	0.3089	-0.9443
89633928	-0.2087	0.1666	-0.8799
89633929	0.0255	0.1274	-1.0855
89633930	-0.1638	0.1902	-1.2790
89633931	0.1057	0.4093	-2.0555
89633932	0.0493	0.1565	-1.0441
89633933	-0.2165	0.1113	-1.6848
89633934	-0.4602	0.5355	-1.2391
89633935	-1.1074	-0.3708	-0.4022
89633936	-0.3373	0.6290	-1.6267
89633937	-0.3123	0.4760	-0.8354
89633938	-0.6073	0.2697	-1.0890
89633939	-0.1526	0.3958	-0.5552
89633940	-0.1510	0.0583	-1.2658
89633941	-0.4229	0.0430	-1.8938
89633942	-0.2529	0.0136	-0.4652
89633943	-0.3906	0.5705	-0.8155
89633944	-0.0787	0.4829	-0.9171
89633945	-0.7120	-0.0634	-0.7369
89633946	-0.6191	0.3542	0.0140
89633947	-0.2370	0.6020	-0.3527
89633948	-0.3202	0.6084	-0.0366
89633949	-0.6219	0.2628	-0.6632
89633950	-0.0348	-0.0131	-1.1854
89633951	-0.4624	0.4341	-0.7759
89633952	-0.6033	0.1458	-1.8370
89633953	-0.2946	0.3864	-2.0780
89633954	-0.5321	0.3553	-1.8853
89633955	-0.3320	0.4088	-1.8220
89633956	-0.6182	-0.0093	-1.5601
89633957	-0.2729	-0.1826	-1.1910
89633958	-0.1164	0.3761	-1.0713
89633959	-0.2888	-0.7866	-1.2275
89633960	-0.8652	-0.3633	-0.6335
89633961	-0.2723	-0.0043	-0.1511
89633962	0.1870	0.0827	-0.6652
89633963	-0.0267	-0.3696	0.7029
89633964	-0.1221	-0.0361	-0.3268
89633965	-0.6838	-0.3203	-0.2254
89633966	-0.3381	-0.0714	-0.0091
89633967	-0.6770	-0.2113	-0.2052
89633968	-0.6097	0.0112	-0.8534
89633969	-0.7300	0.1023	-0.3374
89633970	-0.5075	-0.2709	-0.9422
89633971	-0.3259	-0.0289	0.2600
89633972	-0.1627	0.1906	-0.2415
89633973	-0.3339	0.0889	0.2400
89633974	-0.3278	0.1312	-2.3718
89633975	-0.5966	-0.2144	-0.3516
89633976	-0.7849	-0.9130	-0.8642
89633977	-0.5014	-0.6286	-0.6285
89633978	-0.4961	-0.1140	-0.3835
89633979	-0.0463	-0.0836	-1.4500
89633980	-0.4345	-0.1958	-1.4839
89633981	-0.1422	0.3800	-1.1685
89633982	0.1673	0.0265	-2.2959
89633983	-0.2480	0.0887	-1.6002
89633984	-0.2686	0.0100	-1.4209
89633985	-0.3928	0.6077	-1.7399
89633986	-0.6921	0.1394	-1.2103
89633987	-0.3617	-0.2821	-0.7631
89633988	-0.0410	0.3110	-1.3431
89633989	0.1052	0.5272	-1.4225
89633990	-0.1164	0.2904	-1.4877
89633991	0.1960	0.5229	-1.9420
89633992	-0.0620	0.6987	-1.0216
89633993	-0.0811	0.1395	-1.5531
89633994	-0.7666	0.1107	-2.2348
89633995	-0.0907	0.5861	-1.5349
89633996	-0.3561	-0.1186	-0.5701
89633997	0.0037	-0.5721	-0.4281
89633998	-0.3824	-0.5460	-0.7325
89633999	-0.4714	-0.3054	-1.7611
89634000	0.0833	0.0127	-0.7559
89634001	-0.3665	-0.4300	-1.0411
89634002	-0.2566	-0.4722	-0.7278
89634003	0.0564	-0.1895	-1.0341
89634004	-0.3561	0.1403	-1.9992
89634005	0.1353	0.1144	-2.2246
89634006	-0.0080	-0.2427	-1.7999
89634007	-0.6681	-0.5111	-0.4388
89634008	-0.5649	-0.7946	-1.4082
89634009	-0.1942	0.0734	-1.3212
89634010	-0.1528	0.1577	-0.4294
89634011	-0.4061	0.3875	-1.0047
89634012	-0.5109	0.2437	-0.3725
89634013	-0.5748	-0.0192	-0.0079
89634014	-0.3946	0.1921	-0.6209
89634015	-0.5144	0.1983	-0.8847
89634016	-0.3130	-0.2167	-0.5910
89634017	-0.6452	-0.0684	-1.0311
89634018	-0.2069	-0.0389	-1.0699
89634019	0.0180	-0.0239	-0.8993
89634020	-0.4982	-0.1318	-0.7812
89634021	-0.1399	0.8008	-1.1302
89634022	0.2210	0.4224	-1.6040
89634023	-0.5710	0.3682	-1.5011
89634024	-0.4737	0.1959	-0.9383
89634025	-0.3147	0.2105	-0.5914
89634026	-0.5070	-0.2989	-1.3327
89634027	-0.4913	-1.0332	-1.4114
89634028	-0.5569	-0.2140	-0.8835
89634029	-0.3434	-0.0063	-0.8096
89634030	-0.6489	-0.3617	-0.6156
89634031	-0.0304	-0.0702	-0.6490
89634032	-0.2999	0.4162	-0.6965
89634033	-0.6625	-0.6835	-1.0587
89634034	-0.1654	-0.0974	-0.4540
89634035	-0.5141	-0.2376	-1.0585
89634036	-0.2978	0.0056	-1.5477
89634037	-0.1676	-0.4360	-0.7559
89634038	-0.5054	-0.5400	-1.0161
89634039	-0.6655	-0.3106	-0.5526
89634040	-0.2701	-0.1708	-0.4816
89634041	-0.0858	0.4050	-0.7535
89634042	-0.1372	-0.1665	-1.0201
89634043	-0.6254	-0.2482	-0.1831
89634044	-0.1056	0.1022	-1.0369
89634045	-0.2969	0.3925	-1.1479
89634046	-0.6106	0.1206	-0.7867
89634047	-0.2475	0.3504	-1.7725
89634048	-0.8756	-0.4560	-1.0179
89634049	-0.4602	0.1654	-0.8021
89634050	-0.8345	0.0456	-0.9445
89634051	-0.2468	0.0121	-1.2490
89634052	-0.3844	0.4206	-1.4489
89634053	-0.6743	0.0388	-0.9576
89634054	-0.3252	-0.0098	-1.2542
89634055	0.0074	-0.2390	-0.5840
89634056	-0.6772	-0.6777	-0.8408
89634057	-0.6344	-0.5940	-0.3340
89634058	-0.4049	-0.2975	-0.0363
89634059	-0.6902	-1.1751	-0.8166
89634060	-0.3256	-0.4139	-0.6673
89634061	-0.1029	0.0708	-0.6100
89634062	-0.6708	0.2874	-0.3596
89634063	-0.2379	-0.0581	-1.5157
89634064	-0.5421	0.1626	-0.9148
89634065	-0.5295	-0.1499	-0.8872
89634066	-0.5099	-0.1716	-1.0560
89634067	-0.6222	0.0967	-1.3968
89634068	-0.2153	-0.3104	-0.3590
89634069	-0.3468	-0.0792	-0.4163
89634070	-0.4058	-0.3074	-0.1184
89634071	-0.4777	-0.0636	-1.3449
89634072	-0.3696	0.1295	-1.1277
89634073	-0.1386	0.1299	-0.7044
89634074	-0.7655	0.1652	-1.1853
89634075	-0.4828	-0.4689	-1.1438
89634076	-0.8102	0.1624	-1.4918
89634077	-0.5808	0.0722	-0.5064
89634078	-0.1592	-0.1358	0.0913
89634079	-0.3370	-0.0868	-1.4211
89634080	-0.2056	-0.2083	-0.7575
89634081	-0.2995	-0.6536	-0.9322
89634082	-0.4356	-0.2712	-0.1810
89634083	0.1078	0.1021	0.1524
89634084	0.1134	0.0748	-0.8317
89634085	-0.3114	0.1719	-0.2279
89634086	-0.2689	0.2498	-1.1612
89634087	-0.5523	0.1190	-0.1047
89634088	-0.2435	0.0411	-1.0910
89634089	0.0843	0.4718	-0.6121
89634090	-0.0679	0.4323	-1.2660
89634091	0.1498	0.6243	-0.9932
89634092	0.3549	0.4686	-0.8812
89634093	0.6130	1.3124	-0.8768
89634094	0.2803	0.3725	-0.6709
89634095	0.6290	0.5381	-1.8005
89634096	0.7231	0.6491	-0.4131
89634097	0.6138	0.2020	-0.5052
89634098	1.2277	0.5493	-0.5623
89634099	0.9359	0.9406	-0.1114
89634100	1.7792	1.1270	-1.0467
89634101	1.4462	0.8011	-1.5146
89634102	2.0114	1.1068	-2.0529
89634103	2.3731	0.8900	-0.7199
89634104	2.2551	1.0542	-1.1653
89634105	1.8259	0.5549	-1.5814
89634106	1.4041	0.7358	-1.2902
89634107	1.7823	1.0610	-1.8964
89634108	1.8596	0.7364	-0.5674
89634109	1.4130	0.6047	-0.2622
89634110	1.2992	0.9521	-1.0704
89634111	1.7952	0.6322	-0.0604
89634112	1.4408	0.3551	-1.2014
89634113	1.9985	1.2524	-0.8459
89634114	1.2842	0.8097	-1.0818
89634115	1.7006	0.7893	-0.1940
89634116	1.0402	0.7647	-1.2785
89634117	1.4360	0.8605	-1.2711
89634118	0.8763	0.7878	-0.2344
89634119	0.8272	0.3966	0.3080
89634120	0.7639	0.3473	-0.6320
89634121	0.7092	0.3963	0.5217
89634122	0.4097	0.5449	-0.1804
89634123	-0.1909	0.3255	-0.6362
89634124	0.0780	0.0402	-0.3936
89634125	-0.3350	-0.4222	-0.8300
89634126	-0.2461	0.4787	-1.5078
89634127	-0.5378	-0.2001	-0.1757
89634128	-0.8831	-0.3340	-1.2596
89634129	-1.3293	-1.0235	-0.9283
89634130	-1.7349	-0.9623	0.3142
89634131	-1.6990	-1.5782	-0.6326
89634132	-1.8334	-0.9695	-1.4955
89634133	-2.2566	-1.2062	-0.4500
89634134	-2.6225	-1.3490	-0.6152
89634135	-2.8400	-2.0434	-1.0526
89634136	-2.6843	-1.5787	-0.1998
89634137	-2.8003	-2.2387	0.0661
89634138	-3.5932	-2.0651	-0.2579
89634139	-3.2276	-2.1073	0.3019
89634140	-3.5039	-2.3076	0.3327
89634141	-3.9511	-2.1566	0.0319
89634142	-3.7643	-2.5317	-0.5833
89634143	-3.9126	-2.2191	-1.3014
89634144	-4.4623	-2.9667	-1.3231
89634145	-3.9788	-1.8492	-0.7950
89634146	-3.6125	-1.9106	-0.4114
89634147	-3.4399	-2.3380	0.2632
89634148	-2.7083	-1.7250	0.4126
89634149	-2.7707	-1.5514	-0.5498
89634150	-1.7468	-0.6655	-1.1987
89634151	-1.4396	-0.1603	-1.6403
89634152	-0.8101	0.4992	-1.4044
89634153	-0.5014	1.1597	-1.3238
89634154	0.3290	1.3118	-0.0777
89634155	0.4367	1.6455	-0.5747
89634156	1.2102	1.5654	-1.3607
89634157	1.5353	2.4413	-0.0795
89634158	1.9426	2.1641	0.1881
89634159	2.3960	2.7843	-0.5844
89634160	2.1706	2.7755	-0.9792
89634161	2.2253	3.3058	-1.0629
89634162	2.9366	3.0370	-0.8146
89634163	2.7022	3.3973	-0.6076
89634164	2.4176	3.5553	-0.6431
89634165	2.2499	2.9256	-0.9771
89634166	1.3996	2.0398	-1.4118
89634167	0.3300	1.2756	-1.5316
89634168	-0.0898	1.0064	-1.3316
89634169	-0.6871	0.6989	-1.1956
89634170	-1.6823	-0.2777	-0.8710
89634171	-2.4352	-0.6874	-0.8197
89634172	-2.6834	-1.1248	-0.3176
89634173	-3.5734	-1.0807	-0.9309
89634174	-4.5945	-2.5711	-1.1383
89634175	-4.9440	-2.7144	-0.8958
89634176	-5.3018	-3.2368	-1.3589
89634177	-5.1887	-3.4650	-2.3678
89634178	-5.1324	-2.8014	-2.0549
89634179	-5.1699	-3.0316	-2.1000
89634180	-4.7544	-2.9609	-2.6693
89634181	-3.7899	-2.6919	-4.3759
89634182	-3.0120	-2.2224	-2.9955
89634183	-2.2004	-2.1206	-2.8171
89634184	-1.0185	-1.2216	-2.3389
89634185	-0.1570	-0.5784	-3.5472
89634186	1.3198	-0.4562	-3.2446
89634187	1.9918	0.4082	-2.6582
89634188	2.6042	1.2076	-2.0958
89634189	3.5182	1.0271	-1.7478
89634190	3.8537	1.1501	-1.1161
89634191	4.6577	2.2238	-1.5338
89634192	4.3342	2.3084	-1.2602
89634193	4.4665	2.0245	-0.5920
89634194	3.7615	1.2860	0.3951
89634195	3.6248	1.5697	0.3173
89634196	2.1612	0.8924	0.4218
89634197	1.1870	-0.5514	0.5037
89634198	0.1999	-0.7351	0.9830
89634199	-1.5830	-1.4992	1.5309
89634200	-2.8759	-1.2391	0.8794
89634201	-3.5456	-1.7511	0.3646
89634202	-4.5224	-2.2441	0.4522
89634203	-5.3391	-2.2845	0.9083
89634204	-5.4111	-1.9808	0.2843
89634205	-5.4810	-2.0504	0.4228
89634206	-4.9299	-1.9167	-0.2597
89634207	-4.0163	-0.8262	-0.8655
89634208	-2.9552	-0.4842	-2.3732
89634209	-1.0584	0.5922	-1.4490
89634210	-0.0779	0.8595	-2.5022
89634211	1.4121	1.3848	-2.9851
89634212	2.3207	1.5558	-3.0459
89634213	3.8950	2.3813	-2.9797
89634214	4.4206	1.9656	-2.7542
89634215	4.4512	1.5899	-1.0419
89634216	4.1710	1.2693	-0.1543
89634217	3.1700	1.0916	-1.2390
89634218	2.2021	0.5082	-0.6045
89634219	0.7219	-0.0323	0.1996
89634220	-0.5313	-0.5487	1.3457
89634221	-2.3254	-0.6901	0.1151
89634222	-3.1695	-0.7919	0.7364
89634223	-4.4058	-1.2182	1.4227
89634224	-4.1305	-0.3406	-0.0241
89634225	-3.6435	0.0527	-0.7372
89634226	-2.4828	0.4437	-1.3561
89634227	-1.4365	1.6861	-2.4218
89634228	-0.0078	1.9276	-2.9453
89634229	0.9435	1.5763	-2.8471
89634230	1.8673	1.0950	-2.4875
89634231	1.5174	0.2029	-2.4761
89634232	1.6535	-0.3985	-1.8758
89634233	0.2307	-1.3362	-1.1486
89634234	-0.6734	-2.3280	-1.2539
89634235	-1.3545	-2.2421	-1.6845
89634236	-1.1224	-1.2481	-2.1543
89634237	-0.7638	-0.4406	-0.2237
89634238	-0.0612	0.2315	-0.9260
89634239	1.0656	1.1370	0.2035
89634240	2.0121	2.0055	0.1545
89634241	2.1381	1.6873	0.2599
89634242	1.8588	0.9882	0.4084
89634243	1.0120	1.2324	0.4914
89634244	0.1839	0.8095	1.2421
89634245	-0.9742	0.1587	1.3673
89634246	-1.8749	-0.0696	0.4207
89634247	-1.9563	0.6540	-0.1610
89634248	-2.4073	0.0262	0.2320
89634249	-1.7518	0.7893	-1.3785
89634250	-1.9213	0.4186	-2.2154
89634251	-0.8425	0.1462	-2.9358
89634252	-0.8609	-0.5554	-2.4093
89634253	-0.2212	0.0050	-3.1993
89634254	-0.5445	-0.5077	-2.8388
89634255	0.0284	-0.0661	-2.7930
89634256	-0.2090	-0.1308	-2.8222
89634257	0.2794	0.1282	-1.8383
89634258	0.1027	-0.1602	-1.6191
89634259	-0.1760	-0.6528	-1.3624
89634260	-0.0126	-0.2837	-0.1116
89634261	0.2182	-0.1384	-0.3057
89634262	1.0752	-0.2611	0.1166
89634263	0.9415	-0.4025	0.8768
89634264	0.7895	0.0497	0.8104
89634265	0.2169	0.3062	1.7540
89634266	0.2979	0.3533	1.8305
89634267	-0.4848	0.6996	0.9633
89634268	-0.8000	0.4180	-0.6424
89634269	-1.4876	0.6877	0.0875
89634270	-1.7490	1.1651	-1.5103
89634271	-2.1619	0.8851	-1.2655
89634272	-1.7809	0.5812	-2.9124
89634273	-1.5674	0.0930	-2.4624
89634274	-1.4442	0.6530	-2.0370
89634275	-0.9325	-0.1474	-1.9883
89634276	-0.0627	-0.2254	-2.4576
89634277	0.5898	-0.2354	-1.6506
89634278	0.4214	-0.1509	-1.5227
89634279	0.1034	-0.9629	-0.7150
89634280	0.5404	-0.9923	-0.8793
89634281	0.7141	-0.8355	-0.8817
89634282	0.6917	-0.5638	-1.1072
89634283	0.0536	-0.6720	0.5834
89634284	0.6026	0.4533	0.6473
89634285	-0.4591	0.2482	0.4163
89634286	-0.0972	1.2435	0.0360
89634287	-0.8710	0.8838	1.2330
89634288	-0.3675	1.9311	-0.3215
89634289	-0.7026	1.2477	-0.0959
89634290	-0.6387	1.5762	-0.6130
89634291	-0.8325	1.5441	-1.8288
89634292	-1.2148	1.4831	-0.4344
89634293	-1.0332	0.5939	-2.5618
89634294	-0.7770	-0.1747	-1.7641
89634295	-0.0012	-0.5940	-2.2801
89634296	-0.4708	-0.5203	-1.9036
89634297	0.2281	-0.5503	-1.4724
89634298	0.1530	-0.8444	-0.9873
89634299	0.3377	-0.9988	-1.1521
89634300	0.1693	-0.7921	-0.9728
89634301	0.6032	-0.0606	1.3902
89634302	-0.2051	-0.0640	1.1667
89634303	-0.4331	0.9887	0.5201
89634304	-0.7027	0.8757	0.9422
89634305	-1.2871	1.0540	0.8972
89634306	-1.5080	1.6908	0.3887
89634307	-1.5171	1.8690	-1.0148
89634308	-1.3094	1.1855	-0.2907
89634309	-0.4459	0.8010	-0.6876
89634310	-1.0373	0.1614	-1.0702
89634311	-0.1157	-0.1475	-1.0875
89634312	-0.0973	-0.4222	-2.1564
89634313	-0.0592	-0.2485	-1.3674
89634314	0.3437	-0.5152	-0.7707
89634315	0.0001	0.1737	-0.4027
89634316	0.3045	0.1067	-0.4356
89634317	-0.0170	-0.1059	0.0681
89634318	0.0790	0.5328	-0.4156
89634319	-0.0895	0.8762	0.3972
89634320	-0.5202	0.4499	0.4812
89634321	-0.8972	1.1897	-1.1915
89634322	-0.6915	0.3554	0.1193
89634323	-1.1232	0.4810	0.1851
89634324	-0.7090	0.3799	-1.8699
89634325	-0.9675	0.2956	-1.1854
89634326	-0.4473	0.1375	0.2541
89634327	-0.5269	0.2692	-0.5891
89634328	-0.5590	0.0078	-0.2273
89634329	-0.2204	0.5321	0.0096
89634330	0.1816	1.2829	0.1750
89634331	-0.1890	0.9251	-1.0804
89634332	0.4171	1.8398	-0.1570
89634333	-0.2344	1.4611	-1.0277
89634334	-0.4958	0.7322	0.0458
89634335	-0.6371	0.5195	-0.6033
89634336	-0.7819	0.0324	-0.1517
89634337	-0.9854	0.0156	-0.4443
89634338	-1.3552	-0.3619	0.3806
89634339	-1.4940	-0.0720	-0.2206
89634340	-0.9116	0.1773	0.3043
89634341	-0.9974	-0.0609	-1.1097
89634342	-0.3612	0.5705	-0.3304
89634343	-0.1243	0.0853	-1.2560
89634344	0.5698	0.8639	-1.1420
89634345	0.0757	0.2511	-1.0455
89634346	0.0181	0.1920	-0.0068
89634347	-0.1223	0.3006	0.0453
89634348	0.3579	0.9429	-0.3674
89634349	-0.3617	0.7107	-0.3315
89634350	-0.4327	1.2697	-0.0610
89634351	-0.7510	0.8615	-0.4969
89634352	-0.4842	1.0238	-0.1747
89634353	-0.5949	0.7649	-1.1625
89634354	-0.4582	0.3426	-1.6716
89634355	-0.6580	0.1866	-1.7033
89634356	-0.4608	0.1704	-1.3831
89634357	-0.2513	0.0299	-0.6043
89634358	-0.1019	-0.3152	-1.3686
89634359	0.2606	-0.2554	-0.6872
89634360	-0.0570	0.1821	-0.5205
89634361	-0.1845	0.1739	-0.8400
89634362	-0.2251	0.0319	-0.2795
89634363	-0.5355	0.0663	-0.1779
89634364	-0.7425	0.2074	0.4014
89634365	-1.4521	0.0551	0.0320
89634366	-0.4995	0.3709	-0.2447
89634367	-0.7194	0.0176	-0.3370
89634368	-0.3025	0.6528	-0.4474
89634369	-0.1301	-0.2547	0.2261
89634370	-0.0162	0.0269	-0.8670
89634371	0.1616	0.0131	-0.4834
89634372	-0.3720	-0.4719	-0.0743
89634373	-0.1207	-0.6286	0.0247
89634374	-0.0465	-0.1489	-0.5468
89634375	-0.3456	-0.3669	-0.1969
89634376	0.1087	-0.4560	-1.0083
89634377	-0.4325	0.2637	-1.0970
89634378	-0.3495	0.5293	-0.9589
89634379	-0.3812	0.6310	-1.4009
89634380	-0.2710	0.5991	-0.8100
89634381	-0.7967	0.2387	-0.9597
89634382	-0.3449	0.4702	-1.8214
89634383	-0.8828	0.1377	-0.6466
89634384	-0.9317	0.0537	-0.7904
89634385	-0.5952	0.3971	-0.9331
89634386	-0.5821	0.8064	-0.4511
89634387	-0.3964	0.2738	0.1320
89634388	-0.2581	0.0887	-0.8632
89634389	-0.1245	0.0985	-0.3364
89634390	-0.3265	-0.0359	-0.5625
89634391	-0.2533	0.2376	-0.7550
89634392	-0.4600	-0.2602	-1.5203
89634393	-0.3608	-0.1436	-2.1544
89634394	-0.0040	-0.0337	-0.6250
89634395	-0.3428	-0.2836	-1.3469
89634396	-0.3224	-0.0104	-0.7287
89634397	-0.5175	-0.0892	-0.8716
89634398	-0.2766	0.3519	-0.6278
89634399	-0.4524	0.6163	-0.7366
89634400	-0.8239	0.2307	-0.6238
89634401	-0.7322	0.5819	-0.6029
89634402	-0.6491	0.2487	-0.3049
89634403	-0.7080	0.2202	-0.7296
89634404	-0.4095	0.4461	-0.4933
89634405	-0.7783	0.1952	-1.1308
89634406	-0.4124	0.6708	-0.3707
89634407	-0.4554	0.0655	-0.0394
89634408	0.2795	0.6630	-1.6682
89634409	-0.1012	0.2047	-1.2854
89634410	-0.6893	-0.4611	-0.9625
89634411	0.0444	0.3114	-0.7406
89634412	-0.3174	0.1187	-0.1367
89634413	-0.5483	0.1267	0.4961
89634414	-0.8040	0.0157	-0.0781
89634415	-0.7987	0.2873	-0.4815
89634416	-0.5663	0.0516	-1.2542
89634417	-0.6286	0.4797	0.2087
89634418	-0.4529	0.2546	0.2965
89634419	-0.5340	0.0471	0.6684
89634420	-0.0061	0.7167	-0.3541
89634421	-0.3829	0.7857	-0.6689
89634422	-0.4949	-0.1327	0.1503
89634423	-0.6531	-0.0851	-1.3054
89634424	-0.2405	0.2927	-0.9436
89634425	-0.5942	-0.0094	-0.2116
89634426	-0.6527	-0.0642	-0.1640
89634427	0.0038	0.5722	-0.7366
89634428	-0.3312	0.0945	-1.0201
89634429	-0.2216	-0.0827	-0.8361
89634430	-0.4921	-0.0593	-0.6463
89634431	-0.1142	0.2659	-1.0374
89634432	-0.3737	0.1966	-0.6247
89634433	-0.3413	0.3560	-0.1880
89634434	-0.1213	0.2160	-0.6220
89634435	-0.2219	-0.0817	-0.9593
89634436	-0.1620	0.4468	-0.7167
89634437	-0.5430	-0.1294	-0.9533
89634438	-0.4846	0.4882	-0.5839
89634439	-0.7682	-0.1417	-0.3236
89634440	-0.6052	-0.0109	0.7356
89634441	-0.6321	0.0381	0.1406
89634442	-0.4167	0.1268	-0.6987
89634443	-0.3652	-0.1166	-0.1222
89634444	0.1695	0.4322	-1.5468
89634445	-0.0556	0.6147	-0.6529
89634446	-0.1443	0.0471	-1.5178
89634447	0.1785	0.7722	-1.5104
89634448	0.2003	0.1880	-0.8716
89634449	-0.0054	0.6748	-0.8702
89634450	-0.3235	-0.1199	-2.0073
89634451	-0.3638	0.5109	-1.1688
89634452	-0.1844	0.2281	-0.7906
89634453	-0.3055	0.0882	-0.4959
89634454	-0.3041	0.1596	-1.0513
89634455	-0.1495	0.1529	-0.1538
89634456	-0.2089	-0.3017	-0.5205
89634457	-0.0979	0.0272	-0.1056
89634458	-0.3148	0.0296	-0.1069
89634459	-0.6584	0.2108	-0.4064
89634460	-0.6595	-0.3051	0.1535
89634461	-0.6932	-0.4659	-0.0196
89634462	-0.6794	-0.7028	0.5595
89634463	-0.9604	-0.2893	0.6601
89634464	0.0000	0.0000	0.0000
89634465	0.0000	0.0000	0.0000
89634466	0.0000	0.0000	0.0000
89634467	0.0000	0.0000	0.0000
89634468	0.0000	0.0000	0.0000
89634469	0.0000	0.0000	0.0000
89634470	0.0000	0.0000	0.0000
89634471	0.0000	0.0000	0.0000
89634472	0.0000	0.0000	0.0000
89634473	0.0000	0.0000	0.0000
89634474	0.0000	0.0000	0.0000
89634475	0.0000	0.0000	0.0000
89634476	0.0000	0.0000	0.0000
89634477	0.0000	0.0000	0.0000
89634478	0.0000	0.0000	0.0000
89634479	0.0000	0.0000	0.0000
89634480	0.0000	0.0000	0.0000
89634481	0.0000	0.0000	0.0000
89634482	0.0000	0.0000	0.0000
89634483	0.0000	0.0000	0.0000
89634484	0.0000	0.0000	0.0000
89634485	0.0000	0.0000	0.0000
89634486	0.0000	0.0000	0.0000
89634487	0.0000	0.0000	0.0000
89634488	0.0000	0.0000	0.0000
89634489	0.0000	0.0000	0.0000
89634490	0.0000	0.0000	0.0000
89634491	0.0000	0.0000	0.0000
89634492	0.0000	0.0000	0.0000
89634493	0.0000	0.0000	0.0000
89634494	0.0000	0.0000	0.0000
89634495	0.0000	0.0000	0.0000
89634496	0.0000	0.0000	0.0000
89634497	0.0000	0.0000	0.0000
89634498	0.0000	0.0000	0.0000
89634499	0.0000	0.0000	0.0000
89634500	0.0000	0.0000	0.0000
89634501	0.0000	0.0000	0.0000
89634502	0.0000	0.0000	0.0000
89634503	0.0000	0.0000	0.0000
89634504	0.0000	0.0000	0.0000
89634505	0.0000	0.0000	0.0000
89634506	0.0000	0.0000	0.0000
89634507	0.0000	0.0000	0.0000
89634508	0.0000	0.0000	0.0000
89634509	0.0000	0.0000	0.0000
89634510	0.0000	0.0000	0.0000
89634511	0.0000	0.0000	0.0000
89634512	0.0000	0.0000	0.0000
89634513	0.0000	0.0000	0.0000
89634514	0.0000	0.0000	0.0000
89634515	0.0000	0.0000	0.0000
89634516	0.0000	0.0000	0.0000
89634517	0.0000	0.0000	0.0000
89634518	0.0000	0.0000	0.0000
89634519	0.0000	0.0000	0.0000
89634520	0.0000	0.0000	0.0000
89634521	0.0000	0.0000	0.0000
89634522	0.0000	0.0000	0.0000
89634523	0.0000	0.0000	0.0000
89634524	0.0000	0.0000	0.0000
89634525	0.0000	0.0000	0.0000
89634526	0.0000	0.0000	0.0000
89634527	0.0000	0.0000	0.0000
89634528	0.0000	0.0000	0.0000
89634529	0.0000	0.0000	0.0000
89634530	0.0000	0.0000	0.0000
89634531	0.0000	0.0000	0.0000
89634532	0.0000	0.0000	0.0000
89634533	0.0000	0.0000	0.0000
89634534	0.0000	0.0000	0.0000
89634535	0.0000	0.0000	0.0000
89634536	0.0000	0.0000	0.0000
89634537	0.0000	0.0000	0.0000
89634538	0.0000	0.0000	0.0000
89634539	0.0000	0.0000	0.0000
89634540	0.0000	0.0000	0.0000
89634541	0.0000	0.0000	0.0000
89634542	0.0000	0.0000	0.0000
89634543	0.0000	0.0000	0.0000
89634544	0.0000	0.0000	0.0000
89634545	0.0000	0.0000	0.0000
89634546	0.0000	0.0000	0.0000
89634547	0.0000	0.0000	0.0000
89634548	0.0000	0.0000	0.0000
89634549	0.0000	0.0000	0.0000
89634550	0.0000	0.0000	0.0000
89634551	0.0000	0.0000	0.0000
89634552	0.0000	0.0000	0.0000
89634553	0.0000	0.0000	0.0000
89634554	0.0000	0.0000	0.0000
89634555	0.0000	0.0000	0.0000
89634556	0.0000	0.0000	0.0000
89634557	0.0000	0.0000	0.0000
89634558	0.0000	0.0000	0.0000
89634559	0.0000	0.0000	0.0000
89634560	0.0000	0.0000	0.0000
89634561	0.0000	0.0000	0.0000
