89633311	-0.3197	1.4924	-1.3636
89633312	-0.3530	1.5765	-1.8401
89633313	-0.2818	0.8966	-2.3576
89633314	-0.0263	1.4695	-2.7999
89633315	-0.0963	1.1952	-2.6529
89633316	-0.1224	1.2592	-1.8606
89633317	-0.0926	2.2334	-1.6634
89633318	0.0260	2.3991	-1.5210
89633319	-0.0507	2.5025	-0.7608
89633320	-0.2569	2.7351	-0.6703
89633321	-0.2002	2.5477	-0.5713
89633322	-0.4067	1.9352	-1.5221
89633323	-0.4862	2.0638	-1.2932
89633324	-0.6033	2.4020	-1.0780
89633325	-0.6783	1.9590	-2.1074
89633326	-0.3546	2.0826	-2.6388
89633327	-0.2659	1.8712	-2.2062
89633328	-0.2276	0.9903	-3.0205
89633329	-0.1006	0.5185	-3.5683
89633330	-0.0381	1.3141	-2.5205
89633331	0.0901	1.2596	-2.3084
89633332	-0.1817	1.6707	-1.4699
89633333	-0.3618	2.0133	-0.8155
89633334	-0.7587	2.1358	-0.9147
89633335	-1.0150	2.4985	-0.6410
89633336	-0.8254	3.0276	-0.6797
89633337	-0.8872	2.7997	-1.2182
89633338	-0.7649	2.7848	-1.2680
89633339	-0.6737	2.1591	-1.3514
89633340	-0.7992	1.9020	-1.9818
89633341	-0.6648	2.3134	-1.8750
89633342	-0.4736	1.8222	-1.5477
89633343	-0.4928	1.4939	-1.5218
89633344	-0.6296	1.1600	-1.9981
89633345	-0.4126	1.3389	-1.8912
89633346	-0.6675	1.5039	-2.1490
89633347	-0.4886	1.9589	-1.5608
89633348	-0.4942	2.5389	-0.2769
89633349	-0.4937	2.5141	-0.8526
89633350	-0.1166	2.3440	-0.8562
89633351	-0.3907	1.5555	-1.6126
89633352	-0.3853	1.7879	-1.0184
89633353	-0.1521	2.7973	0.0430
89633354	-0.3321	2.0659	-1.6363
89633355	-0.3606	2.0092	-1.3612
89633356	-0.0821	1.4754	-1.0041
89633357	0.1122	1.4326	-0.9274
89633358	-0.2454	1.1070	-1.8276
89633359	-0.1912	0.9464	-1.2933
89633360	-0.2984	1.2394	-1.2524
89633361	-0.7467	1.1938	-1.1536
89633362	-0.6150	1.5764	-0.4689
89633363	-0.4695	2.2075	-0.2078
89633364	-0.3845	3.1872	1.0663
89633365	-0.5948	3.1034	-0.2965
89633366	-0.8103	2.7572	-1.0943
89633367	-0.4031	3.2297	-0.1132
89633368	-0.4301	2.3008	-1.0473
89633369	-0.5515	1.9492	-1.3971
89633370	-0.5577	1.7604	-1.8514
89633371	-0.7600	0.7092	-2.5628
89633372	-0.6044	0.5696	-2.7570
89633373	-0.2875	0.8475	-2.4259
89633374	-0.4276	1.3340	-1.9324
89633375	-0.3494	1.9984	-1.2506
89633376	-0.4254	2.4896	-0.7286
89633377	-0.5313	2.6220	-1.3743
89633378	-0.6577	2.5570	-1.5232
89633379	-0.4408	2.7843	-2.2351
89633380	-0.3476	2.3429	-2.2666
89633381	-0.6980	1.4709	-3.8548
89633382	-0.4194	1.5788	-2.6342
89633383	-0.1198	1.5235	-2.5256
89633384	0.3082	1.6503	-2.3242
89633385	-0.0176	1.9243	-1.1941
89633386	0.2393	1.5732	-0.8401
89633387	-0.0653	0.9922	-1.4440
89633388	-0.1357	1.4152	-1.7344
89633389	-0.2327	1.8571	-1.3000
89633390	-0.7442	1.2989	-1.9830
89633391	-0.3636	2.0408	-1.9148
89633392	-0.6899	2.1076	-3.4197
89633393	-0.8831	2.0474	-3.5519
89633394	-0.6897	1.5774	-3.7068
89633395	-0.4554	1.5378	-2.9581
89633396	-0.3779	1.4164	-2.5901
89633397	-0.3990	1.3884	-1.8108
89633398	-0.4460	1.3489	-1.2565
89633399	-0.2041	2.0360	-0.5615
89633400	-0.0991	1.8561	-0.0983
89633401	0.0452	1.9808	0.3171
89633402	-0.1159	2.3817	-0.1108
89633403	-0.0575	2.4361	-0.1293
89633404	-0.3853	1.8903	-1.7557
89633405	-0.1061	2.0705	-2.5481
89633406	-0.6999	2.3741	-2.7484
89633407	-0.7776	1.8154	-2.7756
89633408	-0.6741	1.6997	-2.7613
89633409	-0.4773	0.6542	-3.4942
89633410	-0.4750	0.4002	-2.3379
89633411	-0.5578	0.5114	-2.2797
89633412	-0.3021	0.9222	-0.4523
89633413	-0.3643	1.0528	-0.8917
89633414	-0.2665	2.1176	0.1015
89633415	-0.4292	2.3709	-1.1241
89633416	-0.2643	2.5277	0.0639
89633417	-0.0652	3.1323	-0.0707
89633418	-0.3792	2.5385	-1.1878
89633419	-0.2914	2.8849	-0.9348
89633420	-0.7931	1.6874	-3.2455
89633421	-0.7759	1.1285	-3.3677
89633422	-1.0950	1.3062	-3.0457
89633423	-1.1654	1.5903	-2.8843
89633424	-1.1785	1.6171	-2.5974
89633425	-0.7939	1.2846	-2.6156
89633426	-0.7254	1.9732	-1.7852
89633427	-0.4999	1.8897	-0.7067
89633428	-0.6450	1.8424	-0.5401
89633429	-0.1490	1.5229	-0.6570
89633430	0.1155	1.8210	-0.9433
89633431	0.0171	1.6876	-1.2966
89633432	-0.1362	1.7156	-2.2388
89633433	-0.3763	2.0774	-2.9997
89633434	-0.6470	1.7754	-3.0660
89633435	-0.6402	2.3878	-1.6538
89633436	-0.6107	2.5203	-1.6802
89633437	-0.8739	2.9212	-1.8432
89633438	-0.8575	2.5384	-2.7514
89633439	-0.9148	2.6553	-1.5698
89633440	-0.9354	2.0426	-2.4449
89633441	-1.0313	1.9649	-2.2195
89633442	-0.8981	1.4181	-2.2332
89633443	-0.6292	1.5422	-2.3065
89633444	-0.5140	1.1661	-2.9487
89633445	-0.1539	1.3909	-2.4161
89633446	0.0528	1.6140	-1.0541
89633447	-0.4242	2.2359	-1.5779
89633448	-0.4819	2.3950	-1.6759
89633449	-0.6864	2.5984	-1.5589
89633450	-0.8738	2.9332	-1.7636
89633451	-0.7014	3.0988	-1.8981
89633452	-1.1679	2.8745	-1.3133
89633453	-0.9740	2.3107	-2.0193
89633454	-0.8356	2.0144	-2.0965
89633455	-0.7577	1.9498	-2.2443
89633456	-0.9245	1.5725	-1.8881
89633457	-0.6603	1.0025	-3.0407
89633458	-0.3211	1.4400	-1.9543
89633459	-0.3567	1.0050	-2.7242
89633460	-0.1528	1.3394	-1.7347
89633461	0.0737	1.3097	-1.9032
89633462	0.0446	1.7563	-1.5584
89633463	-0.1129	1.9297	-1.2283
89633464	-0.2640	2.2811	-1.1823
89633465	-0.5099	2.1688	-0.7510
89633466	-0.4742	1.6828	-1.6713
89633467	-0.6238	2.0548	-2.0018
89633468	-0.8049	2.0888	-2.0365
89633469	-0.4701	2.2705	-1.8206
89633470	-0.5968	1.5583	-2.7992
89633471	-0.3230	1.3320	-2.4804
89633472	-0.5713	1.5389	-1.9171
89633473	-0.5300	1.5708	-1.6878
89633474	-0.7874	0.9601	-1.3623
89633475	-0.5829	1.6014	-0.1155
89633476	-0.2527	1.7539	0.2841
89633477	-0.3388	2.3468	0.6126
89633478	-0.3211	3.0120	1.4089
89633479	-0.4390	2.9763	1.0738
89633480	-0.3470	2.9263	-0.1509
89633481	-0.5042	2.4518	-0.6567
89633482	-0.6897	2.2002	-2.6905
89633483	-0.8957	1.8751	-2.1283
89633484	-0.6590	1.7436	-3.1107
89633485	-0.7480	1.2676	-3.8374
89633486	-0.4281	1.4190	-3.3038
89633487	-0.5012	1.3138	-3.7520
89633488	-0.6316	2.0993	-2.4690
89633489	-0.6847	2.2756	-1.5575
89633490	-0.7619	1.8752	-0.9299
89633491	-0.9506	2.2814	0.0271
89633492	-1.2276	2.6015	-0.2209
89633493	-1.1248	2.9508	-0.2782
89633494	-1.0307	2.4419	-0.4319
89633495	-1.2068	2.2950	-0.7871
89633496	-0.8305	1.9107	-1.5908
89633497	-0.8982	1.4220	-2.5051
89633498	-0.7122	1.6803	-2.8265
89633499	-0.7687	1.4393	-3.2941
89633500	-0.7780	1.4888	-2.8755
89633501	-0.7510	2.2723	-2.5238
89633502	-0.9209	1.4132	-2.1795
89633503	-0.7749	2.0565	-1.7310
89633504	-0.6871	2.1909	-1.3458
89633505	-0.7104	2.2548	-0.7511
89633506	-0.5182	2.0584	-1.0261
89633507	-0.3330	1.6526	-1.2030
89633508	-0.3648	2.0366	-1.1697
89633509	-0.5333	1.6650	-0.7538
89633510	-0.7124	1.4992	-1.9059
89633511	-0.7155	1.5960	-1.3296
89633512	-0.5294	1.9159	-0.9458
89633513	-0.5582	1.9740	-1.8602
89633514	-0.5997	1.9426	-2.1352
89633515	-0.6037	2.1806	-1.6889
89633516	-0.5512	1.3358	-2.3618
89633517	-0.4696	1.3708	-2.8099
89633518	-0.4051	1.0223	-1.9821
89633519	-0.6643	1.2660	-2.3720
89633520	-0.6987	1.6331	-2.0077
89633521	-0.6734	1.1481	-2.0672
89633522	-0.4530	1.3806	-2.0027
89633523	-0.6958	1.1802	-1.5306
89633524	-0.8016	1.0793	-2.5124
89633525	-0.9598	1.1517	-2.5850
89633526	-0.9580	0.9450	-2.6436
89633527	-0.8349	0.9306	-2.7380
89633528	-0.7048	1.6601	-2.3578
89633529	-0.8759	1.7340	-2.8660
89633530	-0.9016	1.4496	-2.6158
89633531	-0.5036	2.0138	-1.3896
89633532	-0.6050	1.8498	-1.2010
89633533	-0.5145	1.6685	-1.7830
89633534	-0.1903	1.3761	-1.4213
89633535	-0.1509	1.4239	-1.0594
89633536	-0.1426	0.5716	-2.1446
89633537	-0.3442	0.8017	-1.9338
89633538	-0.4573	1.1999	-2.6863
89633539	-0.0175	1.4785	-3.2041
89633540	-0.0447	1.6759	-2.8902
89633541	-0.0966	1.9854	-2.1632
89633542	-0.4234	1.8069	-3.2542
89633543	-0.5325	1.4670	-2.4333
89633544	-0.8355	1.3425	-2.1403
89633545	-0.6172	1.0968	-1.6399
89633546	-0.5368	1.2896	-1.0940
89633547	-0.8826	1.3529	-1.4221
89633548	-0.7660	0.9958	-1.5813
89633549	-0.7496	0.8413	-2.1794
89633550	-0.5688	0.7846	-2.6867
89633551	-0.4696	1.3233	-2.4592
89633552	-0.5875	1.0887	-3.6950
89633553	-0.3962	1.6250	-2.4655
89633554	-0.4913	1.4382	-3.2611
89633555	-0.4052	1.3055	-2.9978
89633556	-0.6893	1.6571	-2.1484
89633557	-0.5769	2.0016	-2.0424
89633558	-0.5051	2.3341	-1.1112
89633559	-0.4094	2.4802	-1.1080
89633560	-0.5031	2.2176	-0.4507
89633561	-0.4416	2.1905	-0.4161
89633562	-0.7351	1.9987	-0.9400
89633563	-1.1577	1.9412	-0.6342
89633564	-0.5918	2.1327	-1.0627
89633565	-0.8119	1.6570	-1.2808
89633566	-0.6088	1.6621	-1.2459
89633567	-0.5954	1.5969	-1.7562
89633568	-0.7520	1.4678	-1.9844
89633569	-0.5830	1.7161	-2.4311
89633570	-0.3842	1.6419	-2.6028
89633571	-0.4611	2.4762	-1.7822
89633572	-0.5051	2.0734	-1.1083
89633573	-0.8644	2.8217	-1.0548
89633574	-0.9207	3.4687	-0.6962
89633575	-0.5660	3.2470	-0.6333
89633576	-0.5614	2.7425	-0.7054
89633577	-0.6416	2.7431	-0.2748
89633578	-0.5326	2.4519	-0.8052
89633579	-0.5934	1.9577	-1.5395
89633580	-0.3786	1.9108	-0.6564
89633581	0.0429	2.0133	-1.2019
89633582	-0.3259	1.5495	-1.8967
89633583	-0.0399	2.1831	-1.5817
89633584	-0.1357	1.9587	-1.9503
89633585	-0.2068	2.6055	-1.2146
89633586	-0.4778	2.4829	-0.8458
89633587	-0.7409	2.7248	-0.9482
89633588	-0.7674	2.1790	-1.5546
89633589	-0.8928	2.0598	-2.1541
89633590	-0.7260	2.3532	-2.2297
89633591	-0.3015	2.5374	-1.0114
89633592	-0.3725	2.0335	-1.8415
89633593	-0.1609	2.1395	-1.0632
89633594	-0.0686	1.6246	-0.3081
89633595	-0.0911	1.6393	0.4930
89633596	-0.0537	0.9822	0.4011
89633597	-0.1629	-0.1952	-0.6539
89633598	-0.2408	-1.0221	-1.2439
89633599	-0.8238	-1.7075	-2.5444
89633600	-0.8438	-1.4998	-1.8404
89633601	-1.2424	-1.6980	-2.1696
89633602	-1.5766	-1.1381	-1.9254
89633603	-1.3700	-0.2769	-0.7965
89633604	-1.1036	1.4718	0.6169
89633605	-1.0071	1.9105	2.0998
89633606	-0.6716	2.9319	3.4491
89633607	-0.4895	3.4607	4.1762
89633608	-0.6407	2.7178	3.5765
89633609	-0.5452	1.8505	2.4418
89633610	-0.6563	0.7523	1.5232
89633611	-0.7626	-0.1209	0.2268
89633612	0.0932	-0.9603	0.9292
89633613	0.5986	-1.7757	0.2156
89633614	1.6265	-2.1824	-0.0039
89633615	2.3160	-1.9546	-0.3061
89633616	2.1489	-1.7597	-0.0964
89633617	3.9729	-2.6073	0.2918
89633618	6.4808	-2.9576	-0.2727
89633619	5.5360	-1.7866	-0.4720
89633620	3.0620	-2.0379	-0.2514
89633621	3.7111	-2.2164	-1.8968
89633622	3.2731	-2.1507	-1.6144
89633623	1.5043	-2.0279	-1.6845
89633624	0.7867	-2.2466	0.3229
89633625	0.0641	-2.1384	0.5291
89633626	0.2380	-3.7982	0.0986
89633627	1.0382	-4.3315	-1.2385
89633628	1.8196	-3.8214	-2.5573
89633629	3.2310	-2.1331	-2.7703
89633630	3.3826	-0.2343	-1.1374
89633631	3.0584	-0.9826	-0.4106
89633632	2.5624	-2.2243	-0.8506
89633633	2.6290	-1.8920	-2.1477
89633634	2.2089	0.6076	-2.3839
89633635	1.7895	2.4166	-0.1965
89633636	2.0826	1.4385	2.9859
89633637	2.2851	-1.5829	3.3089
89633638	2.5892	-2.7769	2.6165
89633639	3.1268	-3.4474	0.2056
89633640	2.9222	-3.2239	-0.8505
89633641	2.5169	-3.2470	0.6286
89633642	2.5708	-3.4825	-0.0646
89633643	2.7464	-3.4952	-0.0757
89633644	2.6360	-2.7584	0.9680
89633645	1.8767	-2.6970	2.6167
89633646	1.8571	-3.3131	3.1460
89633647	1.6424	-3.5474	1.7888
89633648	1.1347	-3.8841	0.5288
89633649	0.4134	-3.8761	0.7895
89633650	0.1919	-4.7754	0.1282
89633651	1.1398	-4.4000	-0.5544
89633652	1.5305	-3.4361	-0.8473
89633653	2.0037	-3.7574	-0.3281
89633654	2.4818	-3.6889	0.1501
89633655	3.4663	-2.9463	-0.5721
89633656	3.9905	-2.2234	-0.1188
89633657	3.6032	-1.7316	0.7909
89633658	2.8197	-2.4125	0.6823
89633659	2.5283	-1.5705	0.5185
89633660	3.0182	-1.8798	-0.1482
89633661	3.1399	-2.1842	0.1701
89633662	2.7760	-2.8419	0.1379
89633663	2.5458	-2.9193	0.6563
89633664	2.7567	-3.0850	0.4727
89633665	3.0278	-2.7740	1.5546
89633666	2.8268	-3.3190	1.1344
89633667	2.6491	-3.0734	1.2635
89633668	2.6202	-2.2501	2.4943
89633669	2.4748	-2.9099	2.3713
89633670	2.1557	-2.9994	2.9578
89633671	1.6374	-3.4045	2.6421
89633672	2.1552	-3.5125	2.5623
89633673	2.3156	-3.4817	1.4080
89633674	2.5776	-4.0135	1.1893
89633675	2.0059	-4.6054	-0.0841
89633676	1.2367	-4.7795	-1.1597
89633677	1.0909	-4.2578	-0.1783
89633678	0.9227	-3.9496	0.2270
89633679	1.0453	-4.1579	-0.7872
89633680	0.7817	-3.6249	-0.3844
89633681	1.1608	-2.8436	0.5380
89633682	0.9430	-3.2255	0.8991
89633683	1.1962	-3.1295	1.3942
89633684	1.7377	-3.1879	1.4186
89633685	1.9812	-3.4966	0.8592
89633686	1.5698	-4.0267	0.4171
89633687	1.4396	-4.7431	0.6033
89633688	1.5166	-4.9927	-0.2044
89633689	1.6373	-4.6542	0.1702
89633690	1.0969	-4.7464	0.1426
89633691	0.5672	-4.4953	1.2184
89633692	0.3801	-4.7470	0.9311
89633693	0.7458	-4.1101	1.5663
89633694	1.0823	-3.9701	1.7274
89633695	0.8451	-4.4201	0.7040
89633696	1.0145	-4.8859	0.5293
89633697	0.8539	-5.3396	-0.0589
89633698	0.4999	-5.2842	-0.1890
89633699	0.2937	-4.6646	-0.0578
89633700	0.0731	-4.3474	0.1722
89633701	0.0659	-4.6243	0.1903
89633702	0.5897	-3.2793	0.3941
89633703	1.1002	-2.9867	-0.1869
89633704	1.4408	-4.0724	-0.8478
89633705	1.4720	-3.7028	0.1517
89633706	1.5589	-3.9615	0.3995
89633707	1.3103	-4.4305	-0.2141
89633708	1.1290	-4.1211	-0.5458
89633709	0.7973	-3.6751	0.0142
89633710	0.5521	-3.5115	-0.3760
89633711	0.8895	-3.1523	-0.8543
89633712	1.0471	-2.8503	-0.8247
89633713	1.1619	-2.7722	-0.5473
89633714	1.1475	-2.0670	0.1990
89633715	0.9471	-2.5565	-0.8736
89633716	1.0870	-2.8365	-1.0198
89633717	1.5833	-2.3797	-0.2483
89633718	1.7580	-2.2392	0.5988
89633719	1.5062	-2.5557	0.1247
89633720	2.3238	-1.9191	0.3253
89633721	2.5642	-2.0007	-0.5609
89633722	2.7948	-2.2509	0.3595
89633723	2.8325	-3.0790	0.5172
89633724	1.9382	-4.0215	-0.5274
89633725	1.3987	-4.7251	-0.4401
89633726	1.3452	-4.1768	-0.7684
89633727	1.2890	-3.0898	-1.2793
89633728	1.2380	-2.6787	-1.2424
89633729	1.0199	-2.5038	-1.1012
89633730	1.0999	-2.6767	-0.7497
89633731	1.2762	-2.8284	0.0543
89633732	1.2385	-2.8772	0.4820
89633733	1.3044	-3.4636	0.4860
89633734	1.5134	-3.2158	1.2168
89633735	2.2367	-2.7683	1.2518
89633736	2.4894	-3.0212	1.5485
89633737	2.4856	-2.9155	1.2241
89633738	2.3351	-2.8360	0.5558
89633739	2.2415	-3.3042	0.4138
89633740	2.0477	-3.4625	0.0492
89633741	1.7632	-4.2958	-0.7299
89633742	1.4606	-4.1428	-1.2486
89633743	1.5869	-3.7066	-1.6478
89633744	1.4996	-2.9105	-1.2431
89633745	1.6965	-2.9034	-1.0288
89633746	2.1631	-2.4856	0.0118
89633747	2.1462	-2.4446	-0.3916
89633748	1.5861	-2.5200	-0.5818
89633749	1.4415	-2.1632	-0.2329
89633750	1.0487	-2.8686	-0.0902
89633751	0.9664	-3.7016	-0.7475
89633752	1.5805	-3.8301	-0.4241
89633753	1.9232	-3.2680	0.4986
89633754	1.9103	-3.7488	0.0125
89633755	1.7257	-4.2262	0.0487
89633756	1.3723	-4.4919	-0.3230
89633757	0.9448	-4.5964	-0.9124
89633758	0.8732	-4.4234	-1.5380
89633759	1.3151	-2.8946	-0.6684
89633760	1.9131	-2.0763	-0.0247
89633761	2.5990	-0.9056	-0.4096
89633762	2.9300	-0.6692	0.1463
89633763	2.4492	-0.9432	0.5747
89633764	2.0006	-1.4932	1.4355
89633765	1.4671	-3.0343	1.0112
89633766	0.9196	-4.5866	0.1663
89633767	0.3504	-5.6708	-1.4013
89633768	0.0835	-5.9318	-1.6641
89633769	0.7066	-4.7346	-1.1644
89633770	0.4546	-5.0175	-1.7051
89633771	0.5624	-3.8805	-1.1665
89633772	0.4626	-3.0657	-1.2710
89633773	0.9785	-1.9736	0.1768
89633774	1.6142	-1.7726	0.4563
89633775	2.0692	-1.6757	1.2326
89633776	2.2473	-1.3565	1.2735
89633777	2.1073	-1.7926	0.5699
89633778	1.9809	-1.8926	0.9003
89633779	1.8883	-1.6716	0.9159
89633780	1.9786	-2.2710	0.4550
89633781	2.1063	-2.9800	-0.1492
89633782	1.7885	-3.6071	-0.3665
89633783	1.3493	-3.7016	-1.0740
89633784	1.5964	-3.5718	-0.4383
89633785	1.4797	-3.7056	-1.6392
89633786	1.4731	-3.6369	-1.5314
89633787	1.8023	-2.8955	-0.2794
89633788	1.2391	-2.8887	0.1230
89633789	0.9786	-2.8769	-0.4037
89633790	1.4394	-2.6315	0.7320
89633791	1.1205	-2.3597	1.1469
89633792	0.9414	-1.5374	1.4364
89633793	1.4693	-1.9778	0.4340
89633794	1.5369	-2.4951	0.0541
89633795	1.5976	-2.9968	-0.1340
89633796	1.4109	-2.9562	-0.1912
89633797	1.4678	-3.1474	-0.7981
89633798	1.3819	-3.4975	-1.1107
89633799	1.4939	-2.5482	-0.3967
89633800	1.2666	-2.9961	-0.9504
89633801	1.5511	-1.9140	0.2587
89633802	1.2869	-2.1663	0.7475
89633803	1.4055	-1.9622	1.0838
89633804	1.5491	-1.7086	1.2271
89633805	1.4625	-1.8209	0.7217
89633806	1.5136	-1.8124	1.1363
89633807	1.7232	-2.2340	-0.0513
89633808	1.2700	-3.0003	-0.9214
89633809	0.9269	-2.8590	-0.9644
89633810	1.3182	-2.8098	-0.1218
89633811	1.0891	-2.9404	-0.7231
89633812	1.3868	-3.6715	-0.4762
89633813	1.5350	-3.0427	0.1470
89633814	1.4235	-3.6466	0.1321
89633815	1.5221	-2.8733	1.0323
89633816	1.3725	-2.6071	0.9405
89633817	1.1401	-3.1842	0.6254
89633818	0.9832	-3.0416	0.1694
89633819	1.1826	-2.6381	0.5479
89633820	1.3684	-3.0674	0.0036
89633821	2.0132	-2.3330	0.6002
89633822	1.6117	-2.9400	-0.4777
89633823	1.6637	-2.3509	-0.4407
89633824	1.8680	-2.7394	-0.8862
89633825	1.6868	-2.2715	0.2492
89633826	1.8493	-2.8953	-0.2176
89633827	1.6102	-3.0638	-0.4305
89633828	1.4007	-3.6596	-0.1947
89633829	0.8717	-4.0752	0.5108
89633830	0.3041	-4.2854	0.6989
89633831	0.5961	-4.1426	0.4431
89633832	0.9822	-4.0832	-0.5676
89633833	1.5122	-3.5941	0.4705
89633834	1.3917	-2.4723	0.7153
89633835	1.4970	-2.4125	0.8383
89633836	1.4771	-2.2666	0.8694
89633837	1.2538	-3.0109	0.5054
89633838	1.5310	-3.0522	0.0705
89633839	1.1822	-3.9687	-0.6830
89633840	0.7133	-3.7743	-0.3863
89633841	0.9100	-4.5643	-0.7787
89633842	0.9385	-3.8638	0.4065
89633843	0.9515	-3.9684	0.0070
89633844	1.5312	-3.5331	0.2701
89633845	1.7862	-3.1729	0.6985
89633846	1.6786	-3.0212	1.4658
89633847	1.7050	-2.3824	1.5383
89633848	1.9633	-2.2640	0.7423
89633849	1.9339	-2.1242	0.2203
89633850	1.8929	-2.7442	-0.5527
89633851	1.9672	-2.1053	-0.7830
89633852	1.3839	-2.6067	-1.1480
89633853	0.9534	-2.7350	-0.5917
89633854	0.6455	-3.4365	-0.4888
89633855	0.5408	-3.8146	-0.6786
89633856	1.0245	-3.4507	-0.2557
89633857	1.3957	-3.4250	0.9022
89633858	1.4635	-3.6793	0.6700
89633859	1.6640	-3.1134	1.2807
89633860	1.4350	-3.2921	1.0289
89633861	1.6097	-3.2562	0.9412
89633862	1.5547	-3.1552	0.6881
89633863	1.9424	-2.7495	-0.0842
89633864	1.8601	-2.9608	-0.8451
89633865	1.7912	-2.1208	-1.0380
89633866	1.2464	-1.9631	-1.2018
89633867	0.8203	-3.5183	-1.4225
89633868	1.0723	-3.5250	-1.1080
89633869	0.5968	-4.4912	-1.7964
89633870	0.3648	-5.2933	-2.2931
89633871	0.4149	-4.8152	-1.5233
89633872	0.6970	-5.1471	-1.7909
89633873	0.6130	-4.5243	-1.2065
89633874	0.9376	-3.4406	-0.4282
89633875	1.1619	-2.4450	0.0315
89633876	1.4864	-2.0785	0.1505
89633877	1.8084	-1.7666	0.1842
89633878	1.9068	-2.1991	-0.0179
89633879	1.4795	-2.5482	0.2529
89633880	1.3072	-3.2588	-0.3840
89633881	1.2883	-3.5854	-0.6059
89633882	1.0980	-3.6698	-0.7834
89633883	0.5578	-3.7379	-1.0837
89633884	0.6786	-3.2402	-1.0930
89633885	0.5396	-2.7099	-0.6167
89633886	0.9802	-2.4752	-0.9469
89633887	1.2698	-2.4569	-0.3017
89633888	1.4034	-2.5654	-0.0572
89633889	0.9552	-3.1963	-0.8378
89633890	1.1988	-2.9632	-0.0179
89633891	1.3993	-2.1717	0.9043
89633892	1.0200	-2.9723	0.6126
89633893	0.9512	-3.1273	0.5913
89633894	1.2890	-3.3997	0.5409
89633895	1.2844	-3.0710	0.5627
89633896	1.7585	-3.1149	-0.2040
89633897	1.4961	-2.0360	0.2682
89633898	1.5302	-2.5184	0.1021
89633899	1.6231	-3.1468	-0.3521
89633900	1.6627	-3.3155	-0.4592
89633901	1.5617	-2.4900	-0.6754
89633902	1.1626	-2.6880	-0.6710
89633903	1.1777	-2.5087	-0.6709
89633904	1.4900	-2.5062	-0.7562
89633905	1.1538	-2.9697	-0.8983
89633906	1.0867	-2.8601	-0.7537
89633907	0.9723	-2.9219	-0.5710
89633908	1.1359	-2.7077	-0.3738
89633909	1.1297	-3.2739	-1.2446
89633910	1.4207	-3.1001	-0.8867
89633911	1.1321	-2.9958	-0.2466
89633912	1.2485	-2.9884	-0.2159
89633913	0.5418	-2.8168	0.5018
89633914	0.4266	-3.2266	0.6357
89633915	0.1388	-3.3734	0.1353
89633916	0.3734	-2.4380	0.0245
89633917	0.8323	-2.7111	0.1328
89633918	1.2782	-2.5069	-0.1067
89633919	1.3755	-2.9070	-0.1102
89633920	1.1588	-2.9165	-0.3247
89633921	1.4347	-2.6691	-0.5785
89633922	1.4798	-2.1937	-0.6059
89633923	1.5357	-2.4132	-0.2475
89633924	1.8476	-1.8970	0.3229
89633925	1.8237	-2.8443	0.3731
89633926	1.5393	-2.9463	1.7083
89633927	1.4560	-2.3459	1.3847
89633928	1.3985	-2.2897	1.4915
89633929	1.8708	-2.1701	1.1212
89633930	1.7364	-2.4644	0.2683
89633931	1.7442	-2.3659	0.0477
89633932	1.9298	-1.7096	-0.1710
89633933	1.9398	-1.7594	0.0304
89633934	1.6065	-2.1761	-0.5018
89633935	1.1541	-2.2303	-0.8477
89633936	1.1264	-1.8685	-0.3733
89633937	1.0180	-2.5375	-0.2897
89633938	1.1779	-2.7642	-0.1645
89633939	1.4086	-3.0531	1.0400
89633940	1.6151	-3.6331	0.7482
89633941	1.3806	-3.0815	1.6595
89633942	1.5191	-2.4606	1.7762
89633943	1.4484	-2.5386	0.8382
89633944	0.9596	-3.3828	-0.1816
89633945	0.9413	-2.2288	0.6992
89633946	1.0168	-2.7063	-0.5450
89633947	0.8401	-2.9805	-1.4257
89633948	1.0677	-2.4702	-0.7024
89633949	1.5252	-2.2611	-0.8238
89633950	1.7208	-2.6707	-1.4268
89633951	1.7227	-1.9109	-0.3227
89633952	1.7094	-2.5749	-0.7264
89633953	1.7419	-1.8089	-0.0336
89633954	2.2704	-1.0986	0.4607
89633955	2.0210	-0.7092	0.6655
89633956	2.5408	-0.7814	1.6135
89633957	2.4483	-0.9519	1.5612
89633958	1.8693	-1.5755	1.3177
89633959	1.9555	-2.3715	0.7666
89633960	1.7010	-3.1723	0.4381
89633961	1.9316	-3.7920	0.4108
89633962	2.2202	-2.9515	0.4113
89633963	1.8964	-3.2685	-0.1782
89633964	1.9234	-3.2227	-0.1554
89633965	1.7827	-3.7268	0.0669
89633966	1.8306	-3.1585	-0.2587
89633967	1.6611	-2.6994	-0.0373
89633968	1.6996	-2.2355	0.3441
89633969	1.7059	-1.6288	0.8493
89633970	1.4945	-1.1354	0.8581
89633971	1.5015	-1.4202	0.0291
89633972	1.8426	-1.5949	-0.0893
89633973	1.8638	-1.5637	0.1715
89633974	1.5785	-1.9714	0.2930
89633975	1.6987	-3.3797	-0.3980
89633976	1.8401	-2.4146	0.7238
89633977	2.0194	-2.7603	0.5175
89633978	1.7778	-2.9040	0.2038
89633979	2.0398	-2.2202	-0.0254
89633980	1.8102	-2.3777	-1.3103
89633981	1.8559	-2.1418	-1.7556
89633982	1.2369	-2.7540	-2.0580
89633983	1.3404	-3.0511	-2.4272
89633984	1.7252	-2.8206	-1.9543
89633985	1.2485	-3.3130	-2.1852
89633986	1.0511	-2.9541	-1.6051
89633987	1.5814	-2.0066	-0.4259
89633988	1.7853	-2.4219	-0.6462
89633989	2.1455	-1.4557	0.6576
89633990	1.9188	-1.9129	0.5090
89633991	2.0177	-2.2091	0.4087
89633992	1.8320	-1.1637	1.3430
89633993	1.7788	-1.3845	0.7100
89633994	1.7669	-1.7367	0.1803
89633995	1.2870	-2.1645	-0.0671
89633996	1.1845	-2.6684	-0.0805
89633997	0.8712	-3.1099	-1.3082
89633998	0.8903	-3.5663	-2.0560
89633999	1.5317	-3.6709	-2.3763
89634000	1.7308	-4.0396	-3.1925
89634001	1.5724	-3.3998	-2.2320
89634002	1.6462	-3.3653	-1.8005
89634003	1.5406	-2.9064	-1.0345
89634004	1.8759	-2.6788	-0.7704
89634005	1.8160	-3.4208	-0.4431
89634006	2.2277	-2.5074	0.3116
89634007	1.5370	-2.2253	1.9521
89634008	1.8292	-2.1118	1.7177
89634009	2.0181	-1.7973	1.6125
89634010	2.0213	-2.2214	0.3836
89634011	1.6053	-2.2714	-0.2198
89634012	1.1568	-3.0322	-0.4974
89634013	1.0168	-2.5518	0.0835
89634014	0.9105	-3.2937	-0.2583
89634015	0.8785	-3.7704	-1.1424
89634016	0.9886	-3.2805	0.0137
89634017	1.5874	-3.5153	-0.1892
89634018	1.5423	-2.4498	0.0955
89634019	1.5316	-2.9462	-1.2516
89634020	1.4372	-1.7177	-0.1664
89634021	1.1134	-2.0944	-0.9287
89634022	1.7506	-1.8787	-0.2558
89634023	1.2915	-1.4826	0.2124
89634024	1.3244	-2.0343	0.0538
89634025	1.0435	-2.4842	-0.1073
89634026	0.7847	-2.5667	-0.0408
89634027	0.9431	-3.0316	0.1673
89634028	0.8223	-3.8354	-0.4352
89634029	0.9057	-3.3128	-0.2908
89634030	0.7888	-3.1431	-0.2617
89634031	1.2461	-3.0984	-0.6017
89634032	1.0915	-2.3416	0.2058
89634033	1.3706	-2.8361	0.2832
89634034	1.3731	-2.6274	0.6276
89634035	1.1529	-2.6385	1.8216
89634036	0.7149	-3.1109	1.9363
89634037	0.9436	-3.5493	1.7527
89634038	0.7198	-2.7447	1.7339
89634039	0.6063	-3.3052	0.8030
89634040	0.6699	-3.1273	0.3434
89634041	0.7787	-3.6471	-1.3152
89634042	1.2094	-2.9346	-2.0746
89634043	0.9559	-2.6360	-2.7551
89634044	1.6646	-2.4503	-2.3407
89634045	1.5316	-2.1287	-2.1340
89634046	1.4029	-2.1777	-1.1046
89634047	1.7271	-2.4089	-0.4586
89634048	1.6685	-2.3304	1.7310
89634049	1.3231	-3.0336	2.3505
89634050	1.1550	-2.7290	1.8755
89634051	1.7743	-1.7155	2.3534
89634052	1.5727	-1.3424	1.9696
89634053	1.4294	-2.7291	0.2134
89634054	1.2513	-2.7924	-1.1794
89634055	1.6032	-2.2589	-1.8534
89634056	1.1404	-3.2430	-2.6726
89634057	1.2642	-3.5140	-3.0422
89634058	0.9515	-3.0067	-2.8486
89634059	1.0298	-2.7473	-2.0175
89634060	1.3119	-2.6366	-0.4486
89634061	1.1257	-1.1214	1.0022
89634062	0.7573	-3.4813	0.3595
89634063	0.9790	-3.1671	0.5749
89634064	0.8968	-3.6220	-0.4505
89634065	1.0057	-3.4854	0.6003
89634066	0.7890	-3.6724	-0.1718
89634067	1.2363	-3.1132	-1.5161
89634068	1.4374	-3.9177	-2.4884
89634069	1.6780	-2.3440	-1.8887
89634070	1.7083	-3.0109	-1.8902
89634071	1.1852	-2.6739	-1.9208
89634072	1.1022	-3.2914	-1.2266
89634073	1.3140	-3.3680	-1.0091
89634074	1.2649	-2.5751	0.6505
89634075	1.2135	-2.3958	1.4768
89634076	1.1333	-2.6189	1.8014
89634077	1.4558	-1.1928	1.7397
89634078	0.9933	-2.3417	1.0859
89634079	1.8026	-1.6514	1.0166
89634080	2.2192	-2.0131	-0.8525
89634081	1.9258	-3.1565	-0.5031
89634082	1.7084	-3.4862	-1.6859
89634083	2.1568	-2.6812	-1.0904
89634084	2.3970	-2.7741	-2.3566
89634085	1.4799	-3.4277	-1.5752
89634086	1.7262	-2.9875	-0.9550
89634087	1.2381	-2.8770	0.0416
89634088	1.2069	-2.0807	0.5432
89634089	1.5664	-2.1219	1.1132
89634090	1.1716	-2.5749	0.5510
89634091	1.3966	-2.6000	1.0764
89634092	1.2749	-3.1120	0.1733
89634093	1.3230	-3.3028	-0.8865
89634094	1.4084	-3.0060	-1.1179
89634095	1.6838	-2.4186	-0.7842
89634096	1.9995	-2.6445	-1.3926
89634097	1.5999	-3.1754	-1.0571
89634098	1.6137	-2.5890	-0.7809
89634099	1.6150	-3.0093	-0.7169
89634100	1.5554	-2.1980	-0.5922
89634101	1.5418	-3.1434	-0.9647
89634102	1.3616	-2.2528	-0.4116
89634103	1.6289	-2.5329	-0.5188
89634104	1.4197	-2.4800	-0.2575
89634105	1.2106	-2.8495	0.9245
89634106	1.7514	-2.9985	0.6693
89634107	1.1903	-2.8241	1.2104
89634108	1.6720	-2.8324	0.9079
89634109	1.8645	-2.0312	0.8325
89634110	1.6168	-2.8653	-0.3074
89634111	1.5688	-3.3293	0.3048
89634112	1.4159	-2.7288	0.1123
89634113	1.5811	-3.1920	-1.1047
89634114	1.7498	-2.9263	-1.7703
89634115	1.3435	-3.2165	-2.3591
89634116	1.0862	-2.8521	-2.1489
89634117	0.9228	-3.2328	-0.9634
89634118	1.3742	-3.2632	-1.2902
89634119	1.5390	-2.4078	-0.2213
89634120	1.3277	-2.7180	0.1218
89634121	1.4431	-2.1883	1.0736
89634122	1.2778	-1.4736	1.9164
89634123	1.5064	-1.9456	1.2035
89634124	1.6923	-1.8779	1.2514
89634125	1.7556	-2.9894	0.3289
89634126	1.7297	-3.2094	-0.3656
89634127	1.3846	-3.3072	-0.4304
89634128	0.8565	-3.7884	-1.6868
89634129	1.0979	-3.8858	-2.1070
89634130	1.1329	-2.6869	-0.8893
89634131	1.3189	-2.5423	-1.2081
89634132	1.9942	-1.2902	-0.9417
89634133	1.7935	-0.6485	0.6248
89634134	1.9036	-1.4596	0.2245
89634135	1.7464	-2.0579	-0.0130
89634136	1.8900	-1.1012	0.4007
89634137	1.7923	-2.6645	-0.2052
89634138	1.8754	-2.2824	-0.0243
89634139	1.9621	-2.8745	0.0094
89634140	1.4368	-3.9468	-1.2764
89634141	1.9005	-3.0618	-1.8588
89634142	1.4783	-2.6723	-1.3575
89634143	1.1942	-3.8508	-1.4746
89634144	0.7207	-4.5739	-2.4674
89634145	0.5425	-4.6646	-2.5575
89634146	0.6638	-3.6617	-1.5963
89634147	0.8879	-3.7545	-1.2951
89634148	1.4535	-2.9927	-0.3816
89634149	1.9295	-2.3643	0.1343
89634150	1.5625	-2.7786	0.1277
89634151	1.4986	-1.7868	0.6530
89634152	2.0796	-2.5096	-0.2431
89634153	1.4451	-2.9645	-1.7373
89634154	1.2983	-3.3804	-2.1067
89634155	0.7291	-3.5567	-2.5437
89634156	1.1561	-3.9759	-2.8108
89634157	1.0889	-3.4347	-1.6116
89634158	1.2265	-3.7628	-0.8422
89634159	0.8710	-3.6401	-0.1480
89634160	0.7958	-4.6531	0.4272
89634161	0.6874	-4.0721	0.6504
89634162	0.8069	-3.7630	0.4138
89634163	0.6714	-3.6887	-0.1257
89634164	0.9558	-3.6612	-0.6653
89634165	1.0777	-3.3405	-1.3796
89634166	1.2675	-3.6680	-2.0624
89634167	1.1244	-2.8371	-2.0811
89634168	1.9436	-2.6069	-1.7726
89634169	1.3787	-3.3417	-1.8535
89634170	1.0824	-4.5770	-1.9668
89634171	0.4137	-5.3334	-1.8863
89634172	0.7452	-5.6464	-1.3582
89634173	0.5828	-6.1560	-1.1363
89634174	0.2487	-7.4995	-2.9693
89634175	0.4816	-6.6656	-1.9036
89634176	0.0996	-5.7696	-1.4648
89634177	0.6205	-3.5018	-1.3182
89634178	1.1388	-2.8765	-0.7898
89634179	1.4308	-2.1035	-0.2901
89634180	1.9581	-1.3864	0.1548
89634181	1.7949	-1.5445	-0.0085
89634182	1.8031	-1.8169	-0.7048
89634183	1.7340	-1.9354	-1.4563
89634184	1.5734	-2.4540	-1.9002
89634185	1.4644	-2.8264	-2.3396
89634186	1.3525	-3.7496	-2.0190
89634187	1.5133	-4.6808	-2.3148
89634188	1.0269	-5.6205	-2.1198
89634189	1.0246	-5.5067	-0.9597
89634190	1.0452	-5.6367	-0.9122
89634191	1.3356	-4.2825	-0.4382
89634192	1.0342	-4.5966	-1.1852
89634193	1.6430	-3.9567	-0.6944
89634194	1.5969	-2.8473	-0.2648
89634195	1.0284	-3.1705	-1.1742
89634196	0.9567	-2.3532	-1.1182
89634197	0.9483	-2.0889	-1.0450
89634198	1.4681	-2.5323	-1.7765
89634199	1.1503	-2.2234	-2.2386
89634200	1.2192	-2.9612	-2.1828
89634201	0.9321	-2.8908	-1.8760
89634202	0.8446	-3.6777	-0.9846
89634203	0.7993	-4.7194	-1.1401
89634204	1.1242	-4.9866	-0.7979
89634205	0.9397	-4.8455	-0.5496
89634206	0.7624	-4.0940	-0.5583
89634207	0.5487	-2.3076	0.2209
89634208	0.3731	-1.6920	-0.0749
89634209	0.6263	-1.4511	-0.6109
89634210	0.8053	-2.1914	-0.5209
89634211	0.9369	-2.4871	-1.0983
89634212	1.1110	-2.2684	-0.6004
89634213	1.3197	-3.2130	-0.0633
89634214	1.4456	-4.1498	-0.2460
89634215	1.2981	-4.0915	-0.4133
89634216	1.3111	-4.6413	-1.0886
89634217	1.4235	-4.3628	-1.2312
89634218	1.0719	-4.4729	-0.6381
89634219	1.1935	-3.7936	-0.3693
89634220	1.0753	-3.7209	-0.6149
89634221	0.9127	-3.4774	-0.5842
89634222	0.9135	-3.5668	-1.6613
89634223	0.6883	-3.2878	-1.0978
89634224	1.1625	-2.3947	-0.8717
89634225	1.7596	-2.7505	-0.3284
89634226	1.3773	-2.8919	-0.6486
89634227	1.8914	-2.7296	-0.2896
89634228	1.6361	-3.2753	-0.2579
89634229	1.2717	-3.2469	-0.1202
89634230	1.2222	-3.4310	-0.1066
89634231	1.1012	-2.9622	0.5989
89634232	1.2630	-2.5628	1.2138
89634233	0.9036	-2.9800	0.7252
89634234	0.4796	-2.7509	0.3811
89634235	0.5702	-2.9620	-1.2004
89634236	1.0068	-2.2272	-1.1134
89634237	0.5898	-3.1378	-1.4546
89634238	0.5926	-2.6900	-0.8345
89634239	0.7212	-3.5307	-0.4501
89634240	1.1022	-3.4973	-0.4112
89634241	0.9518	-2.7891	0.4499
89634242	1.2676	-3.0608	0.7457
89634243	1.0491	-3.0541	1.0983
89634244	1.2309	-3.8004	0.4193
89634245	1.3018	-3.7644	-0.2321
89634246	1.0747	-4.0521	-1.2356
89634247	1.5429	-3.8686	-2.1802
89634248	1.5046	-3.3377	-1.9908
89634249	1.3703	-2.6589	-1.9239
89634250	1.2181	-2.3412	-1.2765
89634251	1.3472	-2.5232	-0.9333
89634252	1.3434	-2.6970	-0.2101
89634253	1.2639	-2.9762	0.0886
89634254	1.3134	-3.4506	0.9071
89634255	0.9562	-4.5540	0.0005
89634256	0.8738	-5.1017	-0.0706
89634257	0.7337	-4.0340	-0.5607
89634258	0.8956	-3.3605	-0.4929
89634259	1.0245	-2.7540	-0.1680
89634260	0.7888	-2.0127	0.1993
89634261	0.9258	-1.3853	0.3369
89634262	1.3853	-2.4709	-1.2370
89634263	1.3834	-3.0663	-1.1897
89634264	1.3352	-4.6649	-1.1054
89634265	1.5514	-5.2916	-2.2704
89634266	1.6149	-4.4011	-1.5609
89634267	1.4658	-4.3638	-1.5350
89634268	1.6991	-4.4050	-1.3681
89634269	1.7824	-3.6470	-1.9051
89634270	1.5025	-2.8135	-1.8323
89634271	1.6304	-1.6305	-0.7177
89634272	1.6023	-1.6755	-0.7156
89634273	1.7936	-1.7649	-0.2819
89634274	1.5879	-1.1253	0.5298
89634275	1.3523	-2.4570	0.1863
89634276	1.4474	-2.8513	0.0083
89634277	1.0193	-3.4506	-0.4665
89634278	0.5371	-5.4149	-0.8970
89634279	0.5007	-6.0259	-0.6929
89634280	0.2946	-5.6927	-1.1968
89634281	0.4324	-3.9280	-0.9981
89634282	1.2873	-2.1747	0.1720
89634283	1.4059	-1.5137	-0.0348
89634284	1.3275	-1.2529	0.0235
89634285	1.5731	-0.7953	-0.0357
89634286	1.6506	-1.2168	0.2396
89634287	1.3860	-2.5670	0.4276
89634288	0.8767	-2.9448	-0.6728
89634289	0.7511	-3.5888	-1.6216
89634290	0.7283	-3.8326	-2.1865
89634291	0.3188	-3.8843	-2.1300
89634292	0.4492	-5.2391	-2.4262
89634293	0.4032	-5.7252	-2.3354
89634294	0.7654	-3.9899	-1.6586
89634295	0.8206	-3.7191	-1.7422
89634296	0.8641	-3.3434	-2.4244
89634297	0.9481	-2.7433	-1.5690
89634298	1.3607	-3.0715	-1.9022
89634299	1.0915	-3.6237	-1.7483
89634300	1.0671	-4.2333	-1.5393
89634301	0.9879	-4.9726	-1.6361
89634302	0.7067	-5.1321	-1.6137
89634303	1.1121	-3.0357	-1.1633
89634304	1.2758	-2.3638	-0.5443
89634305	0.5791	-3.0713	-1.1923
89634306	0.6159	-2.3051	-1.2171
89634307	0.8834	-2.7796	-1.7944
89634308	0.8743	-2.5851	-1.8431
89634309	0.7788	-2.2604	-1.0261
89634310	1.0428	-2.8960	-0.4735
89634311	1.2560	-3.3324	-1.0020
89634312	1.3928	-2.1604	-0.1004
89634313	1.3402	-3.1518	0.0985
89634314	1.3023	-3.0511	0.4478
89634315	1.1639	-3.6969	0.3042
89634316	0.8646	-4.1527	-0.1042
89634317	0.6111	-3.5640	-0.1222
89634318	0.3596	-3.1584	-0.4954
89634319	0.4768	-3.7675	-1.6861
89634320	0.6049	-3.7188	-1.6071
89634321	0.8750	-2.6257	-1.3895
89634322	0.9953	-2.1810	-1.8272
89634323	0.9184	-2.1364	-0.8801
89634324	1.0709	-2.1911	-1.6536
89634325	1.5286	-1.7696	-1.2376
89634326	1.5394	-1.2611	0.7555
89634327	1.4011	-1.3467	1.2258
89634328	1.0628	-1.3221	1.2011
89634329	1.1665	-2.5213	0.7520
89634330	1.1935	-2.2723	0.7222
89634331	1.0686	-2.8285	0.0083
89634332	1.1930	-2.5471	-0.1485
89634333	1.1481	-2.5749	-0.9862
89634334	1.5520	-1.9494	-0.9789
89634335	1.6482	-1.5734	-1.1817
89634336	1.2185	-0.8715	-1.4847
89634337	0.9921	-2.3447	-1.5449
89634338	1.2447	-2.1360	-0.5788
89634339	1.1358	-3.1231	-0.2081
89634340	0.6113	-3.4365	0.0123
89634341	0.2651	-3.8334	-0.5913
89634342	0.3325	-4.2436	-1.0506
89634343	0.6564	-4.4624	-1.8047
89634344	0.9807	-3.6252	-1.8903
89634345	1.6469	-2.9935	-2.2354
89634346	2.1681	-2.1073	-1.1237
89634347	2.1279	-2.0586	-1.6256
89634348	1.4581	-1.9841	-1.8752
89634349	1.7041	-2.0107	-1.7740
89634350	1.3039	-2.3209	-1.0566
89634351	1.2212	-2.0852	-1.5500
89634352	1.2209	-2.9491	-1.2471
89634353	1.1392	-4.6028	-1.2429
89634354	1.5106	-4.3048	0.0687
89634355	1.2769	-4.1969	-0.7005
89634356	1.8145	-3.7596	0.2317
89634357	1.2600	-3.1696	0.1542
89634358	1.0955	-4.0744	-1.8051
89634359	1.3159	-3.3683	-1.9580
89634360	1.4350	-2.4621	-2.1158
89634361	1.4447	-1.2025	-1.4325
89634362	1.4988	-1.5056	-2.0949
89634363	1.3574	-2.7967	-1.6564
89634364	1.3717	-3.6001	-1.8128
89634365	1.1354	-3.7539	-1.7487
89634366	1.3791	-4.5371	-1.8872
89634367	1.3976	-5.3862	-1.9099
89634368	1.3448	-4.3487	-1.8979
89634369	1.5290	-4.1690	-2.6724
89634370	1.4477	-3.7187	-2.7376
89634371	0.9622	-3.7304	-3.4542
89634372	0.7981	-3.1995	-3.2559
89634373	0.7278	-3.2653	-2.6774
89634374	1.3592	-2.5619	-0.9265
89634375	1.3443	-2.1384	-0.3553
89634376	1.1707	-3.0263	-0.6517
89634377	0.9417	-2.3927	0.3583
89634378	1.6327	-3.0242	0.5299
89634379	1.5454	-2.9998	0.7887
89634380	1.5117	-2.5293	0.7666
89634381	1.3595	-3.0560	0.8996
89634382	2.2856	-3.4854	0.2570
89634383	1.9313	-3.7979	-0.7379
89634384	1.6029	-4.1097	-1.6895
89634385	1.9217	-3.2922	-1.8674
89634386	1.0070	-4.1759	-3.6101
89634387	0.6582	-3.8250	-3.3396
89634388	0.2169	-4.1517	-3.1831
89634389	-0.3219	-4.5561	-3.0924
89634390	-0.2018	-5.5954	-3.3494
89634391	0.4146	-4.7277	-1.1678
89634392	0.5934	-4.8033	-0.6114
89634393	0.9530	-4.2641	0.0485
89634394	1.5117	-3.1816	1.7359
89634395	1.3339	-2.3737	1.6765
89634396	2.0553	-2.0558	1.5883
89634397	1.6396	-1.4891	1.3396
89634398	1.7790	-0.7986	1.0194
89634399	1.6533	-1.6380	0.0387
89634400	1.3184	-2.7274	-1.9799
89634401	1.1282	-3.9783	-1.8902
89634402	0.9583	-4.0232	-2.7202
89634403	1.1121	-2.6003	-1.4676
89634404	0.8769	-2.9994	-1.2213
89634405	0.7393	-2.3886	-0.6088
89634406	0.8158	-2.4760	-0.3107
89634407	0.7967	-2.9157	0.3071
89634408	0.8221	-3.0551	-0.1891
89634409	0.9727	-3.9052	-0.1113
89634410	1.1158	-3.7512	-0.4136
89634411	1.1220	-4.1665	-0.5215
89634412	0.3421	-3.7460	-0.9512
89634413	0.4289	-3.6590	-1.7801
89634414	0.3975	-3.2351	-1.8718
89634415	0.4323	-2.7038	-2.2393
89634416	0.3792	-2.3460	-1.7114
89634417	0.8004	-3.2833	-2.4910
89634418	0.9982	-3.3453	-2.0620
89634419	0.9427	-3.3333	-1.7512
89634420	0.9891	-4.4679	-2.3128
89634421	1.0755	-4.4443	-2.4488
89634422	0.7675	-3.6164	-1.3003
89634423	1.5105	-3.1891	-0.3838
89634424	1.9282	-1.9883	0.1353
89634425	1.6840	-1.4434	1.5282
89634426	1.8066	-2.1421	0.9544
89634427	1.8612	-2.5409	1.1013
89634428	1.5029	-2.3312	0.9567
89634429	1.6345	-3.0279	-0.2866
89634430	1.4767	-3.5081	-1.4723
89634431	1.5675	-3.7164	-2.3094
89634432	1.6512	-3.4818	-1.8175
89634433	1.1478	-3.4480	-1.3339
89634434	1.6960	-3.3128	-1.0197
89634435	1.6450	-2.7533	-0.8568
89634436	1.1121	-2.8592	-0.5610
89634437	1.2874	-2.4741	-0.4593
89634438	0.8666	-3.3289	-0.2957
89634439	1.2757	-3.8151	0.3850
89634440	0.9029	-3.9975	0.1244
89634441	0.9029	-4.7000	0.3330
89634442	1.3602	-4.1273	-0.5692
89634443	1.8660	-4.1459	-0.1867
89634444	1.9732	-4.1925	-0.2010
89634445	2.0194	-3.2173	-0.2702
89634446	1.6583	-3.6792	0.4299
89634447	1.6859	-3.1917	-0.4700
89634448	1.4922	-3.2613	-0.7639
89634449	1.2005	-3.1277	-1.0714
89634450	1.3351	-2.4608	-1.2755
89634451	0.9966	-3.0979	-1.1335
89634452	0.8640	-3.0537	-0.6351
89634453	0.5644	-2.9676	0.6417
89634454	1.1831	-2.6669	0.8040
89634455	1.4287	-3.0625	1.2500
89634456	1.3023	-3.1323	1.7837
89634457	1.1180	-2.9580	1.6705
89634458	1.5742	-3.5832	0.5962
89634459	1.4705	-2.9776	0.2417
89634460	0.9938	-3.7254	-0.1916
89634461	1.3319	-3.7464	-0.6072
89634462	0.6381	-3.5041	-1.5563
89634463	0.7144	-3.7512	-2.3907
89634464	0.0000	0.0000	0.0000
89634465	0.0000	0.0000	0.0000
89634466	0.0000	0.0000	0.0000
89634467	0.0000	0.0000	0.0000
89634468	0.0000	0.0000	0.0000
89634469	0.0000	0.0000	0.0000
89634470	0.0000	0.0000	0.0000
89634471	0.0000	0.0000	0.0000
89634472	0.0000	0.0000	0.0000
89634473	0.0000	0.0000	0.0000
89634474	0.0000	0.0000	0.0000
89634475	0.0000	0.0000	0.0000
89634476	0.0000	0.0000	0.0000
89634477	0.0000	0.0000	0.0000
89634478	0.0000	0.0000	0.0000
89634479	0.0000	0.0000	0.0000
89634480	0.0000	0.0000	0.0000
89634481	0.0000	0.0000	0.0000
89634482	0.0000	0.0000	0.0000
89634483	0.0000	0.0000	0.0000
89634484	0.0000	0.0000	0.0000
89634485	0.0000	0.0000	0.0000
89634486	0.0000	0.0000	0.0000
89634487	0.0000	0.0000	0.0000
89634488	0.0000	0.0000	0.0000
89634489	0.0000	0.0000	0.0000
89634490	0.0000	0.0000	0.0000
89634491	0.0000	0.0000	0.0000
89634492	0.0000	0.0000	0.0000
89634493	0.0000	0.0000	0.0000
89634494	0.0000	0.0000	0.0000
89634495	0.0000	0.0000	0.0000
89634496	0.0000	0.0000	0.0000
89634497	0.0000	0.0000	0.0000
89634498	0.0000	0.0000	0.0000
89634499	0.0000	0.0000	0.0000
89634500	0.0000	0.0000	0.0000
89634501	0.0000	0.0000	0.0000
89634502	0.0000	0.0000	0.0000
89634503	0.0000	0.0000	0.0000
89634504	0.0000	0.0000	0.0000
89634505	0.0000	0.0000	0.0000
89634506	0.0000	0.0000	0.0000
89634507	0.0000	0.0000	0.0000
89634508	0.0000	0.0000	0.0000
89634509	0.0000	0.0000	0.0000
89634510	0.0000	0.0000	0.0000
89634511	0.0000	0.0000	0.0000
89634512	0.0000	0.0000	0.0000
89634513	0.0000	0.0000	0.0000
89634514	0.0000	0.0000	0.0000
89634515	0.0000	0.0000	0.0000
89634516	0.0000	0.0000	0.0000
89634517	0.0000	0.0000	0.0000
89634518	0.0000	0.0000	0.0000
89634519	0.0000	0.0000	0.0000
89634520	0.0000	0.0000	0.0000
89634521	0.0000	0.0000	0.0000
89634522	0.0000	0.0000	0.0000
89634523	0.0000	0.0000	0.0000
89634524	0.0000	0.0000	0.0000
89634525	0.0000	0.0000	0.0000
89634526	0.0000	0.0000	0.0000
89634527	0.0000	0.0000	0.0000
89634528	0.0000	0.0000	0.0000
89634529	0.0000	0.0000	0.0000
89634530	0.0000	0.0000	0.0000
89634531	0.0000	0.0000	0.0000
89634532	0.0000	0.0000	0.0000
89634533	0.0000	0.0000	0.0000
89634534	0.0000	0.0000	0.0000
89634535	0.0000	0.0000	0.0000
89634536	0.0000	0.0000	0.0000
89634537	0.0000	0.0000	0.0000
89634538	0.0000	0.0000	0.0000
89634539	0.0000	0.0000	0.0000
89634540	0.0000	0.0000	0.0000
89634541	0.0000	0.0000	0.0000
89634542	0.0000	0.0000	0.0000
89634543	0.0000	0.0000	0.0000
89634544	0.0000	0.0000	0.0000
89634545	0.0000	0.0000	0.0000
89634546	0.0000	0.0000	0.0000
89634547	0.0000	0.0000	0.0000
89634548	0.0000	0.0000	0.0000
89634549	0.0000	0.0000	0.0000
89634550	0.0000	0.0000	0.0000
89634551	0.0000	0.0000	0.0000
89634552	0.0000	0.0000	0.0000
89634553	0.0000	0.0000	0.0000
89634554	0.0000	0.0000	0.0000
89634555	0.0000	0.0000	0.0000
89634556	0.0000	0.0000	0.0000
89634557	0.0000	0.0000	0.0000
89634558	0.0000	0.0000	0.0000
89634559	0.0000	0.0000	0.0000
89634560	0.0000	0.0000	0.0000
89634561	0.0000	0.0000	0.0000
