89633311	1.6580	0.9354	-1.0555
89633312	1.5685	0.7149	-1.4818
89633313	1.4372	0.1823	-1.8168
89633314	1.5350	0.2015	-2.2811
89633315	1.6537	0.1087	-2.3730
89633316	1.3487	-0.5862	-2.8931
89633317	1.5133	-0.0525	-2.2180
89633318	1.6984	0.2157	-2.5067
89633319	1.7095	0.5176	-2.4403
89633320	1.6020	0.8827	-2.2251
89633321	1.3749	0.3047	-2.6805
89633322	1.1473	-0.0718	-2.8300
89633323	1.2433	0.0071	-3.0264
89633324	1.2384	0.3801	-2.9764
89633325	1.2253	-0.0710	-2.6295
89633326	1.2918	-0.3646	-2.7530
89633327	1.2260	-0.5318	-1.9394
89633328	0.7921	-1.6402	-2.7960
89633329	0.9515	-1.6030	-2.8373
89633330	0.7278	-1.5342	-3.0470
89633331	0.6890	-1.6197	-2.6865
89633332	0.5286	-1.4777	-3.0144
89633333	0.4459	-1.2090	-3.1583
89633334	0.3104	-0.5648	-3.2479
89633335	0.7857	0.4386	-2.3979
89633336	0.9043	0.4270	-2.9547
89633337	0.9719	0.3832	-3.5529
89633338	1.0149	0.1746	-4.0041
89633339	1.0244	-0.4887	-4.7196
89633340	0.6554	-0.9644	-5.3423
89633341	1.1399	-0.2290	-4.1928
89633342	1.0072	-0.8723	-4.2385
89633343	1.3351	-0.6947	-3.4351
89633344	1.5430	-0.3627	-2.9304
89633345	1.4459	-0.3521	-2.6433
89633346	1.6259	-0.2363	-2.7730
89633347	1.5363	0.2070	-2.5841
89633348	1.7192	0.7885	-1.8855
89633349	1.4614	0.4500	-1.8389
89633350	1.3815	-0.0535	-2.3135
89633351	1.0430	-0.4911	-2.8766
89633352	0.7613	-1.0291	-2.7993
89633353	0.7506	-0.6276	-2.2556
89633354	0.5949	-0.8441	-2.3942
89633355	0.6935	-0.7499	-2.3799
89633356	0.8135	-0.9382	-2.0996
89633357	0.9288	-1.1279	-1.9730
89633358	0.9611	-0.7076	-1.3444
89633359	1.1393	-0.4550	-0.4822
89633360	1.3742	0.0647	-0.1549
89633361	1.3806	0.4909	-0.2175
89633362	1.6240	0.6832	-0.4258
89633363	1.5887	0.8095	-0.3164
89633364	1.2240	0.6264	-0.3443
89633365	1.1781	0.4172	-0.7524
89633366	0.7704	0.3908	-1.2348
89633367	0.1799	-0.7962	-1.9887
89633368	0.2326	-0.8310	-2.3860
89633369	0.3080	-0.7252	-2.0696
89633370	0.4315	-0.3638	-1.6061
89633371	0.3533	-0.9029	-2.0820
89633372	0.5321	-1.1533	-2.1428
89633373	0.7577	-0.7701	-1.3581
89633374	0.7175	-0.6223	-2.1316
89633375	0.6304	-0.9459	-2.5985
89633376	0.6647	-0.5232	-1.9089
89633377	0.8257	-0.5256	-2.3539
89633378	1.0867	-0.0827	-1.6198
89633379	1.0562	-0.1680	-1.8647
89633380	0.8361	-1.0740	-3.0687
89633381	0.8762	-1.0232	-2.7891
89633382	0.8225	-1.2207	-3.1942
89633383	1.0473	-0.9467	-2.8399
89633384	1.3893	-1.0095	-2.5495
89633385	1.3917	-0.5960	-2.5733
89633386	1.4698	-0.8737	-2.5528
89633387	1.3978	-1.1406	-2.6253
89633388	1.4248	-0.6868	-2.3548
89633389	1.3826	-0.6114	-2.2628
89633390	1.1044	-0.7284	-2.7155
89633391	0.8890	-1.0352	-3.2615
89633392	0.9267	-0.5019	-2.8861
89633393	0.9361	-0.4341	-2.9019
89633394	0.5599	-1.1968	-3.2584
89633395	0.6543	-1.0487	-3.3538
89633396	0.5850	-1.2027	-3.2504
89633397	0.6857	-1.1757	-3.1076
89633398	0.7284	-0.9328	-2.6174
89633399	0.9916	-0.4703	-2.3389
89633400	0.9335	-0.7817	-2.9413
89633401	0.9489	-1.1354	-3.1951
89633402	1.0583	-0.9678	-3.2838
89633403	1.2108	-0.9244	-3.7690
89633404	1.2478	-1.0406	-4.0385
89633405	1.6621	-0.5784	-3.8953
89633406	1.6605	-0.2072	-3.9379
89633407	1.7856	-0.0244	-3.1938
89633408	1.9497	0.6487	-2.7022
89633409	2.0412	0.2890	-2.0684
89633410	1.7332	0.4067	-1.7561
89633411	1.6825	0.7076	-1.5324
89633412	1.6028	0.6464	-1.0047
89633413	1.4404	0.5011	-1.1463
89633414	1.4169	0.7791	-1.0956
89633415	1.2828	0.7422	-1.5295
89633416	1.1429	0.3831	-1.9665
89633417	0.9509	0.3696	-2.2363
89633418	0.8650	0.1420	-2.5406
89633419	0.8623	0.4814	-2.0069
89633420	0.9695	0.5741	-2.2191
89633421	1.0933	0.5414	-2.0833
89633422	0.7998	0.4915	-2.8301
89633423	0.8222	0.6959	-3.1788
89633424	1.0934	0.7305	-2.7033
89633425	1.0660	-0.0713	-2.6833
89633426	1.2845	0.4632	-1.8665
89633427	1.3666	0.3119	-1.7961
89633428	1.0850	-0.2758	-2.1264
89633429	1.3217	-0.1510	-1.7490
89633430	1.0708	-0.7381	-2.5329
89633431	1.0164	-0.8068	-2.3449
89633432	1.0420	-0.2302	-2.2741
89633433	0.9555	0.0359	-2.4461
89633434	0.8048	0.0924	-2.4506
89633435	0.6076	0.4063	-2.9435
89633436	0.5990	0.6769	-2.5355
89633437	0.8164	1.6253	-1.9514
89633438	0.6317	1.4203	-2.0482
89633439	0.7936	1.6824	-1.9231
89633440	0.8712	1.1622	-1.8896
89633441	0.9860	0.9758	-2.2980
89633442	0.9645	0.2630	-2.5649
89633443	0.8142	-0.5403	-2.7342
89633444	0.6980	-1.0229	-3.1194
89633445	0.8939	-1.2195	-3.3103
89633446	1.2543	-1.0955	-2.9024
89633447	1.2593	-0.3965	-2.7797
89633448	1.3538	-0.1990	-2.3881
89633449	1.4922	0.0528	-1.5991
89633450	1.8034	1.1876	-1.3065
89633451	1.8243	0.9954	-1.3380
89633452	1.6632	0.8144	-1.4149
89633453	1.6552	0.4259	-1.5966
89633454	1.6374	0.3415	-1.6826
89633455	1.5056	-0.0949	-2.2772
89633456	1.5346	0.1331	-1.9260
89633457	1.7873	0.5212	-1.4474
89633458	1.4657	-0.2812	-1.6586
89633459	1.1876	-0.6431	-2.3267
89633460	1.3337	-0.6188	-2.6375
89633461	1.3284	-0.8918	-2.9969
89633462	1.2338	-0.7632	-3.0625
89633463	0.8605	-1.3734	-3.5412
89633464	0.9494	-0.8936	-4.0150
89633465	0.8513	-0.6231	-3.5034
89633466	0.7776	-1.1073	-3.8552
89633467	0.7341	-0.6836	-3.4444
89633468	0.9226	-0.1169	-3.4286
89633469	0.7074	-0.6699	-3.9244
89633470	0.9389	-0.2961	-3.4101
89633471	1.0474	-0.4458	-3.2963
89633472	1.1209	0.1381	-3.4116
89633473	1.2307	0.4669	-3.0437
89633474	1.2298	0.4848	-2.7972
89633475	1.4799	0.9846	-2.6725
89633476	1.4875	0.7722	-2.2471
89633477	1.6422	1.4062	-1.9110
89633478	1.6901	1.4786	-1.7826
89633479	1.7459	1.5649	-1.5662
89633480	2.1069	2.0758	-1.3277
89633481	2.0556	1.6508	-0.6021
89633482	2.1083	1.8993	-0.1181
89633483	1.9733	1.4317	-0.5509
89633484	1.9658	1.1488	-0.6512
89633485	1.7601	1.0337	-0.5539
89633486	2.1059	1.4708	-0.6581
89633487	1.9656	1.0469	-1.1787
89633488	1.8350	1.3991	-1.4428
89633489	1.9662	1.7178	-1.5302
89633490	2.1585	1.9081	-1.4153
89633491	2.1623	2.0314	-1.7130
89633492	2.1142	2.3827	-1.3221
89633493	2.1109	2.3239	-1.8617
89633494	2.0366	1.6031	-1.8884
89633495	1.9126	1.7752	-2.1427
89633496	2.0462	1.4623	-1.7601
89633497	1.8232	1.0334	-1.7332
89633498	1.8474	1.0749	-1.9837
89633499	1.6041	0.7732	-2.1796
89633500	1.5487	0.4555	-1.6677
89633501	1.3246	0.5594	-1.8947
89633502	1.2025	0.4585	-1.1988
89633503	1.0521	0.3875	-1.3592
89633504	0.9871	0.0696	-1.4341
89633505	0.9185	-0.0417	-1.6463
89633506	0.8600	-0.4861	-1.8747
89633507	0.4280	-1.4292	-2.2346
89633508	0.1629	-1.5498	-2.7978
89633509	0.2449	-1.3733	-2.4791
89633510	0.3717	-1.2140	-2.6620
89633511	0.2104	-1.1182	-2.0685
89633512	0.2913	-1.0913	-2.1124
89633513	0.4197	-0.7494	-1.8124
89633514	0.4207	-0.7175	-2.1046
89633515	0.7030	-0.2806	-1.5795
89633516	1.3268	0.3320	-0.8933
89633517	1.3595	0.2770	-1.0978
89633518	1.5440	0.8405	-1.0895
89633519	1.4370	0.9304	-1.8769
89633520	1.3966	0.9460	-1.7280
89633521	1.6357	1.0236	-1.7001
89633522	1.8207	1.1530	-1.5460
89633523	1.6872	1.2317	-1.5339
89633524	1.6958	1.3588	-1.7942
89633525	1.6900	1.2231	-1.9243
89633526	1.6254	1.1588	-1.9105
89633527	1.4175	0.7026	-2.3882
89633528	1.2889	0.6256	-2.7995
89633529	1.5594	1.0207	-2.6615
89633530	1.4678	0.6706	-2.1554
89633531	1.4418	0.7083	-2.3322
89633532	1.3842	0.3683	-2.1802
89633533	1.2003	-0.1678	-2.8467
89633534	0.9872	-1.0694	-3.3283
89633535	1.2026	-0.8229	-3.0185
89633536	1.2521	-1.1785	-3.1986
89633537	1.0094	-1.4646	-3.1554
89633538	0.7128	-1.6847	-3.0359
89633539	0.7885	-2.0885	-3.7592
89633540	0.7038	-1.8206	-3.3977
89633541	0.8885	-1.2691	-3.3347
89633542	0.5130	-1.6700	-3.5246
89633543	0.5984	-1.3821	-2.7816
89633544	0.6118	-0.8164	-2.7727
89633545	0.3269	-1.4299	-2.7761
89633546	0.4959	-0.8566	-1.5393
89633547	0.5498	-0.1766	-1.3407
89633548	0.2725	-0.6889	-1.2365
89633549	0.3982	-0.5715	-1.1029
89633550	0.4920	-0.4770	-1.3562
89633551	0.5969	-0.3424	-1.2954
89633552	0.5918	-0.3356	-1.8588
89633553	0.8328	0.3569	-1.3101
89633554	1.0412	0.5469	-1.5169
89633555	1.2317	0.6571	-1.6519
89633556	1.1315	0.5908	-1.3325
89633557	1.6480	1.4755	-1.1106
89633558	2.2323	2.2709	-0.1352
89633559	2.5918	2.6495	-0.1645
89633560	2.5591	2.2132	-0.0657
89633561	2.6675	2.3892	0.0139
89633562	2.6139	2.4510	0.3295
89633563	2.4937	2.2175	0.4783
89633564	2.2879	1.6058	0.4515
89633565	2.3695	1.4266	1.3756
89633566	2.1762	1.6055	0.8429
89633567	2.1301	1.5665	0.6454
89633568	1.9586	1.3433	0.1848
89633569	1.4378	0.9224	-0.6669
89633570	1.7003	0.8578	-0.6674
89633571	1.5992	1.5549	-0.9353
89633572	1.5565	1.2653	-1.3737
89633573	1.1752	1.4936	-1.6783
89633574	1.6207	2.5238	-1.3585
89633575	1.8253	2.3421	-1.6215
89633576	1.6320	1.6236	-1.5462
89633577	1.7670	1.9121	-1.8910
89633578	1.8841	1.9343	-1.5406
89633579	2.0231	2.1304	-1.0098
89633580	1.8563	1.8693	-1.4053
89633581	2.0843	1.7941	-0.9806
89633582	1.8095	1.6542	-0.6153
89633583	1.8660	1.3447	-0.3135
89633584	1.7093	1.0622	-0.3958
89633585	1.6192	1.4177	-0.4598
89633586	1.3706	0.7260	-1.1540
89633587	1.2742	0.8650	-1.5046
89633588	1.1738	0.4361	-1.5990
89633589	1.3405	1.1230	-1.2859
89633590	1.4122	1.1431	-1.0856
89633591	1.8654	1.7857	0.1489
89633592	2.1249	1.9988	0.2757
89633593	2.7542	3.2405	1.4251
89633594	2.8023	3.1547	1.6666
89633595	2.9594	3.4816	1.8343
89633596	2.5905	2.0659	1.5702
89633597	2.4630	1.8946	1.2950
89633598	2.3058	1.4425	1.2266
89633599	2.1437	1.7954	0.9136
89633600	1.9358	1.4432	0.8346
89633601	2.0835	1.8139	0.4539
89633602	1.5838	1.3551	-0.0624
89633603	1.3197	0.6233	-1.3479
89633604	1.2179	0.4197	-1.4682
89633605	0.7953	-0.3044	-2.4007
89633606	1.1988	0.0453	-2.2585
89633607	1.5419	0.3059	-1.6622
89633608	1.7168	0.8257	-1.0972
89633609	2.0369	1.1853	-0.6696
89633610	1.7874	0.9381	-0.9201
89633611	1.7516	1.1339	-0.9287
89633612	1.5638	0.7619	-1.4293
89633613	1.4623	0.6588	-1.8114
89633614	1.4004	0.7642	-1.6224
89633615	1.4060	0.2053	-2.0943
89633616	1.2536	-0.0243	-2.1892
89633617	1.5794	0.1807	-1.7658
89633618	1.6489	0.3508	-1.7664
89633619	1.4439	0.4957	-1.6244
89633620	1.2831	0.0633	-1.3771
89633621	1.7379	0.3695	-1.4296
89633622	1.5567	0.4304	-1.6890
89633623	1.1694	-0.2472	-2.1781
89633624	0.9674	-0.7474	-2.8566
89633625	1.0206	-0.6814	-2.7019
89633626	1.2575	-0.5325	-2.6750
89633627	1.3932	0.0298	-1.6426
89633628	1.2815	0.0868	-1.5603
89633629	1.1038	-0.7284	-1.7945
89633630	0.9431	-0.6969	-2.0498
89633631	1.1688	-0.4151	-1.8530
89633632	0.9178	-0.9833	-1.7578
89633633	0.7107	-1.4449	-2.4200
89633634	0.8202	-1.0336	-2.0934
89633635	0.9339	-0.3855	-2.1203
89633636	1.1300	-0.3927	-1.5815
89633637	1.0440	-0.5413	-1.3540
89633638	1.0354	0.0625	-0.8584
89633639	1.0944	-0.2672	-0.5134
89633640	0.7819	-1.0086	-1.8879
89633641	1.0265	-0.2446	-1.1969
89633642	1.1621	-0.0573	-1.3189
89633643	1.2044	-0.0857	-1.2610
89633644	1.1736	-0.0061	-1.4983
89633645	1.4055	0.6646	-0.9103
89633646	1.4949	0.5186	-1.3740
89633647	1.6631	0.9106	-1.3032
89633648	1.3992	0.4322	-1.2041
89633649	1.5905	0.6439	-1.2607
89633650	1.0215	-0.6804	-1.4780
89633651	0.8081	-1.0736	-2.0532
89633652	0.9289	-0.0642	-1.3198
89633653	0.9941	-0.1591	-1.4766
89633654	0.9575	0.0145	-1.1884
89633655	1.2054	0.6272	-1.6067
89633656	0.9240	-0.1199	-1.2068
89633657	0.9153	-0.2452	-1.4616
89633658	1.0137	-0.0128	-1.3359
89633659	0.5963	-0.9425	-1.4196
89633660	0.9252	-0.5231	-1.3924
89633661	0.2381	-1.9593	-2.4178
89633662	0.2437	-1.9534	-2.5593
89633663	-0.0277	-1.8317	-2.3651
89633664	0.1693	-1.3819	-2.4719
89633665	0.2472	-1.1923	-2.8829
89633666	0.3195	-1.1413	-2.7756
89633667	0.0755	-1.0539	-2.7565
89633668	-0.1568	-1.5100	-3.2336
89633669	0.1456	-1.3365	-3.1568
89633670	0.4903	-0.6491	-3.2415
89633671	0.6090	-0.5110	-2.6783
89633672	0.7191	-0.5486	-2.8001
89633673	0.5887	-0.1111	-2.5439
89633674	0.3118	-1.0338	-2.1832
89633675	0.6004	-0.3745	-1.7771
89633676	0.7180	-0.3278	-1.2421
89633677	0.6704	-0.3714	-0.7585
89633678	0.6967	0.0600	-1.1609
89633679	0.7629	-0.1915	-0.8646
89633680	0.4526	-0.8853	-1.0458
89633681	0.7384	-0.6677	-1.0110
89633682	0.6938	-0.6148	-0.6489
89633683	0.3499	-1.0849	-0.2235
89633684	0.2247	-1.5421	-0.6589
89633685	-0.1219	-2.7282	-1.9031
89633686	0.0372	-2.0370	-1.8837
89633687	0.0953	-2.0991	-1.6875
89633688	-0.2493	-2.5167	-2.0289
89633689	0.4112	-1.0384	-1.6389
89633690	0.6999	-0.4257	-1.4329
89633691	0.9009	0.1565	-1.4509
89633692	0.7068	-0.0314	-1.8017
89633693	0.5736	-0.5957	-1.4962
89633694	0.3449	-1.0398	-1.7708
89633695	0.0264	-1.1140	-1.7438
89633696	0.2553	-1.1156	-2.4451
89633697	0.1198	-1.4259	-2.2315
89633698	-0.2793	-1.9362	-3.2261
89633699	0.2932	-0.6343	-2.7216
89633700	0.7616	0.4757	-2.0156
89633701	1.1075	0.3512	-1.7089
89633702	1.9238	1.8885	-1.4397
89633703	1.8216	1.9059	-1.4313
89633704	1.6311	1.4165	-1.2332
89633705	1.7281	1.8254	-0.9191
89633706	1.4030	1.1420	-0.8014
89633707	1.3115	0.7368	-1.0871
89633708	1.2299	0.3548	-1.3810
89633709	1.1758	0.5826	-1.3862
89633710	1.1014	0.4928	-1.0365
89633711	0.8440	-0.3665	-1.7122
89633712	1.3324	0.4847	-1.3694
89633713	1.2074	0.2906	-0.6844
89633714	1.5147	0.7116	-0.2415
89633715	1.7106	0.8477	0.4843
89633716	1.4290	-0.3093	0.0834
89633717	1.9344	0.3629	0.4890
89633718	1.4402	-0.1804	0.0061
89633719	1.0030	-0.5824	-0.5555
89633720	1.5705	0.5575	0.4250
89633721	1.2656	-0.2066	-0.1814
89633722	1.4481	0.0519	0.8119
89633723	1.5449	0.0088	0.6952
89633724	1.8966	0.9684	0.9450
89633725	1.7887	1.0012	0.9316
89633726	1.7847	1.3718	0.8946
89633727	1.7458	1.8851	0.8682
89633728	1.6380	1.7429	0.4977
89633729	2.0146	2.3115	0.6582
89633730	1.9771	2.1586	0.4424
89633731	1.8754	1.6909	-0.3205
89633732	1.9744	2.1890	-0.1808
89633733	1.7998	1.4141	-0.6420
89633734	1.8721	1.5409	-0.7471
89633735	1.9344	0.5623	-1.2552
89633736	1.8389	0.6242	-0.8670
89633737	1.3750	-0.1097	-1.8024
89633738	1.2090	-0.1565	-2.3649
89633739	1.4757	0.1724	-2.5252
89633740	0.8710	-0.5240	-2.6912
89633741	1.3452	0.4035	-1.8378
89633742	1.1128	0.3223	-1.9133
89633743	0.9837	0.1262	-1.4416
89633744	0.9019	0.3322	-1.0616
89633745	1.3365	1.2172	-0.7242
89633746	1.2500	0.9072	-0.3934
89633747	1.6018	1.4613	-0.3489
89633748	1.5867	2.1462	0.1102
89633749	2.0473	2.4723	-0.2294
89633750	1.7695	2.0846	-0.0499
89633751	2.0987	2.1803	-0.4456
89633752	2.5465	2.6555	0.0793
89633753	2.1570	2.4670	-0.1281
89633754	2.1307	2.4031	-0.6104
89633755	1.7285	1.6698	0.0618
89633756	1.9614	2.0534	0.7080
89633757	1.9576	1.8952	0.9378
89633758	1.4102	0.5656	0.6515
89633759	1.2030	0.5619	0.8070
89633760	0.9703	-0.0224	0.8489
89633761	1.0702	0.1377	1.0929
89633762	0.9867	-0.1785	0.7742
89633763	0.7849	-0.1150	0.7391
89633764	0.8491	0.0863	0.9204
89633765	0.7964	-0.2571	0.4789
89633766	1.0707	0.6008	0.0722
89633767	1.0029	0.3449	-0.1193
89633768	1.1100	0.9025	-0.8389
89633769	1.1601	0.8211	-1.2884
89633770	1.2121	0.8174	-1.3900
89633771	1.3373	1.4722	-1.9043
89633772	1.1162	1.0866	-2.5559
89633773	0.8112	0.4564	-2.6856
89633774	1.1684	0.8513	-2.6696
89633775	0.7296	-0.1106	-2.8276
89633776	0.4194	-0.4861	-2.9784
89633777	0.4364	-0.9041	-3.7954
89633778	0.7461	-0.2694	-3.6736
89633779	0.7516	-0.2476	-3.9083
89633780	0.7110	-0.4124	-3.6736
89633781	0.7119	-0.8922	-3.7150
89633782	0.7325	-1.1341	-3.3475
89633783	0.9882	-0.2714	-2.7056
89633784	1.1482	0.4090	-2.0606
89633785	1.1740	0.1795	-1.9502
89633786	1.5960	0.9103	-1.3266
89633787	1.8815	1.3608	-0.7879
89633788	1.9912	1.7905	-0.7230
89633789	1.7547	1.8816	-1.5835
89633790	1.3472	0.9209	-1.8093
89633791	1.5354	1.7149	-2.2124
89633792	1.4363	1.8543	-1.6890
89633793	1.8660	1.8876	-1.6548
89633794	1.7339	1.5979	-1.2429
89633795	2.0901	1.7017	-1.2315
89633796	2.0927	1.4676	-0.8163
89633797	1.6078	0.7339	-1.0187
89633798	1.6115	0.5315	-0.8315
89633799	1.5645	0.9147	-1.0502
89633800	0.3535	-1.2516	-2.2577
89633801	0.5467	-0.5929	-2.7492
89633802	0.6313	-0.4816	-2.6511
89633803	0.9037	-0.2445	-2.0618
89633804	0.5804	-0.5783	-2.1568
89633805	0.4887	-0.8640	-2.4453
89633806	0.7264	-0.5158	-1.6674
89633807	0.9326	-0.5367	-1.5080
89633808	0.6165	-0.6772	-1.8368
89633809	0.5219	-0.2898	-1.7065
89633810	0.6965	-0.6685	-2.0569
89633811	0.6465	-0.3366	-2.6418
89633812	0.4001	-0.9654	-2.8399
89633813	0.6013	-0.8872	-2.9764
89633814	0.6153	-0.4766	-2.6230
89633815	1.0320	0.6702	-2.4195
89633816	1.0623	1.1125	-1.7848
89633817	0.8400	1.0822	-1.6312
89633818	0.7783	1.4127	-1.4314
89633819	0.6618	1.5742	-1.1937
89633820	0.3996	0.9602	-1.5861
89633821	0.1597	0.2248	-1.5828
89633822	-0.0051	0.0218	-1.3639
89633823	-0.0024	-0.4919	-1.8425
89633824	0.1638	-0.9657	-2.5336
89633825	0.2276	-0.3104	-2.4739
89633826	0.4526	-0.1556	-2.2220
89633827	0.3697	-0.7221	-2.4863
89633828	0.3885	-1.2511	-3.0161
89633829	0.3993	-1.2159	-2.2112
89633830	0.4131	-0.9612	-2.0543
89633831	0.8215	-0.2816	-1.6980
89633832	1.3566	0.2793	-1.5197
89633833	0.9146	-0.8673	-1.7759
89633834	0.8970	-0.8686	-2.4881
89633835	0.8302	-0.8801	-2.0775
89633836	0.5047	-1.2334	-2.3374
89633837	0.6628	-0.8239	-2.1529
89633838	1.1286	-0.2270	-2.3650
89633839	0.8681	-0.7015	-2.7572
89633840	0.9450	-0.2598	-2.0470
89633841	0.8583	-0.9951	-2.5386
89633842	0.7837	-0.4402	-2.3413
89633843	1.0432	0.2366	-2.4799
89633844	0.9571	-0.0338	-2.9227
89633845	0.9502	0.1276	-3.1599
89633846	0.9263	0.2341	-3.0155
89633847	0.7417	0.1224	-3.1045
89633848	0.6146	-0.6831	-3.8110
89633849	0.6918	-0.0210	-3.0427
89633850	0.6500	0.1779	-2.6016
89633851	0.6373	-0.0204	-2.2461
89633852	0.7035	0.2794	-1.7199
89633853	0.4918	0.2826	-2.2537
89633854	0.3535	-0.4663	-2.0789
89633855	0.2330	-0.5324	-2.0886
89633856	0.2643	-0.6615	-2.1072
89633857	-0.1935	-1.9972	-2.5967
89633858	-0.1814	-2.1110	-2.8611
89633859	-0.0165	-1.3178	-2.2851
89633860	0.0028	-1.5691	-2.5998
89633861	0.0461	-1.7967	-2.6792
89633862	0.1427	-1.8875	-2.6815
89633863	0.4134	-1.9723	-2.5654
89633864	0.8350	-1.2271	-2.4267
89633865	0.8169	-1.1155	-2.3416
89633866	0.8330	-0.9547	-2.5723
89633867	0.5004	-1.4368	-2.4624
89633868	0.7588	-1.6361	-2.3806
89633869	0.7201	-1.2158	-2.4417
89633870	1.1325	-0.6177	-2.3760
89633871	1.1815	-0.4643	-1.9839
89633872	0.5698	-1.4538	-2.2867
89633873	0.1393	-1.3083	-2.1931
89633874	0.1160	-1.0647	-2.5359
89633875	-0.0782	-0.7258	-2.7638
89633876	0.0546	-0.4019	-3.0603
89633877	0.1024	-0.1351	-2.7303
89633878	0.1073	-0.8304	-2.3419
89633879	0.2642	-0.3173	-2.1028
89633880	0.5560	-0.1998	-2.0411
89633881	0.8797	-0.0375	-1.4789
89633882	1.1791	0.2153	-1.6009
89633883	1.0449	0.2133	-1.7332
89633884	1.0770	0.0437	-1.8861
89633885	0.7113	0.0778	-2.0344
89633886	0.7032	-0.1862	-1.9478
89633887	0.8397	-0.1557	-1.4582
89633888	0.6429	-0.6302	-1.6269
89633889	0.4485	-0.4143	-1.8928
89633890	0.6362	0.0505	-1.3861
89633891	0.5414	-0.2041	-1.4665
89633892	0.7569	0.7097	-0.7557
89633893	0.6773	0.7195	-1.0314
89633894	1.2896	1.1125	-0.3315
89633895	1.4623	1.1747	-0.5774
89633896	1.9763	1.5454	-0.8465
89633897	2.1442	2.4692	-0.6459
89633898	2.3895	2.7607	-0.3842
89633899	2.0955	1.8882	-0.8673
89633900	1.8850	1.1506	-0.9222
89633901	2.0671	2.4982	-0.8415
89633902	2.1071	2.5661	-0.7983
89633903	2.2878	3.0879	-0.6766
89633904	2.4279	2.7196	-1.1771
89633905	1.9026	1.9238	-1.2498
89633906	1.6874	1.4245	-1.5915
89633907	1.4573	1.5296	-2.0007
89633908	1.3516	1.1869	-3.1308
89633909	1.1948	0.6707	-3.6266
89633910	1.6248	1.1165	-3.7211
89633911	1.7354	1.3932	-3.1170
89633912	1.4738	0.9922	-4.1345
89633913	1.2958	1.0616	-3.9399
89633914	1.2139	0.9766	-3.7682
89633915	1.3203	1.0593	-3.1036
89633916	1.4238	1.4213	-3.9197
89633917	1.7401	1.3672	-3.5181
89633918	2.0860	2.0571	-3.3761
89633919	1.9701	1.4594	-3.4011
89633920	2.2154	2.2521	-2.9781
89633921	2.4678	2.5400	-3.1587
89633922	2.6175	3.1888	-3.1520
89633923	2.9646	2.9927	-2.6466
89633924	2.9708	3.1714	-2.2226
89633925	2.8930	2.5679	-2.4709
89633926	2.6624	2.4141	-1.6906
89633927	2.6068	2.6597	-1.7663
89633928	2.4362	2.7032	-1.5609
89633929	2.5235	2.5178	-1.9622
89633930	2.1278	1.8007	-1.7385
89633931	1.7589	1.2002	-2.0031
89633932	1.7658	1.4169	-2.1585
89633933	1.5622	0.9258	-1.9298
89633934	1.2942	0.6621	-2.1036
89633935	1.1304	0.4148	-1.9920
89633936	0.6574	0.0314	-2.4756
89633937	-0.0049	-0.7408	-2.1677
89633938	-0.0908	-1.4386	-2.3213
89633939	-0.1875	-2.0184	-2.2364
89633940	-0.4688	-2.9589	-2.5504
89633941	-0.8526	-2.9548	-2.6700
89633942	-1.0476	-3.8276	-2.7013
89633943	-0.5066	-3.1883	-2.4560
89633944	-0.6166	-3.6011	-1.6437
89633945	-0.1693	-2.7288	-1.1090
89633946	-0.0683	-2.7025	-1.7233
89633947	-0.3689	-3.3433	-2.5469
89633948	0.5981	-1.1093	-1.2890
89633949	1.1116	-0.7023	-0.9399
89633950	1.9037	0.4784	-0.7270
89633951	2.8131	2.2439	-0.2418
89633952	2.9665	2.7148	-0.7114
89633953	3.2229	3.0941	-0.6038
89633954	4.1737	4.5134	0.3985
89633955	4.9097	6.0084	1.1027
89633956	5.0578	5.7999	0.3304
89633957	5.3652	6.8790	0.8274
89633958	4.8922	6.8223	0.5085
89633959	4.4367	6.0827	0.3020
89633960	4.0303	5.0338	0.0098
89633961	4.0592	4.9155	0.0663
89633962	3.6451	4.8454	0.0717
89633963	2.9671	4.5777	0.2416
89633964	2.7125	4.5564	0.6192
89633965	1.8533	3.3936	0.3693
89633966	1.5300	3.1173	-0.4899
89633967	0.6693	1.9590	-0.8682
89633968	-0.2053	0.2937	-1.2462
89633969	-0.8047	-0.6955	-1.7849
89633970	-2.2398	-3.1367	-2.6242
89633971	-3.3244	-5.3659	-2.9112
89633972	-3.4547	-6.0860	-3.0769
89633973	-3.8852	-6.0540	-3.8030
89633974	-4.6701	-7.0910	-4.3768
89633975	-3.5129	-7.1304	-4.2504
89633976	-2.9847	-6.1812	-4.4499
89633977	-2.1982	-4.7544	-5.4764
89633978	-1.0901	-2.6006	-5.3440
89633979	1.2904	-0.7150	-4.6466
89633980	2.9940	2.3651	-5.1912
89633981	4.1634	6.2544	-5.5336
89633982	6.1782	7.9402	-4.2912
89633983	7.1684	7.9491	-4.4675
89633984	7.4247	9.0897	-3.2542
89633985	6.0412	8.7205	-2.4358
89633986	4.9523	7.0743	-1.9071
89633987	3.2858	2.7102	-1.4154
89633988	0.7609	-1.2699	-1.6766
89633989	-1.8024	-3.4616	-1.2557
89633990	-3.7426	-6.5964	-1.0748
89633991	-4.8855	-8.8905	-1.6345
89633992	-4.8058	-6.6999	-1.7122
89633993	-3.8996	-5.2739	-1.6335
89633994	-1.4569	-1.7999	-1.3612
89633995	0.2751	1.6442	-1.3432
89633996	0.8050	3.0489	-1.8324
89633997	1.8565	4.7395	-2.6533
89633998	3.4213	5.2399	-2.0986
89633999	4.0791	3.6615	-2.7762
89634000	3.3641	2.9395	-2.9344
89634001	2.9984	3.3473	-2.0769
89634002	2.1775	2.6593	-2.6161
89634003	2.1576	3.2338	-2.5911
89634004	2.0413	3.9368	-2.6708
89634005	1.8755	4.0533	-3.2254
89634006	0.9275	1.8203	-3.5830
89634007	0.1015	0.4645	-3.3889
89634008	-0.2843	-0.2198	-3.1962
89634009	0.2096	-0.2442	-3.7641
89634010	1.0655	0.1029	-3.3806
89634011	1.5055	-0.2970	-2.7591
89634012	2.2631	0.0663	-2.0991
89634013	2.3920	0.4386	-1.5125
89634014	2.6288	0.9773	-1.1400
89634015	1.3130	-2.4270	-3.5754
89634016	0.9274	-2.6887	-2.3989
89634017	0.3352	-3.3005	-2.6585
89634018	-0.8071	-2.6980	-2.2696
89634019	-0.9997	-0.9391	-2.4657
89634020	-1.1571	0.4771	-2.4225
89634021	-1.5917	0.3519	-3.4193
89634022	-1.2687	-0.1323	-4.3780
89634023	-1.0128	0.8053	-5.0005
89634024	-1.2151	-0.1630	-5.6683
89634025	-1.0118	-0.1854	-5.3494
89634026	-0.2732	0.1649	-4.6626
89634027	0.2806	0.2561	-3.7846
89634028	0.0933	-0.7315	-4.3715
89634029	0.6410	-0.8891	-4.7682
89634030	0.9648	-0.3286	-4.4733
89634031	1.4882	-0.4466	-4.8771
89634032	2.1601	0.3144	-3.1079
89634033	2.2423	-1.2966	-3.2434
89634034	3.2158	-1.2672	-1.7171
89634035	3.2990	-0.7209	0.1693
89634036	2.5990	-0.7525	1.5935
89634037	1.0336	0.2001	2.8704
89634038	-0.4755	0.8902	2.3367
89634039	-1.6616	1.4568	0.9429
89634040	-1.6981	2.0014	-0.9133
89634041	-1.1347	2.0671	-1.8293
89634042	-0.9239	1.0235	-3.4601
89634043	-0.3331	0.9993	-3.4582
89634044	0.0228	0.3874	-5.0793
89634045	0.4626	-0.0654	-5.9271
89634046	0.8671	-0.4664	-5.7927
89634047	1.4304	-1.3781	-5.4278
89634048	1.4104	-1.1957	-4.2616
89634049	0.7732	-1.4212	-3.4522
89634050	0.7130	-0.6255	-3.5508
89634051	0.8180	-1.1596	-4.2855
89634052	1.3079	-0.4925	-4.1225
89634053	2.0888	-0.2211	-3.6100
89634054	2.3009	0.5354	-2.2304
89634055	1.7528	0.5083	-1.6111
89634056	0.7895	0.4150	-2.1150
89634057	0.6891	0.8920	-2.1534
89634058	0.7951	2.2642	-2.3270
89634059	1.1543	3.1054	-2.2749
89634060	1.3147	2.6508	-1.9952
89634061	1.4134	3.7846	-1.9416
89634062	0.9580	3.5695	-1.6573
89634063	0.8796	3.2186	-2.3030
89634064	1.4273	3.1888	-2.8898
89634065	1.8149	3.0692	-2.8013
89634066	2.1055	2.8278	-2.3414
89634067	2.1921	2.4770	-2.1012
89634068	2.1249	2.1969	-1.4805
89634069	1.5216	1.9350	-1.5984
89634070	0.8235	0.9440	-1.8999
89634071	0.6783	0.0487	-2.4225
89634072	1.1314	0.9248	-2.5605
89634073	1.3290	0.6957	-2.0554
89634074	0.8499	0.2519	-2.2069
89634075	0.3474	-0.1715	-2.1738
89634076	-0.3111	-1.3164	-3.4721
89634077	-0.7300	-2.0270	-4.1903
89634078	-0.5215	-1.9823	-3.6729
89634079	0.3191	-1.4958	-4.1161
89634080	0.4878	-2.2755	-4.1264
89634081	0.6669	-2.2234	-3.6839
89634082	0.6748	-1.9556	-3.9315
89634083	0.5990	-1.6056	-3.6742
89634084	0.4527	-1.0039	-4.1097
89634085	0.3240	-0.3163	-3.1548
89634086	0.8366	0.6817	-3.3835
89634087	1.3586	1.2918	-3.3975
89634088	1.3992	1.2432	-3.4489
89634089	1.7183	1.8199	-3.6529
89634090	1.4720	1.6490	-4.0207
89634091	1.6947	1.8127	-3.5178
89634092	2.0326	1.7821	-3.3122
89634093	2.3842	1.4119	-3.4492
89634094	2.3892	1.7297	-2.6077
89634095	2.1666	1.2703	-2.2420
89634096	1.7261	1.1404	-1.9494
89634097	0.7526	0.4960	-2.0926
89634098	0.8115	0.6079	-2.1249
89634099	1.1943	0.6638	-2.4176
89634100	1.4103	0.5157	-2.9487
89634101	1.6893	0.9621	-3.1835
89634102	1.6940	1.9047	-2.6619
89634103	2.0606	2.2742	-2.2917
89634104	1.8879	2.2977	-2.7726
89634105	1.6431	1.0597	-2.7476
89634106	1.6846	1.1281	-2.8733
89634107	1.2034	1.3927	-2.6197
89634108	1.0817	0.9494	-2.1198
89634109	1.1738	1.4286	-2.3370
89634110	1.2206	1.9584	-2.2874
89634111	1.0009	1.4647	-2.0607
89634112	0.6912	0.8383	-2.3016
89634113	0.9554	1.4640	-1.5490
89634114	0.8883	1.0337	-1.5640
89634115	0.8534	1.2030	-1.0383
89634116	0.6757	0.4839	-1.5175
89634117	0.7371	0.0488	-1.1343
89634118	0.6075	-0.9088	-1.3064
89634119	0.1877	-0.8729	-1.0394
89634120	-0.1651	-1.0473	-1.2060
89634121	-0.2466	-1.4359	-1.8139
89634122	-0.2357	-0.8566	-2.2907
89634123	-0.3069	-1.5125	-2.5808
89634124	-0.3107	-1.5326	-2.8318
89634125	-0.5187	-2.6839	-3.3285
89634126	-0.3865	-2.3979	-4.6208
89634127	-0.4341	-2.1557	-4.7120
89634128	-0.4328	-1.2014	-4.7765
89634129	-0.1870	-0.9394	-4.3847
89634130	-0.1493	-0.5780	-3.9441
89634131	0.1787	-0.3798	-4.3908
89634132	0.1628	-1.0725	-5.3076
89634133	0.4654	-0.5130	-4.8485
89634134	0.4782	-1.2309	-5.2783
89634135	0.2813	-2.3611	-4.9674
89634136	0.8241	-1.3127	-4.4545
89634137	0.9510	-1.6506	-4.5168
89634138	1.2171	-1.1893	-4.7986
89634139	1.8054	-1.0976	-4.7912
89634140	1.2555	-1.0822	-4.0215
89634141	0.9586	-1.3449	-4.7380
89634142	0.7580	-0.7785	-4.3941
89634143	0.5443	-0.9182	-4.8006
89634144	0.4758	-0.7502	-4.4328
89634145	0.4457	-0.3471	-4.7370
89634146	0.5413	-0.1499	-4.4889
89634147	0.4358	0.0393	-3.9620
89634148	0.1077	-0.8240	-4.3037
89634149	-0.0659	-1.5922	-4.5180
89634150	-0.0051	-1.1697	-4.4406
89634151	-0.1597	-1.1207	-4.6678
89634152	0.0630	-1.6372	-4.1828
89634153	0.0606	-1.2768	-3.9307
89634154	-0.0230	-1.5082	-2.9545
89634155	0.5757	-0.4553	-2.5597
89634156	0.4010	-1.2234	-2.5267
89634157	0.5062	-0.3628	-2.1868
89634158	0.4943	-0.8447	-2.4281
89634159	0.5381	-0.2267	-2.2000
89634160	-0.0293	-1.2740	-2.8707
89634161	0.0672	-0.6194	-2.9505
89634162	0.4608	-0.3734	-3.2046
89634163	0.2273	-0.4459	-4.1300
89634164	0.5006	0.0238	-3.8255
89634165	0.6762	-0.1861	-3.6799
89634166	0.8503	-0.6567	-3.6555
89634167	0.7374	-0.9800	-3.8780
89634168	1.1790	-0.6724	-3.8811
89634169	1.3662	-0.5644	-3.5977
89634170	1.4399	-0.8246	-2.8771
89634171	0.4843	-2.4798	-3.1987
89634172	0.9014	-2.3723	-2.3310
89634173	0.6660	-2.0589	-2.1587
89634174	0.0722	-2.8412	-2.1474
89634175	-0.4218	-3.3935	-2.5104
89634176	-0.9406	-3.5498	-2.4520
89634177	-0.5756	-2.0336	-2.9833
89634178	-0.4941	-1.9329	-3.8822
89634179	-0.0240	-1.1938	-3.6370
89634180	0.1411	-1.6001	-4.3266
89634181	0.1208	-1.6328	-4.0624
89634182	0.3743	-1.7336	-4.3151
89634183	0.5757	-1.5790	-4.5410
89634184	1.2359	-0.3704	-4.0868
89634185	1.6211	-0.1341	-4.1166
89634186	1.7286	0.7006	-2.6217
89634187	1.8792	1.0217	-2.8885
89634188	1.4441	1.1260	-2.9965
89634189	1.6284	2.0508	-2.8512
89634190	1.5593	1.7065	-3.0676
89634191	1.5530	2.0613	-4.3587
89634192	1.6980	2.4654	-4.1580
89634193	2.0676	2.4587	-4.3152
89634194	2.6476	3.8725	-4.1459
89634195	3.0244	4.1257	-3.7115
89634196	3.1099	4.2101	-2.8918
89634197	2.5988	3.9379	-2.6610
89634198	2.5422	3.0540	-2.3223
89634199	2.1837	2.7981	-2.5368
89634200	2.1615	2.5061	-2.9704
89634201	1.9307	2.5096	-2.9343
89634202	1.3924	1.6724	-2.1751
89634203	1.9616	2.3469	-2.0563
89634204	2.2649	2.5463	-1.5456
89634205	1.9681	2.2555	-1.3132
89634206	1.2728	1.4891	-1.6765
89634207	1.1660	2.4313	-1.7783
89634208	0.3079	1.2199	-1.9896
89634209	-0.3254	0.0454	-2.9940
89634210	-0.6226	-0.3096	-2.9841
89634211	-0.9489	-1.1582	-3.4165
89634212	-1.0284	-1.2904	-4.0191
89634213	-0.9031	-1.4146	-3.8141
89634214	-0.6947	-2.0261	-4.5154
89634215	-0.8538	-2.9050	-4.4126
89634216	-0.3748	-2.7081	-5.0471
89634217	-0.1875	-2.3991	-5.5159
89634218	0.3206	-1.7099	-4.9891
89634219	-0.2043	-2.8732	-6.1681
89634220	-0.4924	-3.2686	-6.9507
89634221	-0.4649	-2.8036	-6.7134
89634222	-0.3179	-2.3618	-6.6495
89634223	-0.2470	-2.4111	-6.4340
89634224	0.0319	-1.7091	-6.6312
89634225	0.1609	-2.0455	-6.3822
89634226	0.4398	-0.7499	-6.1622
89634227	0.3995	-0.9766	-6.1041
89634228	0.5586	-0.7833	-5.5123
89634229	0.7178	-0.0080	-5.0870
89634230	0.6051	0.0378	-4.6640
89634231	0.6068	0.9269	-4.4059
89634232	0.5236	0.3584	-4.2038
89634233	0.0868	-0.0147	-3.8413
89634234	0.1169	0.4715	-3.2439
89634235	0.4446	0.9809	-3.6948
89634236	0.8952	1.8744	-2.8405
89634237	0.9183	1.8210	-2.4023
89634238	0.9066	1.6360	-1.8784
89634239	0.6201	0.6530	-1.9312
89634240	0.9803	0.5157	-1.9692
89634241	0.6561	0.3176	-2.1780
89634242	0.6989	0.0767	-1.9762
89634243	0.3574	0.3418	-2.1188
89634244	0.2231	-0.0897	-3.0266
89634245	0.4305	-0.0630	-3.1406
89634246	0.6070	0.1641	-3.2252
89634247	1.0095	-0.3271	-3.4307
89634248	1.4352	0.4105	-2.7750
89634249	1.6255	0.7484	-2.3423
89634250	2.0988	2.0969	-1.7188
89634251	1.6436	1.5146	-2.0037
89634252	1.5697	1.6867	-1.3068
89634253	1.7789	2.5288	-1.3119
89634254	1.9865	3.1671	-1.0463
89634255	2.0182	3.2637	-1.1951
89634256	1.9795	3.2881	-0.4511
89634257	2.3115	3.8922	-1.1479
89634258	2.4018	3.4303	-1.1371
89634259	2.4747	3.4062	-0.4526
89634260	1.9227	2.4402	-0.2879
89634261	1.2843	1.3001	-1.0305
89634262	1.2417	0.6411	-2.1233
89634263	1.2427	0.7048	-2.0515
89634264	1.1008	0.4501	-1.7784
89634265	0.7279	-0.7591	-2.4078
89634266	0.9660	-0.1833	-2.4331
89634267	1.1418	0.4456	-2.0550
89634268	1.0791	-0.2395	-1.6705
89634269	1.2833	0.3618	-2.2662
89634270	1.0365	0.7891	-1.6510
89634271	1.0155	1.2954	-1.4421
89634272	1.1548	1.4253	-1.5743
89634273	1.3639	1.6004	-1.6014
89634274	1.4439	2.4336	-1.0436
89634275	1.4695	2.7652	-0.3245
89634276	1.6666	2.9701	-0.2766
89634277	1.9536	3.3243	0.3624
89634278	1.8737	2.9578	0.0999
89634279	2.0128	2.6609	-0.1354
89634280	1.4747	1.5874	-0.6796
89634281	1.3040	1.5172	-0.8929
89634282	0.9158	0.1728	-1.5272
89634283	0.3598	-0.5676	-1.7404
89634284	-0.2356	-1.6779	-2.7515
89634285	-0.4376	-2.0791	-3.6333
89634286	-0.6724	-2.0762	-4.1484
89634287	0.0557	-0.6829	-3.1371
89634288	-0.0942	-0.4050	-3.6347
89634289	0.3830	-0.0386	-4.1302
89634290	0.4107	-0.2789	-3.8092
89634291	0.1089	-0.5506	-3.1824
89634292	0.3497	-1.0003	-3.0275
89634293	-0.2564	-2.0699	-3.2846
89634294	-0.5044	-2.8706	-3.4155
89634295	-0.4470	-2.7205	-3.1366
89634296	-0.0857	-2.1595	-3.2019
89634297	0.3660	-1.4193	-2.2842
89634298	0.1356	-1.4598	-2.9265
89634299	0.5670	-0.5939	-2.8822
89634300	0.2902	-1.5115	-3.2918
89634301	0.4996	-1.0446	-2.9159
89634302	0.4891	-0.8563	-2.8991
89634303	0.9825	-0.0959	-3.2315
89634304	0.6403	-0.5935	-3.4049
89634305	1.2004	0.8447	-3.0868
89634306	1.2957	1.2174	-3.2786
89634307	1.3979	0.8329	-3.5730
89634308	1.0392	0.1469	-3.8183
89634309	0.9433	-0.0451	-3.5478
89634310	0.9510	0.0499	-3.5660
89634311	1.4257	1.0435	-3.1302
89634312	1.2619	1.0032	-3.0902
89634313	1.2133	0.3895	-3.1195
89634314	1.6780	1.3777	-2.9747
89634315	1.3426	0.5994	-2.3805
89634316	0.7896	0.1775	-1.9792
89634317	0.6591	0.0537	-1.8416
89634318	0.5102	-0.0685	-1.8531
89634319	0.3615	-0.5176	-2.0720
89634320	0.8986	0.0391	-1.9355
89634321	0.2983	-0.2223	-2.2702
89634322	1.0851	0.8893	-1.9327
89634323	0.3451	0.3138	-1.7735
89634324	0.2832	0.3941	-2.3682
89634325	0.7166	0.4591	-2.6063
89634326	0.8584	1.2684	-1.6127
89634327	0.6293	0.6245	-2.6569
89634328	0.5837	0.2995	-3.5869
89634329	0.9722	1.2599	-2.7840
89634330	1.3443	1.8080	-2.1172
89634331	0.9648	1.1788	-2.8529
89634332	0.6330	0.7512	-3.4291
89634333	1.4797	2.4881	-2.7565
89634334	1.4364	2.3132	-2.2245
89634335	1.9814	3.5077	-1.8648
89634336	2.5140	4.8812	-1.0355
89634337	2.8219	5.2551	-1.4290
89634338	2.3891	4.5528	-1.2097
89634339	1.9173	4.1262	-1.4455
89634340	1.6768	3.5832	-1.3923
89634341	1.5090	2.8147	-1.3544
89634342	1.6965	3.3096	-0.8976
89634343	1.8590	3.3357	-1.1653
89634344	1.9708	3.1174	-1.2767
89634345	1.5606	1.4898	-1.8782
89634346	2.0813	2.2696	-0.6059
89634347	1.8206	1.2896	-1.5151
89634348	1.4764	0.8522	-1.9810
89634349	1.3585	0.8282	-2.8364
89634350	0.7135	0.2035	-2.9421
89634351	1.3308	1.1180	-3.3629
89634352	1.3189	0.8556	-3.5446
89634353	0.9760	-0.0681	-3.8994
89634354	1.1856	0.3639	-4.1327
89634355	1.0380	0.2041	-5.1434
89634356	0.9658	0.5181	-5.2010
89634357	0.4523	0.3857	-5.4758
89634358	0.1477	-0.0340	-5.8298
89634359	-0.1128	-0.9829	-6.2603
89634360	-0.5012	-1.4547	-6.6219
89634361	-0.1068	-0.6684	-6.0586
89634362	0.0197	-0.8337	-5.2985
89634363	-0.0619	-1.2923	-4.7341
89634364	-0.1320	-1.0041	-5.0702
89634365	0.1946	0.1277	-4.9296
89634366	0.2351	0.0784	-4.7419
89634367	1.2566	2.6358	-3.3075
89634368	1.3807	2.4738	-3.3428
89634369	1.2136	1.3905	-3.4577
89634370	1.2653	1.5920	-3.6162
89634371	1.1609	1.7875	-3.7932
89634372	1.2614	1.8428	-3.6940
89634373	1.3133	1.7148	-3.6734
89634374	1.2909	1.8247	-4.1063
89634375	1.1298	2.1240	-5.0899
89634376	1.0417	2.2496	-5.4152
89634377	0.8103	2.4802	-5.8636
89634378	1.0155	1.9983	-5.7888
89634379	0.7022	1.4766	-5.1031
89634380	0.7471	1.5643	-4.9357
89634381	0.7694	1.3860	-4.5968
89634382	0.9968	0.8374	-4.7089
89634383	1.1657	0.9267	-4.1545
89634384	1.1556	1.0570	-3.2451
89634385	1.3637	1.2016	-3.9515
89634386	1.3109	1.2988	-3.0785
89634387	1.2388	1.0347	-1.8404
89634388	1.2631	1.1321	-1.9353
89634389	1.4825	1.5045	-1.2885
89634390	1.6821	1.2361	-0.8564
89634391	1.7109	1.6060	-1.3936
89634392	1.4563	1.3734	-1.0048
89634393	1.2773	1.2558	-0.5482
89634394	1.3091	0.8553	-0.0384
89634395	1.0315	2.1166	-2.6713
89634396	1.0195	1.8570	-2.5471
89634397	0.7833	1.7216	-2.7919
89634398	0.6583	1.5267	-2.3207
89634399	0.4365	0.9787	-2.3484
89634400	0.3865	0.5673	-2.0508
89634401	0.5581	0.4946	-1.9354
89634402	0.2922	0.2975	-1.6954
89634403	0.0937	0.4588	-1.7530
89634404	0.2976	0.5187	-1.6785
89634405	0.2946	0.9404	-2.0544
89634406	0.4196	0.7355	-2.0795
89634407	0.4937	0.7370	-1.9051
89634408	0.5757	0.7350	-2.4226
89634409	0.8066	0.6735	-2.2966
89634410	0.8471	1.0154	-2.9186
89634411	0.8285	0.7343	-2.5181
89634412	0.6722	1.1630	-2.0859
89634413	0.6280	1.2043	-2.8986
89634414	0.5814	1.5205	-3.3027
89634415	0.5014	1.5439	-3.0221
89634416	0.6641	1.8026	-3.1537
89634417	0.5782	1.5754	-3.4634
89634418	0.8548	1.4472	-3.0382
89634419	0.7756	0.9779	-2.6687
89634420	0.9127	0.7917	-3.3298
89634421	1.0619	1.1312	-3.8558
89634422	0.9875	0.7847	-3.5992
89634423	0.9111	0.7220	-3.5789
89634424	0.9695	0.5951	-3.6800
89634425	0.9057	1.0924	-3.0990
89634426	1.0933	1.2515	-3.6503
89634427	1.1858	1.5250	-3.2520
89634428	0.9822	1.4717	-3.1998
89634429	1.0633	1.1138	-3.1295
89634430	1.1553	1.3308	-3.7176
89634431	1.1541	1.1859	-3.8255
89634432	0.9989	1.0854	-3.8356
89634433	0.8843	1.5028	-3.3582
89634434	0.9040	1.4056	-3.5059
89634435	0.9027	1.4244	-3.6430
89634436	0.5331	1.3887	-2.8106
89634437	0.6389	1.1043	-3.1566
89634438	0.4475	1.5739	-3.2525
89634439	0.4481	1.3120	-3.1163
89634440	0.4277	1.3828	-3.2654
89634441	0.6137	1.1083	-2.9836
89634442	0.7492	1.0259	-2.7819
89634443	0.7132	0.9682	-2.7723
89634444	0.5865	0.8228	-2.6616
89634445	0.5932	0.6980	-3.2441
89634446	0.4484	0.9959	-3.2846
89634447	0.4394	0.7678	-3.3531
89634448	0.4291	0.8387	-3.3619
89634449	0.3119	0.9984	-3.2004
89634450	0.2735	1.1529	-3.5358
89634451	0.2184	1.0302	-3.4767
89634452	0.0880	0.8835	-3.1302
89634453	0.0862	1.0714	-3.0254
89634454	0.2707	0.6922	-3.0294
89634455	-0.0045	0.5068	-2.4770
89634456	0.2633	0.4147	-2.3743
89634457	0.3388	0.1721	-1.7265
89634458	0.6054	-0.1709	-1.8659
89634459	0.4406	-0.3765	-1.4823
89634460	0.4928	-0.3108	-1.1817
89634461	0.5780	-0.1462	-1.3189
89634462	0.3774	-0.0898	-1.1571
89634463	0.6798	-0.0290	-1.9859
89634464	0.0000	0.0000	0.0000
89634465	0.0000	0.0000	0.0000
89634466	0.0000	0.0000	0.0000
89634467	0.0000	0.0000	0.0000
89634468	0.0000	0.0000	0.0000
89634469	0.0000	0.0000	0.0000
89634470	0.0000	0.0000	0.0000
89634471	0.0000	0.0000	0.0000
89634472	0.0000	0.0000	0.0000
89634473	0.0000	0.0000	0.0000
89634474	0.0000	0.0000	0.0000
89634475	0.0000	0.0000	0.0000
89634476	0.0000	0.0000	0.0000
89634477	0.0000	0.0000	0.0000
89634478	0.0000	0.0000	0.0000
89634479	0.0000	0.0000	0.0000
89634480	0.0000	0.0000	0.0000
89634481	0.0000	0.0000	0.0000
89634482	0.0000	0.0000	0.0000
89634483	0.0000	0.0000	0.0000
89634484	0.0000	0.0000	0.0000
89634485	0.0000	0.0000	0.0000
89634486	0.0000	0.0000	0.0000
89634487	0.0000	0.0000	0.0000
89634488	0.0000	0.0000	0.0000
89634489	0.0000	0.0000	0.0000
89634490	0.0000	0.0000	0.0000
89634491	0.0000	0.0000	0.0000
89634492	0.0000	0.0000	0.0000
89634493	0.0000	0.0000	0.0000
89634494	0.0000	0.0000	0.0000
89634495	0.0000	0.0000	0.0000
89634496	0.0000	0.0000	0.0000
89634497	0.0000	0.0000	0.0000
89634498	0.0000	0.0000	0.0000
89634499	0.0000	0.0000	0.0000
89634500	0.0000	0.0000	0.0000
89634501	0.0000	0.0000	0.0000
89634502	0.0000	0.0000	0.0000
89634503	0.0000	0.0000	0.0000
89634504	0.0000	0.0000	0.0000
89634505	0.0000	0.0000	0.0000
89634506	0.0000	0.0000	0.0000
89634507	0.0000	0.0000	0.0000
89634508	0.0000	0.0000	0.0000
89634509	0.0000	0.0000	0.0000
89634510	0.0000	0.0000	0.0000
89634511	0.0000	0.0000	0.0000
89634512	0.0000	0.0000	0.0000
89634513	0.0000	0.0000	0.0000
89634514	0.0000	0.0000	0.0000
89634515	0.0000	0.0000	0.0000
89634516	0.0000	0.0000	0.0000
89634517	0.0000	0.0000	0.0000
89634518	0.0000	0.0000	0.0000
89634519	0.0000	0.0000	0.0000
89634520	0.0000	0.0000	0.0000
89634521	0.0000	0.0000	0.0000
89634522	0.0000	0.0000	0.0000
89634523	0.0000	0.0000	0.0000
89634524	0.0000	0.0000	0.0000
89634525	0.0000	0.0000	0.0000
89634526	0.0000	0.0000	0.0000
89634527	0.0000	0.0000	0.0000
89634528	0.0000	0.0000	0.0000
89634529	0.0000	0.0000	0.0000
89634530	0.0000	0.0000	0.0000
89634531	0.0000	0.0000	0.0000
89634532	0.0000	0.0000	0.0000
89634533	0.0000	0.0000	0.0000
89634534	0.0000	0.0000	0.0000
89634535	0.0000	0.0000	0.0000
89634536	0.0000	0.0000	0.0000
89634537	0.0000	0.0000	0.0000
89634538	0.0000	0.0000	0.0000
89634539	0.0000	0.0000	0.0000
89634540	0.0000	0.0000	0.0000
89634541	0.0000	0.0000	0.0000
89634542	0.0000	0.0000	0.0000
89634543	0.0000	0.0000	0.0000
89634544	0.0000	0.0000	0.0000
89634545	0.0000	0.0000	0.0000
89634546	0.0000	0.0000	0.0000
89634547	0.0000	0.0000	0.0000
89634548	0.0000	0.0000	0.0000
89634549	0.0000	0.0000	0.0000
89634550	0.0000	0.0000	0.0000
89634551	0.0000	0.0000	0.0000
89634552	0.0000	0.0000	0.0000
89634553	0.0000	0.0000	0.0000
89634554	0.0000	0.0000	0.0000
89634555	0.0000	0.0000	0.0000
89634556	0.0000	0.0000	0.0000
89634557	0.0000	0.0000	0.0000
89634558	0.0000	0.0000	0.0000
89634559	0.0000	0.0000	0.0000
89634560	0.0000	0.0000	0.0000
89634561	0.0000	0.0000	0.0000
