89633311	0.0951	1.2830	3.1182
89633312	0.1476	1.0000	2.7282
89633313	-0.3016	0.2782	1.9563
89633314	0.3519	1.2787	3.9131
89633315	0.3902	1.1458	1.8955
89633316	0.6121	1.3982	3.0778
89633317	0.2338	0.8900	1.7564
89633318	0.3493	0.5164	2.5685
89633319	-0.0899	0.7084	3.1837
89633320	-0.4295	-0.0538	-0.3273
89633321	-0.5627	-0.1187	0.5316
89633322	0.1580	0.3711	1.7516
89633323	0.3433	0.0098	1.6473
89633324	0.0268	0.8773	2.6780
89633325	-0.3785	-0.8892	-0.7515
89633326	0.2481	1.0318	2.7083
89633327	0.0466	0.3353	2.4811
89633328	0.1840	-0.2019	2.6003
89633329	0.3922	0.4837	2.4585
89633330	0.4261	1.0884	3.6404
89633331	0.7731	1.2729	2.2957
89633332	-0.4991	0.7730	1.8958
89633333	-0.4342	1.1457	2.6421
89633334	-0.3419	0.1091	0.5581
89633335	-0.3762	1.2309	2.1442
89633336	-0.3263	1.0415	1.1455
89633337	-0.2106	-0.0196	1.5430
89633338	-0.0714	0.4482	1.3107
89633339	-0.1434	0.6841	1.8904
89633340	-0.0570	0.7522	0.4583
89633341	-0.0522	0.5231	2.1688
89633342	-0.0564	0.4014	1.5547
89633343	-0.0220	0.0582	2.0260
89633344	0.4725	0.6545	3.0995
89633345	0.0593	0.5699	4.1029
89633346	-0.1320	-0.0121	2.7794
89633347	0.2227	1.1272	2.7957
89633348	-0.4719	0.3858	1.9887
89633349	-0.2143	-0.0024	1.5461
89633350	-0.1937	0.9804	2.1470
89633351	-0.4678	-0.5759	0.6447
89633352	-0.3215	-0.2379	0.6517
89633353	-0.4996	-0.4026	2.1564
89633354	-0.5868	0.2619	1.5023
89633355	-0.6199	0.8921	1.7039
89633356	-0.1598	1.1116	2.1709
89633357	-0.4419	0.5607	2.1299
89633358	-0.3942	0.9037	2.5573
89633359	-0.0997	1.0442	2.3865
89633360	-0.2136	1.7004	2.7714
89633361	-0.6249	-0.2070	0.9004
89633362	-0.5399	-0.5134	1.0767
89633363	-0.3452	0.0324	0.4946
89633364	-0.6437	0.4917	1.1679
89633365	-0.2419	0.3176	0.8998
89633366	-0.5675	-0.2159	0.4568
89633367	-0.6344	-0.1255	1.0666
89633368	-0.6571	-1.1769	0.3431
89633369	-0.3168	-0.3362	0.3789
89633370	-0.0559	-0.6081	0.4810
89633371	-0.2937	-0.7804	1.0513
89633372	-0.3539	-1.5041	0.9912
89633373	-0.0999	-0.8350	0.8616
89633374	-0.6310	-0.7976	0.3537
89633375	-0.1155	-0.7960	1.0900
89633376	-0.5726	0.5477	1.7430
89633377	-0.4316	-0.6044	1.3266
89633378	-0.8545	-0.2316	0.9904
89633379	-0.3643	-1.3150	-0.2685
89633380	-0.4005	-0.2736	1.5335
89633381	-0.3461	-0.7546	0.7072
89633382	-0.5762	-0.7507	2.5661
89633383	-0.2957	-1.1134	0.6940
89633384	0.0823	-0.1201	2.5903
89633385	-0.6402	-1.3185	0.9678
89633386	-0.2394	-0.3267	1.6711
89633387	-0.5186	-0.9133	0.5769
89633388	-0.3643	-0.4698	2.8211
89633389	-0.3955	-0.4714	1.9099
89633390	-0.8176	-0.6780	0.2553
89633391	-0.3549	-0.8693	2.3199
89633392	-0.2166	-0.8762	0.8512
89633393	-0.2820	-0.6443	0.7977
89633394	-0.3751	-0.4786	1.6457
89633395	-0.2785	-0.9444	1.5489
89633396	0.0598	-0.3271	2.1434
89633397	0.0033	-0.8105	2.1299
89633398	-0.0203	-0.1790	4.5115
89633399	-0.4497	-0.0497	2.5667
89633400	-0.4986	-0.9718	2.1161
89633401	-0.0877	0.2410	3.2206
89633402	-0.4213	-0.8966	3.7224
89633403	-0.9090	-0.2332	2.7518
89633404	-0.3226	-1.3413	1.6537
89633405	0.2509	-1.5673	2.9772
89633406	0.0472	-1.1781	1.7706
89633407	0.2036	-0.4024	2.6683
89633408	-0.6963	-1.9843	0.1790
89633409	0.1877	-2.2553	-0.0687
89633410	0.0731	-1.6322	2.9450
89633411	0.0538	-1.8231	1.1725
89633412	-0.4321	-1.7412	1.3571
89633413	0.1330	-1.6815	1.6750
89633414	-0.4921	-2.3284	-0.1624
89633415	-0.6315	-1.7362	0.2455
89633416	-0.6951	-0.4776	1.1165
89633417	-0.6754	-0.7319	0.3667
89633418	-0.6721	-1.1532	-1.0619
89633419	-0.4367	-0.8213	0.4797
89633420	-0.7235	-1.4731	-0.0789
89633421	-0.3112	-1.3727	1.1331
89633422	-0.6615	-1.1649	0.2361
89633423	-1.2116	-1.9861	-1.7222
89633424	-0.7213	-0.7758	-0.5165
89633425	-0.7946	-0.6703	-0.7503
89633426	-0.8649	-1.6078	-0.8846
89633427	-0.6663	-0.0013	-0.6326
89633428	-0.1791	0.2156	-0.0592
89633429	-0.0910	0.1861	0.6815
89633430	-0.7605	-0.3092	-0.6629
89633431	-0.7464	-0.8307	-1.2294
89633432	-0.6064	-1.0323	-0.7932
89633433	-0.4808	-0.3840	-0.1551
89633434	-0.1375	-0.6273	0.3210
89633435	-0.6980	-0.7913	-1.2406
89633436	-0.3109	-0.9474	-0.9079
89633437	-0.6122	-1.5842	-0.3494
89633438	-0.6412	-1.9634	-1.7026
89633439	-0.6749	-1.4248	0.2758
89633440	-0.6369	-1.9379	-0.3611
89633441	-0.9288	-2.9628	-1.9880
89633442	-1.2650	-1.4572	-0.8657
89633443	-0.0989	-1.1260	-0.1567
89633444	-0.5533	-1.2548	-0.5709
89633445	-0.6876	-0.8084	-1.5973
89633446	-0.3804	-1.1801	-1.8293
89633447	-0.3375	-0.7764	-1.1641
89633448	-0.7768	-1.4260	-2.3426
89633449	-0.7262	-2.3948	-3.4359
89633450	-1.1352	-1.9270	-2.3983
89633451	-0.6261	-1.2062	-2.3038
89633452	-1.3609	-1.8451	-2.7318
89633453	-0.8562	-1.6127	-1.4925
89633454	-0.6815	-2.5419	-3.6173
89633455	-0.4248	-2.4905	-2.2797
89633456	-0.6041	-1.5221	-1.6010
89633457	-1.0369	-1.3510	-2.6259
89633458	-0.6113	-1.8631	-1.6339
89633459	-0.4746	-1.8079	-2.3295
89633460	-0.5292	-2.2605	-2.8436
89633461	-0.4681	-2.5772	-1.9405
89633462	-0.6619	-2.2159	-0.7057
89633463	-0.7642	-1.6227	-0.8796
89633464	-0.3982	-2.0036	-0.2049
89633465	0.1071	-0.7351	-1.1527
89633466	-0.0672	-1.4597	0.3445
89633467	-0.4316	-1.2070	0.0015
89633468	-0.3452	-1.7648	-0.5058
89633469	-0.3916	-1.6263	-1.0637
89633470	-0.3294	-1.1813	-0.7349
89633471	-0.2980	-1.8733	-0.7682
89633472	-0.6956	-1.5620	-0.8378
89633473	-0.7998	-2.2384	-1.0115
89633474	-0.2673	-1.3715	0.6541
89633475	-0.6929	-1.7639	-0.5029
89633476	-0.1499	-1.0511	0.7283
89633477	-0.2875	-1.2202	0.6101
89633478	-0.1208	-0.3237	2.0453
89633479	-0.7319	-0.7634	1.4489
89633480	-0.6023	-0.1162	1.7282
89633481	-0.2770	-0.3121	1.4910
89633482	-0.5704	-0.0685	1.6789
89633483	-0.7562	-0.9420	0.7989
89633484	-1.0643	-1.4240	-0.2296
89633485	-0.8624	-1.4870	-0.7167
89633486	-1.1448	-0.7736	-0.2445
89633487	-1.1509	-1.5149	-0.1114
89633488	-1.3299	-1.4720	-0.6637
89633489	-1.2172	-1.4905	-1.2245
89633490	-1.3365	-1.6366	-0.8771
89633491	-1.5740	-0.9714	0.8539
89633492	-0.9804	-0.2427	0.2882
89633493	-1.0621	-1.8885	-0.4288
89633494	-1.0159	-2.3106	-0.4195
89633495	-1.1607	-1.1520	-1.0255
89633496	-0.7874	-1.0983	1.0458
89633497	-0.8227	-1.0520	0.4732
89633498	-0.9534	-0.9826	1.2096
89633499	-1.0310	-0.8288	0.3688
89633500	-0.3055	-0.0013	2.2158
89633501	-0.5996	-1.0796	1.8375
89633502	-0.9477	-1.7946	0.2426
89633503	-1.1480	-0.5694	1.9681
89633504	-0.9721	-0.1869	1.6505
89633505	-0.6850	-0.9557	0.5608
89633506	-1.4944	-1.6908	-0.1317
89633507	-0.4497	-0.8231	-0.0247
89633508	-0.7017	-0.7636	0.4567
89633509	-1.1198	-0.7748	0.7319
89633510	-1.0709	-1.5619	-0.9370
89633511	-0.5309	-0.9552	-0.0356
89633512	-1.0158	-0.5819	0.2714
89633513	-0.9881	-0.5279	-0.2132
89633514	-1.0593	-0.8166	-0.0956
89633515	-1.3592	-1.3150	-0.9165
89633516	-1.1141	-1.4605	0.2187
89633517	-1.2215	-2.4633	-1.0757
89633518	-1.1134	-1.2887	0.0590
89633519	-1.1910	-1.5509	-0.3605
89633520	-1.3491	-0.9690	-0.3459
89633521	-1.8154	-2.3141	-1.9192
89633522	-1.3210	-1.9851	-1.6954
89633523	-1.4260	-2.1694	-1.0394
89633524	-1.3380	-1.5418	-0.6753
89633525	-1.3562	-1.2985	-1.0365
89633526	-1.4811	-1.2590	-0.5772
89633527	-2.0145	-1.5004	-0.5421
89633528	-1.9420	-1.9743	-0.4745
89633529	-1.5957	-1.9426	0.0345
89633530	-1.7162	-0.6941	-0.3468
89633531	-2.1340	-1.7131	-1.4629
89633532	-1.6248	-1.4672	-1.6446
89633533	-2.0448	-2.0919	-1.3969
89633534	-1.7897	-2.5885	-2.1259
89633535	-1.4768	-1.9188	-0.9545
89633536	-1.8106	-1.6296	-1.3809
89633537	-1.4330	-1.8639	-2.3729
89633538	-1.7755	-0.9904	-2.0026
89633539	-1.1641	-1.7380	-0.9982
89633540	-1.1356	-0.5039	0.1373
89633541	-1.0467	-1.2948	-1.2295
89633542	-1.3893	-0.7078	-1.6624
89633543	-0.9826	-1.1146	0.6804
89633544	-1.2248	-0.6868	1.2519
89633545	-0.9276	-0.4233	0.0468
89633546	-0.9908	-1.2222	0.2361
89633547	-1.2691	-0.8846	0.3865
89633548	-1.1431	0.0910	1.5468
89633549	-0.8224	-0.7157	0.7827
89633550	-1.1758	-1.5304	1.2673
89633551	-0.9260	-0.1998	0.4630
89633552	-0.7629	-1.4628	1.0175
89633553	-0.7847	-0.3055	1.6508
89633554	-0.5470	-1.3616	0.8289
89633555	-0.3158	-0.8141	1.1396
89633556	-0.8288	-1.3391	0.1608
89633557	-0.9866	-1.1211	1.4635
89633558	-0.9019	-0.2815	1.5526
89633559	-0.9825	-1.0022	0.3893
89633560	-0.4754	-0.4557	0.7522
89633561	-0.5895	-0.8613	0.3839
89633562	-0.9433	-1.1880	-0.3546
89633563	-1.4530	-1.8307	-1.0625
89633564	-0.5960	-0.7421	-0.1600
89633565	-0.3349	-0.1972	2.0375
89633566	-1.2766	-1.1908	-0.4261
89633567	-1.0379	0.2218	0.1267
89633568	-1.3945	-2.1472	-1.8117
89633569	-1.2869	-1.3612	0.5223
89633570	-0.9564	-0.3501	1.3271
89633571	-1.5005	-1.1249	-0.0606
89633572	-1.3166	-0.7351	0.0587
89633573	-1.3581	-1.2615	-0.6411
89633574	-1.5716	-1.0700	-0.0055
89633575	-0.7811	-1.1779	0.1141
89633576	-0.9596	-1.1783	1.5475
89633577	-1.1849	-1.4902	-0.4904
89633578	-1.1642	-1.6330	-0.2949
89633579	-0.9472	-1.9641	-1.2947
89633580	-1.1189	-1.9468	-0.0695
89633581	-1.4457	-1.8471	-0.4291
89633582	-1.2199	-1.3161	0.0536
89633583	-1.2285	-2.6495	-1.4752
89633584	-1.2322	-2.1233	-0.5970
89633585	-1.0132	-1.4408	-0.3094
89633586	-0.9170	-1.3995	-0.4570
89633587	-1.0908	-1.8413	-2.2467
89633588	-1.2629	-1.7374	-1.1640
89633589	-1.6155	-1.0625	-0.2585
89633590	-1.8538	-2.1978	-2.9694
89633591	-1.9312	-2.6458	-2.2618
89633592	-1.7563	-1.8865	-0.9711
89633593	-1.8723	-2.1065	-1.1715
89633594	-2.3716	-3.0640	-3.0662
89633595	-2.1726	-2.2950	-3.3417
89633596	-1.4943	-1.2010	0.0525
89633597	-1.4345	-2.7479	-2.5669
89633598	-1.6764	-1.7588	-2.3434
89633599	-1.6517	-1.4215	-2.3550
89633600	-1.4138	-2.6604	-2.4443
89633601	-1.7144	-2.4431	-2.7789
89633602	-1.8479	-3.2853	-2.5692
89633603	-1.4984	-1.7879	-1.1455
89633604	-1.6867	-2.0390	-1.6762
89633605	-1.5553	-2.5003	-2.0420
89633606	-1.7598	-2.9593	-2.9106
89633607	-1.3917	-1.8338	-1.3167
89633608	-1.1950	-1.8400	-0.0096
89633609	-1.1586	-2.6096	-1.4530
89633610	-1.0772	-2.5956	-1.1820
89633611	-1.6933	-2.6290	-1.9249
89633612	-1.5700	-2.7939	-2.4824
89633613	-1.5526	-2.4618	-2.1391
89633614	-1.7337	-2.6691	-2.6896
89633615	-1.5303	-2.7049	-1.7357
89633616	-1.5952	-2.4540	-1.7919
89633617	-1.4715	-3.2626	-2.6647
89633618	-1.8547	-2.9922	-2.8300
89633619	-1.4585	-1.9452	-2.0669
89633620	-1.9764	-2.5704	-2.8650
89633621	-1.3357	-0.8663	-0.7677
89633622	-1.5477	-2.1700	-2.3426
89633623	-1.0387	-1.9456	-3.2916
89633624	-1.7593	-1.2467	-2.0561
89633625	-1.5059	-1.7137	-1.5497
89633626	-1.4044	-2.8641	-2.3380
89633627	-1.6371	-2.4676	-2.6153
89633628	-1.4950	-2.4256	-2.7143
89633629	-0.8385	-1.6548	-0.9466
89633630	-1.0141	-2.7439	-2.3009
89633631	-0.7966	-1.6428	-2.4076
89633632	-0.1867	-2.7004	-2.8376
89633633	-0.5684	-2.1182	-0.8110
89633634	-1.0577	-2.8197	-3.1667
89633635	-1.6491	-2.9780	-2.2921
89633636	-1.0639	-2.2850	-1.4213
89633637	-0.9193	-2.0363	-1.4830
89633638	-1.6984	-1.7161	-1.0392
89633639	-1.0497	-1.5720	-0.4860
89633640	-0.6276	-1.7170	-1.0446
89633641	-1.0792	-1.9000	-1.5241
89633642	-0.8876	-1.6004	-1.3475
89633643	-1.1083	-2.1678	-2.0022
89633644	-1.1073	-1.9324	-1.7705
89633645	-1.8797	-3.2637	-2.8484
89633646	-1.6110	-2.4170	-1.1543
89633647	-1.5698	-3.1841	-2.6383
89633648	-1.4907	-3.4137	-3.1585
89633649	-1.8208	-3.3115	-3.5917
89633650	-0.7816	-1.9301	-1.2005
89633651	-0.5706	-1.7125	-1.2553
89633652	-1.3334	-1.8679	-1.6934
89633653	-1.1210	-2.0121	-1.4823
89633654	-0.6908	-1.7610	-0.9455
89633655	-0.7649	-1.2820	-1.0260
89633656	-1.0797	-1.5091	-2.2846
89633657	-0.3357	-0.5936	0.2704
89633658	-0.5742	-0.2529	-0.0039
89633659	-0.6019	-0.8660	-2.2453
89633660	-1.2266	-1.3599	-2.0865
89633661	-1.2244	-1.1603	-2.2427
89633662	-0.3543	-0.2831	-0.5917
89633663	-1.0841	-0.5444	-0.9348
89633664	-1.3778	-1.1569	-1.8228
89633665	-1.3759	-1.5432	-2.4062
89633666	-1.0871	-1.5564	-2.4227
89633667	-1.2726	-1.7522	-1.3813
89633668	-1.0437	-1.9601	-1.8946
89633669	-0.2160	-0.9115	-0.2933
89633670	-1.0064	-1.7725	-1.7988
89633671	-0.4026	-1.6840	-2.0479
89633672	-0.7830	-1.5641	-1.6525
89633673	-0.8880	-1.4561	-2.3720
89633674	-0.3600	-0.1069	-0.5817
89633675	-0.9140	-1.5805	-2.0180
89633676	-0.3425	-1.6772	-1.5874
89633677	0.0944	-0.0752	-0.7828
89633678	-1.6260	-0.9587	-1.4748
89633679	-0.5646	-0.3212	-0.9381
89633680	-1.1629	-1.6508	-0.9251
89633681	-0.9776	-1.4160	-0.8583
89633682	-0.9318	-0.5868	0.0481
89633683	-0.7707	-0.7325	0.3198
89633684	-1.1826	-1.0302	-0.5556
89633685	-0.8386	-1.3505	-0.6747
89633686	-0.6299	-0.4840	-0.2037
89633687	-0.6099	-0.4350	-0.1763
89633688	-0.6764	-0.4097	-0.6916
89633689	-0.7534	-0.8760	-0.6635
89633690	-0.6402	-1.0777	-0.9870
89633691	-1.0331	-0.7467	-1.0383
89633692	-1.3081	-1.4773	-1.8736
89633693	-1.5257	-0.3028	-0.9497
89633694	-1.1182	-0.1151	0.1787
89633695	-1.2380	-1.0075	-0.9592
89633696	-1.0118	-1.1048	-0.8959
89633697	-1.3401	-1.5536	-1.6430
89633698	-0.8786	-0.7599	-0.5974
89633699	-1.1619	-0.2020	-0.8801
89633700	-1.3606	-0.5882	0.0561
89633701	-0.8712	-0.6136	1.0313
89633702	-0.3965	-0.3058	1.3911
89633703	-1.0969	-1.5677	-2.0906
89633704	-1.0062	-0.8408	-1.4044
89633705	-0.5266	-0.7492	-0.6949
89633706	-0.9818	-1.1053	-0.2143
89633707	-1.1707	-0.4903	-1.2188
89633708	-1.3027	-2.1051	-2.5440
89633709	-0.4683	-0.4734	-0.5806
89633710	-0.9443	-0.0899	-0.2428
89633711	-1.1180	-1.9612	-1.7670
89633712	-0.9787	-2.0056	-1.4930
89633713	-1.7449	-1.8517	-1.1351
89633714	-1.6928	-2.5962	-1.4438
89633715	-1.6196	-2.0231	-1.4304
89633716	-0.8293	-1.8820	-0.7069
89633717	-1.5379	-2.3560	-1.2166
89633718	-1.4800	-2.4634	-1.6361
89633719	-1.4292	-1.9157	-1.8334
89633720	-1.9652	-2.9685	-1.1271
89633721	-0.9941	-1.4654	-0.3903
89633722	-1.1199	-0.5007	0.3586
89633723	-1.4098	-1.7485	-1.7249
89633724	-1.1844	-1.8521	-0.1451
89633725	-1.7683	-2.2254	-0.8550
89633726	-1.5013	-2.3460	-2.2409
89633727	-0.9448	-2.1072	-1.2367
89633728	-1.1693	-3.1681	-1.9784
89633729	-1.3110	-2.2702	-0.3551
89633730	-1.2493	-2.3837	-1.4316
89633731	-1.4972	-1.6767	-1.1473
89633732	-1.2599	-1.1386	-0.6970
89633733	-1.1266	-0.2838	0.2874
89633734	-1.7245	-1.1510	-0.5447
89633735	-1.2948	-1.3169	-0.5673
89633736	-0.7596	-0.7978	0.3698
89633737	-0.9791	-1.5560	0.2150
89633738	-1.5000	-0.9269	-2.1826
89633739	-1.2070	-0.2358	-0.6490
89633740	-0.9285	-1.2894	-0.7145
89633741	-0.9476	-2.1381	-2.2466
89633742	-1.1243	-2.3393	-3.5008
89633743	-1.0279	-1.4788	-1.8764
89633744	-1.7274	-2.0109	-2.1629
89633745	-1.1158	-2.5778	-3.3353
89633746	-1.1923	-1.5101	-1.2079
89633747	-0.4508	-1.5360	-0.7889
89633748	-0.9803	-1.8097	-1.4860
89633749	-1.3862	-2.0149	-1.7234
89633750	-1.9422	-2.0438	-1.9136
89633751	-0.8661	-1.3666	-1.5872
89633752	-1.0494	-1.7091	-1.9621
89633753	-1.9064	-1.8897	-1.7141
89633754	-1.7291	-2.2525	-2.4544
89633755	-1.6906	-1.8855	-1.7511
89633756	-1.5854	-1.9397	-1.9866
89633757	-1.7777	-2.3622	-2.0127
89633758	-1.6115	-2.2538	-2.5089
89633759	-1.5521	-0.9414	-1.1144
89633760	-1.9863	-2.4074	-3.3458
89633761	-1.5411	-1.1790	-1.2753
89633762	-1.1899	-1.0418	-0.8997
89633763	-1.5628	-2.3119	-1.0454
89633764	-1.1400	-0.9386	-0.3898
89633765	-1.1153	-1.8095	-0.3255
89633766	-1.6293	-2.2290	-1.9708
89633767	-1.0498	-2.4119	-1.4725
89633768	-0.7923	-1.4357	0.1005
89633769	-0.4548	-0.4059	-0.4048
89633770	-0.4815	-1.6283	-1.5644
89633771	-0.9582	-0.9830	-2.2672
89633772	-0.1501	-1.1941	-3.0433
89633773	0.5940	0.0702	-2.3639
89633774	1.2411	0.9636	-1.0147
89633775	1.1947	0.4727	-2.1794
89633776	1.9887	2.1336	-2.3457
89633777	2.4623	2.6262	-1.7073
89633778	2.7784	1.9312	-3.0856
89633779	2.9379	2.6485	-3.2782
89633780	3.5984	3.3058	-1.1741
89633781	4.1986	3.7332	-2.8922
89633782	4.5527	4.4918	-1.6016
89633783	5.1577	6.3900	-1.5743
89633784	5.1965	7.3907	-0.6510
89633785	5.3742	6.8107	-1.8555
89633786	5.8404	6.8979	-0.5448
89633787	6.2058	8.0547	-0.1544
89633788	5.6081	5.6487	-1.8025
89633789	5.8193	6.4512	-1.0838
89633790	5.1340	6.5576	-0.2854
89633791	3.8754	4.4565	-1.3479
89633792	3.3895	3.7589	-1.3710
89633793	2.4229	3.2967	-0.6411
89633794	1.1229	2.3840	0.8518
89633795	-0.7396	-0.2040	0.6751
89633796	-2.7411	-1.4495	1.1309
89633797	-5.1461	-4.5305	-0.3058
89633798	-8.2863	-5.9766	0.9960
89633799	-10.6657	-8.3405	0.0167
89633800	-13.3520	-10.5822	0.2590
89633801	-16.4891	-12.8856	-0.0324
89633802	-17.9254	-13.6216	1.5781
89633803	-18.3512	-15.8503	-0.0609
89633804	-17.9438	-15.3582	1.7979
89633805	-16.1014	-14.5092	1.7918
89633806	-12.6088	-11.7827	1.7367
89633807	-7.4562	-7.1392	2.1159
89633808	-2.6488	-2.7673	1.9160
89633809	3.5964	3.7189	2.8870
89633810	9.2524	8.4653	-2.0412
89633811	14.5379	14.8988	-1.5224
89633812	19.1703	19.5493	-3.6271
89633813	20.7677	22.3677	-3.5807
89633814	18.5832	20.4580	-4.5820
89633815	14.5913	17.7270	-5.6431
89633816	8.2616	12.0570	-7.4892
89633817	0.7948	4.9643	-8.0927
89633818	-5.3570	-2.5749	-8.1615
89633819	-9.9325	-9.9545	-7.7742
89633820	-11.5945	-14.9340	-4.6098
89633821	-9.5914	-16.5245	-1.5438
89633822	-5.6445	-14.5031	1.0570
89633823	-0.3786	-9.5802	5.1160
89633824	2.1555	-5.8490	7.4157
89633825	2.2161	-2.5603	8.0577
89633826	1.6103	-1.0117	9.3407
89633827	0.6597	0.5301	9.7992
89633828	-0.8602	1.9529	9.3300
89633829	-1.3327	4.0157	8.9192
89633830	-2.2010	4.8828	6.4726
89633831	-4.0482	4.1845	3.5511
89633832	-4.0581	3.4034	1.7460
89633833	-3.7948	1.9609	0.0663
89633834	-2.9927	0.9436	-1.8176
89633835	-1.7231	1.4103	-2.4943
89633836	-1.2213	0.3123	-3.5549
89633837	-0.2183	0.0101	-2.1165
89633838	-0.4172	-1.4251	-3.0653
89633839	-0.9900	-2.9188	-2.4972
89633840	-0.4481	-2.7261	-1.9450
89633841	0.5263	-2.0087	-0.7828
89633842	1.1075	-2.6417	-0.2466
89633843	1.3391	-2.9449	-0.1320
89633844	1.2038	-2.2323	0.9798
89633845	1.4422	-1.0559	2.0569
89633846	1.7395	-1.5606	2.4299
89633847	0.6360	-1.0000	1.5745
89633848	0.7263	-1.0255	1.8068
89633849	0.0473	-1.5384	0.4070
89633850	-0.4639	-1.1091	1.3483
89633851	-0.5598	-0.5564	1.7343
89633852	-0.8011	1.1399	2.9504
89633853	-1.2943	0.9480	0.5363
89633854	-1.2236	0.9407	0.0899
89633855	-1.7051	-0.3384	-0.9558
89633856	-1.0754	0.0425	0.2019
89633857	-1.1164	0.3257	-0.9891
89633858	-1.6553	0.4792	-0.4865
89633859	-1.8723	-0.0937	-0.7116
89633860	-2.2427	-1.3083	-2.2263
89633861	-1.1035	0.6827	0.0115
89633862	-1.3464	-0.3818	0.0100
89633863	-1.3845	-1.1638	-0.2992
89633864	-1.7504	0.1515	-0.8263
89633865	-0.8505	-0.5602	-0.4484
89633866	0.0147	-1.4016	-2.2784
89633867	0.6169	0.2343	0.5070
89633868	0.2028	-0.9120	-1.0726
89633869	-0.0099	-1.1747	-1.7857
89633870	-0.4248	-1.7047	-2.2246
89633871	-1.1057	-1.7521	-2.7566
89633872	-0.8580	-1.0874	-0.8245
89633873	-1.2489	-0.2176	-0.7017
89633874	-1.4933	-2.3692	-2.0764
89633875	-1.3301	-0.8013	-2.8965
89633876	-1.1094	-0.9233	-2.8738
89633877	-0.7163	-2.2117	-3.4838
89633878	-0.1633	-1.4234	-0.1872
89633879	-0.5528	-0.8213	0.5891
89633880	-0.7873	-0.0576	0.0530
89633881	-0.3714	0.4263	1.2142
89633882	-0.0692	0.3145	0.6221
89633883	-0.0346	0.7179	0.7086
89633884	-0.6737	-0.1308	-0.2736
89633885	-0.7613	0.3744	-0.1485
89633886	-0.8758	0.1072	0.7190
89633887	-0.5536	0.2183	0.6787
89633888	-0.7850	-0.4730	0.0453
89633889	-1.3425	0.6337	0.2724
89633890	-1.7866	-0.4073	-1.1652
89633891	-1.4137	-0.4624	-1.5648
89633892	-1.6300	-0.0151	0.3137
89633893	-1.4559	-0.7952	-0.7406
89633894	-0.7602	-1.2048	0.1070
89633895	-0.8114	-1.1923	0.9743
89633896	-0.2097	-1.2110	0.6864
89633897	-0.8178	-0.9076	-0.0158
89633898	-0.4033	-1.6940	0.1109
89633899	0.3583	-0.4665	1.2621
89633900	0.0611	0.3764	1.5890
89633901	-0.0867	0.4431	0.7002
89633902	0.3820	2.1466	2.5845
89633903	0.1602	0.3143	0.9003
89633904	-0.3945	-0.6986	0.5527
89633905	-0.7617	1.5727	2.5041
89633906	-1.1983	0.7834	1.0919
89633907	-0.6656	0.7514	0.1872
89633908	-0.2127	1.1312	1.2649
89633909	-0.2082	1.1604	1.2297
89633910	-0.2558	0.6262	2.6752
89633911	-0.1208	-0.6271	0.5338
89633912	0.6982	-0.9663	0.0042
89633913	0.0319	0.0657	0.0308
89633914	0.0340	0.0654	0.6189
89633915	0.3102	0.2204	2.5875
89633916	-0.5547	-0.5154	0.7897
89633917	0.3716	0.7830	1.2548
89633918	1.2875	0.9880	2.8248
89633919	1.0301	1.2499	1.9019
89633920	0.5596	2.3437	1.9640
89633921	-0.2392	1.8141	1.5464
89633922	-0.7724	1.5759	1.0014
89633923	-0.2444	1.5519	1.4823
89633924	0.2915	1.6935	2.1262
89633925	0.9610	1.9014	2.6721
89633926	-0.0132	0.7330	0.5974
89633927	-0.4674	-0.1833	0.4072
89633928	-0.4875	-0.2171	1.5187
89633929	-0.4256	-0.7913	-0.0899
89633930	0.3267	0.1881	0.7213
89633931	-0.0955	-0.1905	0.8447
89633932	-0.0175	0.5532	1.2781
89633933	0.0522	0.4551	-0.1360
89633934	0.1383	0.1406	1.0554
89633935	0.2662	0.3242	1.0967
89633936	-0.2596	0.6042	1.3690
89633937	0.2571	0.8822	1.4930
89633938	0.0816	0.0408	-0.5246
89633939	0.8798	-0.1931	-0.2698
89633940	0.8482	0.3265	-0.0443
89633941	0.1625	1.0082	0.4404
89633942	0.2941	-0.2582	0.0597
89633943	-0.2585	0.9879	0.2285
89633944	-0.5024	-0.2249	-1.0387
89633945	-0.3602	0.2530	-0.9018
89633946	-0.6986	-0.5471	-0.9581
89633947	-0.2510	0.4679	-0.6952
89633948	-0.0713	0.9610	-0.4071
89633949	0.1720	-0.2632	-0.1972
89633950	-0.0961	-0.7196	-1.3934
89633951	0.1154	-0.2588	-0.0259
89633952	0.1742	-0.2163	-0.2726
89633953	-0.2049	-0.3948	-0.1480
89633954	-0.9287	-1.0713	-0.8235
89633955	-0.8478	-1.3251	-1.4053
89633956	-0.8634	-0.5335	-1.3902
89633957	-0.7200	0.1025	0.3886
89633958	-1.4221	-1.1808	-2.0472
89633959	-0.5700	0.8605	-0.6823
89633960	-0.2020	0.1924	-0.7063
89633961	0.5518	1.1899	-0.6030
89633962	1.1182	1.8396	1.5175
89633963	0.3854	0.9223	0.3564
89633964	0.0552	0.4698	0.2655
89633965	-0.0374	1.3605	1.5375
89633966	-0.1111	0.5299	-0.1942
89633967	-0.1016	1.6470	1.2542
89633968	0.3747	0.9446	0.8049
89633969	0.3895	1.1195	0.3016
89633970	0.2038	0.0908	-0.4091
89633971	0.5934	-0.3320	-0.2513
89633972	0.9937	0.7473	0.9901
89633973	0.8436	0.6606	1.5959
89633974	0.6600	-0.3142	0.1932
89633975	0.4777	0.4580	0.5447
89633976	0.1583	0.4650	0.4236
89633977	0.0579	0.3666	-0.1010
89633978	-0.6678	0.5542	-0.7049
89633979	-0.7590	0.4884	-0.5387
89633980	-0.4944	0.4480	-1.0471
89633981	-0.7643	0.0142	-2.1684
89633982	-0.7610	1.2303	-0.8824
89633983	-0.3087	0.2874	-0.4050
89633984	-0.2318	0.8262	-0.8061
89633985	-0.3666	0.5920	-0.0904
89633986	-0.8673	-0.7264	-1.0598
89633987	-0.1079	1.4530	1.7523
89633988	-0.5044	1.4511	0.7394
89633989	-0.5367	0.2482	-0.6721
89633990	-0.0919	0.1253	-0.3329
89633991	-0.2006	0.7046	0.8705
89633992	-1.4568	0.5634	-1.2405
89633993	-0.7727	-0.0561	-0.7353
89633994	-0.8246	0.0675	-1.0131
89633995	-0.4920	-1.2263	-1.2078
89633996	-0.3014	-0.3480	0.4687
89633997	-0.8092	-0.3578	-0.5002
89633998	-1.3296	0.7931	-1.0867
89633999	-1.0406	-0.0035	-0.7696
89634000	0.0873	0.0516	0.3330
89634001	-0.2362	-1.7780	-4.5062
89634002	-0.3320	0.2510	-0.4531
89634003	-0.6176	0.9508	1.3374
89634004	-0.4569	0.0441	1.3723
89634005	-0.5212	-0.4615	-0.2460
89634006	-0.2783	0.3012	1.4780
89634007	-0.6694	1.2036	1.1083
89634008	0.3702	1.0038	1.9251
89634009	0.0370	1.5380	0.5134
89634010	0.4934	1.1996	-0.2407
89634011	0.1908	0.6845	0.5859
89634012	0.7148	1.4533	1.2584
89634013	0.2379	0.9017	0.1644
89634014	0.4903	0.3257	0.9045
89634015	0.1640	0.6431	0.8934
89634016	-0.0120	-0.4723	1.7531
89634017	0.1128	0.0184	0.1394
89634018	-0.5967	0.0649	0.7695
89634019	-0.8690	-0.1044	1.7176
89634020	-0.1805	-0.6488	-0.7795
89634021	0.1602	-0.0500	1.3346
89634022	0.6364	-0.0458	1.3162
89634023	0.1748	0.9213	0.4337
89634024	0.3996	1.0111	2.3118
89634025	-0.1016	0.9587	-0.0981
89634026	0.1506	0.5114	0.7999
89634027	0.6208	0.0876	0.8604
89634028	-0.0170	0.0550	0.0510
89634029	0.5502	0.9798	1.7144
89634030	0.2676	0.9329	2.0998
89634031	0.1022	0.5874	1.6167
89634032	-0.0105	0.4281	1.3284
89634033	0.0185	0.3819	1.0970
89634034	0.2159	0.3557	2.2119
89634035	0.2084	1.0087	0.8655
89634036	0.3704	0.7097	1.1227
89634037	0.7459	1.1447	1.2775
89634038	0.3346	0.3388	1.3329
89634039	0.9745	-0.0759	0.4267
89634040	0.4877	0.6213	2.2088
89634041	0.0087	0.5331	1.2303
89634042	0.1831	0.3606	0.6259
89634043	0.4386	0.7173	1.0741
89634044	0.2762	0.1867	1.4769
89634045	0.4960	0.8964	1.2416
89634046	0.0310	-0.8515	-0.7751
89634047	1.0014	-0.1193	0.6162
89634048	0.3600	0.8625	1.2220
89634049	0.8200	0.0207	0.7159
89634050	0.3255	0.6434	1.4147
89634051	0.5108	0.0359	0.0941
89634052	0.1472	0.3241	-0.9677
89634053	0.0119	-0.3664	-1.0263
89634054	0.1168	-0.3559	-0.6827
89634055	0.6448	-0.2800	0.7718
89634056	0.5807	0.0877	-0.6751
89634057	0.3445	1.0442	0.9791
89634058	0.0081	0.8543	0.5169
89634059	0.6128	-0.3557	0.3902
89634060	0.5661	-0.2678	1.3603
89634061	-0.1278	-0.5806	-0.7044
89634062	0.1661	-0.6580	0.6148
89634063	0.4019	0.8632	0.5984
89634064	0.7987	1.1710	1.3656
89634065	0.2157	-0.6321	-0.3197
89634066	-0.2289	-0.1402	0.8980
89634067	-0.0741	-0.2433	0.2579
89634068	0.2789	0.5800	1.4466
89634069	-0.1052	-0.1228	0.4426
89634070	0.1944	0.4999	1.2987
89634071	0.0702	0.2531	0.2045
89634072	0.0263	-0.7180	-0.6834
89634073	0.2467	-0.4763	0.8523
89634074	0.6521	0.7228	0.8466
89634075	0.3883	0.9049	1.6377
89634076	0.3991	0.9568	1.6382
89634077	0.0376	0.8520	0.1540
89634078	0.4437	1.7237	3.0200
89634079	0.1845	2.0396	3.1685
89634080	0.3552	1.4939	2.6559
89634081	0.5646	0.8085	1.8619
89634082	0.6444	1.0228	1.2364
89634083	-0.1218	0.0979	0.2677
89634084	0.5390	0.4233	1.6652
89634085	-0.1595	-0.7812	0.5542
89634086	-0.0862	-0.2692	0.2274
89634087	0.0192	-0.0840	-1.1178
89634088	-0.2101	0.8281	1.2128
89634089	-0.3571	-0.6524	-1.0044
89634090	0.1723	0.2073	0.9904
89634091	0.4782	0.8084	2.2101
89634092	0.6191	0.3325	1.0732
89634093	0.8371	0.8018	2.2848
89634094	-0.1706	-0.7257	1.4677
89634095	0.3979	1.8084	3.3147
89634096	0.6637	2.4166	3.6020
89634097	0.1502	2.1921	2.9317
89634098	0.2272	1.9472	2.7143
89634099	0.5584	1.0525	2.0284
89634100	-0.0542	0.6840	1.8333
89634101	-0.2686	1.6028	1.8050
89634102	-0.8015	1.4592	1.4113
89634103	0.1269	2.5117	3.7581
89634104	-0.6611	1.0845	1.0484
89634105	-0.1122	1.1338	1.1910
89634106	0.1343	0.8520	1.0193
89634107	-0.4442	0.3843	-0.0827
89634108	-0.3164	1.2523	1.7641
89634109	-0.4572	0.4052	-0.1767
89634110	-0.8344	1.4085	2.4643
89634111	0.0000	0.6168	0.0000
89634112	0.0000	1.3262	0.0000
89634113	0.0000	1.7734	0.0000
89634114	0.0000	1.1871	0.0000
89634115	0.0000	-0.3068	0.0000
89634116	0.0000	-0.0228	0.0000
89634117	0.0000	-0.3912	0.0000
89634118	0.0000	-0.5068	0.0000
89634119	0.0000	0.4444	0.0000
89634120	0.0000	0.5682	0.0000
89634121	0.0000	1.2985	0.0000
89634122	0.0000	1.4169	0.0000
89634123	0.0000	1.8931	0.0000
89634124	0.0000	1.7526	0.0000
89634125	0.0000	2.7731	0.0000
89634126	0.0000	1.6728	0.0000
89634127	0.0000	1.8389	0.0000
89634128	0.0000	2.2379	0.0000
89634129	0.0000	2.7041	0.0000
89634130	0.0000	1.7535	0.0000
89634131	0.0000	1.3237	0.0000
89634132	0.0000	2.7228	0.0000
89634133	0.0000	2.3624	0.0000
89634134	0.0000	1.9252	0.0000
89634135	0.0000	2.4521	0.0000
89634136	0.0000	1.7690	0.0000
89634137	0.0000	2.5437	0.0000
89634138	0.0000	2.1669	0.0000
89634139	0.0000	2.1020	0.0000
89634140	0.0000	2.4662	0.0000
89634141	0.0000	2.0521	0.0000
89634142	0.0000	2.5259	0.0000
89634143	0.0000	2.5536	0.0000
89634144	0.0000	2.4414	0.0000
89634145	0.0000	3.0333	0.0000
89634146	0.0000	2.4297	0.0000
89634147	0.0000	2.6404	0.0000
89634148	0.0000	1.6187	0.0000
89634149	0.0000	2.5634	0.0000
89634150	0.0000	1.9848	0.0000
89634151	0.0000	1.8276	0.0000
89634152	0.0000	1.5753	0.0000
89634153	0.0000	2.6239	0.0000
89634154	0.0000	2.9735	0.0000
89634155	0.0000	2.5050	0.0000
89634156	0.0000	2.2519	0.0000
89634157	0.0000	1.4503	0.0000
89634158	0.0000	2.7224	0.0000
89634159	0.0000	1.6418	0.0000
89634160	0.0000	2.7121	0.0000
89634161	0.0000	2.3858	0.0000
89634162	0.0000	0.6872	0.0000
89634163	0.0000	1.9180	0.0000
89634164	0.0000	0.5948	0.0000
89634165	0.0000	0.7818	0.0000
89634166	0.0000	1.2255	0.0000
89634167	0.0000	0.7990	0.0000
89634168	0.0000	0.6710	0.0000
89634169	0.0000	0.0397	0.0000
89634170	0.0000	-0.2889	0.0000
89634171	0.0000	0.1360	0.0000
89634172	0.0000	-0.3344	0.0000
89634173	0.0000	0.4011	0.0000
89634174	0.0000	-0.2739	0.0000
89634175	0.0000	0.4628	0.0000
89634176	0.0000	-0.3129	0.0000
89634177	0.0000	-0.7919	0.0000
89634178	0.0000	-0.5491	0.0000
89634179	0.0000	-0.0333	0.0000
89634180	0.0000	-0.8048	0.0000
89634181	0.0000	0.5994	0.0000
89634182	0.0000	0.6747	0.0000
89634183	0.0000	0.6149	0.0000
89634184	0.0000	0.6919	0.0000
89634185	0.0000	0.3993	0.0000
89634186	0.0000	1.0732	0.0000
89634187	0.0000	0.0003	0.0000
89634188	0.0000	-0.8019	0.0000
89634189	0.0000	0.3651	0.0000
89634190	0.0000	0.6825	0.0000
89634191	0.0000	0.4145	0.0000
89634192	0.0000	0.9290	0.0000
89634193	0.0000	0.8331	0.0000
89634194	0.0000	1.0243	0.0000
89634195	0.0000	1.1410	0.0000
89634196	0.0000	1.4165	0.0000
89634197	0.0000	2.1709	0.0000
89634198	0.0000	0.8807	0.0000
89634199	0.0000	0.9555	0.0000
89634200	0.0000	-0.1865	0.0000
89634201	0.0000	0.4883	0.0000
89634202	0.0000	0.5284	0.0000
89634203	0.0000	1.6041	0.0000
89634204	0.0000	0.6577	0.0000
89634205	0.0000	0.3926	0.0000
89634206	0.0000	-0.2454	0.0000
89634207	0.0000	0.0385	0.0000
89634208	0.0000	0.1888	0.0000
89634209	0.0000	-0.1834	0.0000
89634210	0.0000	-0.7739	0.0000
89634211	0.0000	-0.9918	0.0000
89634212	0.0000	-0.8428	0.0000
89634213	0.0000	-0.1306	0.0000
89634214	0.0000	-0.5398	0.0000
89634215	0.0000	-0.2060	0.0000
89634216	0.0000	0.5661	0.0000
89634217	0.0000	0.6942	0.0000
89634218	0.0000	-0.0221	0.0000
89634219	0.0000	-0.2374	0.0000
89634220	0.0000	0.6034	0.0000
89634221	0.0000	-0.0078	0.0000
89634222	0.0000	1.3274	0.0000
89634223	0.0000	0.5535	0.0000
89634224	0.0000	-0.2441	0.0000
89634225	0.0000	-0.4910	0.0000
89634226	0.0000	0.7265	0.0000
89634227	0.0000	0.8684	0.0000
89634228	0.0000	-0.2905	0.0000
89634229	0.0000	0.1801	0.0000
89634230	0.0000	0.9114	0.0000
89634231	0.0000	0.5488	0.0000
89634232	0.0000	1.2072	0.0000
89634233	0.0000	0.5156	0.0000
89634234	0.0000	0.7170	0.0000
89634235	0.0000	0.9307	0.0000
89634236	0.0000	0.7762	0.0000
89634237	0.0000	0.7115	0.0000
89634238	0.0000	0.7613	0.0000
89634239	0.0000	2.1449	0.0000
89634240	0.0000	1.3371	0.0000
89634241	0.0000	1.4169	0.0000
89634242	0.0000	0.7325	0.0000
89634243	0.0000	1.4364	0.0000
89634244	0.0000	0.1199	0.0000
89634245	0.0000	0.6396	0.0000
89634246	0.0000	0.5185	0.0000
89634247	0.0000	0.7098	0.0000
89634248	0.0000	-0.0485	0.0000
89634249	0.0000	0.0078	0.0000
89634250	0.0000	-0.1274	0.0000
89634251	0.0000	-0.0354	0.0000
89634252	0.0000	0.0286	0.0000
89634253	0.0000	0.6468	0.0000
89634254	0.0000	-0.1565	0.0000
89634255	0.0000	-0.2011	0.0000
89634256	0.0000	-0.1333	0.0000
89634257	0.0000	-0.2637	0.0000
89634258	0.0000	-0.0593	0.0000
89634259	0.0000	-1.2828	0.0000
89634260	0.0000	0.6703	0.0000
89634261	0.0000	0.5170	0.0000
89634262	0.0000	0.1176	0.0000
89634263	0.0000	0.6355	0.0000
89634264	0.0000	1.1662	0.0000
89634265	0.0000	-0.1756	0.0000
89634266	0.0000	0.4254	0.0000
89634267	0.0000	0.4502	0.0000
89634268	0.0000	0.0245	0.0000
89634269	0.0000	-0.1961	0.0000
89634270	0.0000	-0.0603	0.0000
89634271	0.0000	-0.4592	0.0000
89634272	0.0000	0.0723	0.0000
89634273	0.0000	0.9591	0.0000
89634274	0.0000	0.4956	0.0000
89634275	0.0000	-0.9075	0.0000
89634276	0.0000	0.2349	0.0000
89634277	0.0000	-0.2429	0.0000
89634278	0.0000	0.1810	0.0000
89634279	0.0000	0.6415	0.0000
89634280	0.0000	0.2143	0.0000
89634281	0.0000	0.6875	0.0000
89634282	0.0000	0.2864	0.0000
89634283	0.0000	-0.3947	0.0000
89634284	0.0000	-0.5975	0.0000
89634285	0.0000	1.2030	0.0000
89634286	0.0000	0.7689	0.0000
89634287	0.0000	0.1011	0.0000
89634288	0.0000	-0.4841	0.0000
89634289	0.0000	0.0489	0.0000
89634290	0.0000	-0.1283	0.0000
89634291	0.0000	1.0957	0.0000
89634292	0.0000	0.5270	0.0000
89634293	0.0000	-0.3240	0.0000
89634294	0.0000	0.7557	0.0000
89634295	0.0000	0.4957	0.0000
89634296	0.0000	-0.2928	0.0000
89634297	0.0000	-0.6685	0.0000
89634298	0.0000	0.3589	0.0000
89634299	0.0000	-0.3461	0.0000
89634300	0.0000	-0.2398	0.0000
89634301	0.0000	0.0358	0.0000
89634302	0.0000	-0.3076	0.0000
89634303	0.0000	-1.6515	0.0000
89634304	0.0000	-0.6806	0.0000
89634305	0.0000	-1.6793	0.0000
89634306	0.0000	-1.2206	0.0000
89634307	0.0000	-1.7101	0.0000
89634308	0.0000	-0.5844	0.0000
89634309	0.0000	0.4186	0.0000
89634310	0.0000	-0.8125	0.0000
89634311	0.0000	-1.3608	0.0000
89634312	0.0000	-1.0715	0.0000
89634313	0.0000	-0.7649	0.0000
89634314	0.0000	-1.1450	0.0000
89634315	0.0000	-0.7140	0.0000
89634316	0.0000	-0.5381	0.0000
89634317	0.0000	-0.7080	0.0000
89634318	0.0000	-0.0293	0.0000
89634319	0.0000	-1.5462	0.0000
89634320	0.0000	-1.3946	0.0000
89634321	0.0000	-0.6956	0.0000
89634322	0.0000	0.1988	0.0000
89634323	0.0000	0.2467	0.0000
89634324	0.0000	-0.1479	0.0000
89634325	0.0000	0.1159	0.0000
89634326	0.0000	-0.0021	0.0000
89634327	0.0000	-0.1356	0.0000
89634328	0.0000	-1.3325	0.0000
89634329	0.0000	-0.2179	0.0000
89634330	0.0000	-0.8598	0.0000
89634331	0.0000	-0.2508	0.0000
89634332	0.0000	-0.1390	0.0000
89634333	0.0000	-0.6604	0.0000
89634334	0.0000	-0.7765	0.0000
89634335	0.0000	-1.8462	0.0000
89634336	0.0000	-1.6454	0.0000
89634337	0.0000	-0.6590	0.0000
89634338	0.0000	-2.9357	0.0000
89634339	0.0000	-2.2495	0.0000
89634340	0.0000	-1.3402	0.0000
89634341	0.0000	-2.9705	0.0000
89634342	0.0000	-1.8028	0.0000
89634343	0.0000	-1.7605	0.0000
89634344	0.0000	-0.9337	0.0000
89634345	0.0000	-0.3519	0.0000
89634346	0.0000	-0.3308	0.0000
89634347	0.0000	-0.9483	0.0000
89634348	0.0000	-0.1939	0.0000
89634349	0.0000	-1.2507	0.0000
89634350	0.0000	-0.2825	0.0000
89634351	0.0000	0.0943	0.0000
89634352	0.0000	-1.2834	0.0000
89634353	0.0000	-0.3082	0.0000
89634354	0.0000	-1.2477	0.0000
89634355	0.0000	-0.0603	0.0000
89634356	0.0000	-0.1887	0.0000
89634357	0.0000	0.1853	0.0000
89634358	0.0000	-0.4820	0.0000
89634359	0.0000	-0.2045	0.0000
89634360	0.0000	-0.7059	0.0000
89634361	0.0000	-0.5251	0.0000
89634362	0.0000	-0.0450	0.0000
89634363	0.0000	0.4437	0.0000
89634364	0.0000	0.7198	0.0000
89634365	0.0000	-0.2938	0.0000
89634366	0.0000	0.8518	0.0000
89634367	0.0000	0.4337	0.0000
89634368	0.0000	-0.5305	0.0000
89634369	0.0000	0.5392	0.0000
89634370	0.0000	-0.7336	0.0000
89634371	0.0000	-1.2072	0.0000
89634372	0.0000	-0.2903	0.0000
89634373	0.0000	-0.7970	0.0000
89634374	0.0000	-1.0991	0.0000
89634375	0.0000	-0.9174	0.0000
89634376	0.0000	-1.5803	0.0000
89634377	0.0000	-0.2280	0.0000
89634378	0.0000	-0.1791	0.0000
89634379	0.0000	-0.9490	0.0000
89634380	0.0000	-0.6715	0.0000
89634381	0.0000	-0.6210	0.0000
89634382	0.0000	-0.6212	0.0000
89634383	0.0000	-1.0009	0.0000
89634384	0.0000	-1.7458	0.0000
89634385	0.0000	-1.5351	0.0000
89634386	0.0000	-0.6001	0.0000
89634387	0.0000	-1.8224	0.0000
89634388	0.0000	-1.4228	0.0000
89634389	0.0000	-0.1572	0.0000
89634390	0.0000	-0.8950	0.0000
89634391	0.0000	-0.8506	0.0000
89634392	0.0000	-1.0635	0.0000
89634393	0.0000	-0.6369	0.0000
89634394	0.0000	-0.1650	0.0000
89634395	0.0000	0.2667	0.0000
89634396	0.0000	-0.1864	0.0000
89634397	0.0000	-0.0279	0.0000
89634398	0.0000	-0.3145	0.0000
89634399	0.0000	0.3522	0.0000
89634400	0.0000	-1.1512	0.0000
89634401	0.0000	-0.3968	0.0000
89634402	0.0000	0.1993	0.0000
89634403	0.0000	0.5825	0.0000
89634404	0.0000	-0.4021	0.0000
89634405	0.0000	-0.5692	0.0000
89634406	0.0000	-0.3784	0.0000
89634407	0.0000	-1.2350	0.0000
89634408	0.0000	-0.5146	0.0000
89634409	0.0000	0.3537	0.0000
89634410	0.0000	-0.4230	0.0000
89634411	0.0000	0.2142	0.0000
89634412	0.0000	-0.5348	0.0000
89634413	0.0000	0.3617	0.0000
89634414	0.0000	-0.6370	0.0000
89634415	0.0000	0.5678	0.0000
89634416	0.0000	-0.7146	0.0000
89634417	0.0000	-0.3576	0.0000
89634418	0.0000	-0.0236	0.0000
89634419	0.0000	-0.9681	0.0000
89634420	0.0000	-1.0681	0.0000
89634421	0.0000	-0.8991	0.0000
89634422	0.0000	-0.3547	0.0000
89634423	0.0000	-0.2516	0.0000
89634424	0.0000	-0.5539	0.0000
89634425	0.0000	-0.0443	0.0000
89634426	0.0000	0.9066	0.0000
89634427	0.0000	0.8694	0.0000
89634428	0.0000	-0.5025	0.0000
89634429	0.0000	0.3513	0.0000
89634430	0.0000	-0.7821	0.0000
89634431	0.0000	-0.4445	0.0000
89634432	0.0000	-0.2435	0.0000
89634433	0.0000	-0.4321	0.0000
89634434	0.0000	0.0896	0.0000
89634435	0.0000	-0.1738	0.0000
89634436	0.0000	-0.6196	0.0000
89634437	0.0000	-0.3705	0.0000
89634438	0.0000	-0.4135	0.0000
89634439	0.0000	0.5242	0.0000
89634440	0.0000	-0.0444	0.0000
89634441	0.0000	-1.3734	0.0000
89634442	0.0000	0.2467	0.0000
89634443	0.0000	-0.1584	0.0000
89634444	0.0000	0.0810	0.0000
89634445	0.0000	0.0322	0.0000
89634446	0.0000	0.5214	0.0000
89634447	0.0000	-0.3894	0.0000
89634448	0.0000	-0.6166	0.0000
89634449	0.0000	-0.4801	0.0000
89634450	0.0000	0.2213	0.0000
89634451	0.0000	-0.5026	0.0000
89634452	0.0000	-1.0812	0.0000
89634453	0.0000	-0.4534	0.0000
89634454	0.0000	-0.3662	0.0000
89634455	0.0000	0.2195	0.0000
89634456	0.0000	0.5161	0.0000
89634457	0.0000	0.6468	0.0000
89634458	0.0000	0.1482	0.0000
89634459	0.0000	0.0786	0.0000
89634460	0.0000	0.1397	0.0000
89634461	0.0000	0.0236	0.0000
89634462	0.0000	0.6680	0.0000
89634463	0.0000	-0.3790	0.0000
89634464	0.0000	-0.1080	0.0000
89634465	0.0000	0.0329	0.0000
89634466	0.0000	0.9063	0.0000
89634467	0.0000	0.4061	0.0000
89634468	0.0000	-0.2463	0.0000
89634469	0.0000	-1.2896	0.0000
89634470	0.0000	-0.6911	0.0000
89634471	0.0000	-0.5477	0.0000
89634472	0.0000	0.2593	0.0000
89634473	0.0000	0.1729	0.0000
89634474	0.0000	0.0952	0.0000
89634475	0.0000	0.5882	0.0000
89634476	0.0000	0.1016	0.0000
89634477	0.0000	-0.2969	0.0000
89634478	0.0000	0.3403	0.0000
89634479	0.0000	0.3988	0.0000
89634480	0.0000	0.8071	0.0000
89634481	0.0000	-0.3683	0.0000
89634482	0.0000	-0.6822	0.0000
89634483	0.0000	-0.7020	0.0000
89634484	0.0000	-0.5631	0.0000
89634485	0.0000	-0.1115	0.0000
89634486	0.0000	-0.7747	0.0000
89634487	0.0000	0.5692	0.0000
89634488	0.0000	0.2056	0.0000
89634489	0.0000	0.4637	0.0000
89634490	0.0000	-0.0448	0.0000
89634491	0.0000	-0.5528	0.0000
89634492	0.0000	0.2541	0.0000
89634493	0.0000	-0.6112	0.0000
89634494	0.0000	-0.0893	0.0000
89634495	0.0000	0.7302	0.0000
89634496	0.0000	-0.4019	0.0000
89634497	0.0000	-0.3967	0.0000
89634498	0.0000	0.4553	0.0000
89634499	0.0000	-0.2233	0.0000
89634500	0.0000	-0.3839	0.0000
89634501	0.0000	0.0161	0.0000
89634502	0.0000	-0.2769	0.0000
89634503	0.0000	-0.2348	0.0000
89634504	0.0000	-0.4028	0.0000
89634505	0.0000	0.2586	0.0000
89634506	0.0000	-0.0562	0.0000
89634507	0.0000	-0.1201	0.0000
89634508	0.0000	0.0822	0.0000
89634509	0.0000	-1.1127	0.0000
89634510	0.0000	-0.6867	0.0000
89634511	0.0000	0.5030	0.0000
89634512	0.0000	-0.1722	0.0000
89634513	0.0000	0.4614	0.0000
89634514	0.0000	-0.9608	0.0000
89634515	0.0000	-0.3754	0.0000
89634516	0.0000	-0.0961	0.0000
89634517	0.0000	-0.9134	0.0000
89634518	0.0000	-0.5498	0.0000
89634519	0.0000	-0.9279	0.0000
89634520	0.0000	-1.0284	0.0000
89634521	0.0000	-0.5368	0.0000
89634522	0.0000	-0.2772	0.0000
89634523	0.0000	0.8461	0.0000
89634524	0.0000	0.3413	0.0000
89634525	0.0000	-0.2320	0.0000
89634526	0.0000	0.1601	0.0000
89634527	0.0000	0.5617	0.0000
89634528	0.0000	-0.1267	0.0000
89634529	0.0000	1.1259	0.0000
89634530	0.0000	0.3389	0.0000
89634531	0.0000	0.5344	0.0000
89634532	0.0000	-0.1856	0.0000
89634533	0.0000	0.0045	0.0000
89634534	0.0000	0.1465	0.0000
89634535	0.0000	0.3374	0.0000
89634536	0.0000	-0.0048	0.0000
89634537	0.0000	0.3828	0.0000
89634538	0.0000	-1.1358	0.0000
89634539	0.0000	0.9811	0.0000
89634540	0.0000	0.4665	0.0000
89634541	0.0000	-1.2904	0.0000
89634542	0.0000	-0.0576	0.0000
89634543	0.0000	-0.2645	0.0000
89634544	0.0000	-0.3622	0.0000
89634545	0.0000	-1.0140	0.0000
89634546	0.0000	-0.5321	0.0000
89634547	0.0000	-0.4067	0.0000
89634548	0.0000	-0.7852	0.0000
89634549	0.0000	-0.3242	0.0000
89634550	0.0000	-0.9949	0.0000
89634551	0.0000	0.1177	0.0000
89634552	0.0000	-0.8321	0.0000
89634553	0.0000	-0.0393	0.0000
89634554	0.0000	0.7846	0.0000
89634555	0.0000	0.7091	0.0000
89634556	0.0000	1.3524	0.0000
89634557	0.0000	1.7068	0.0000
89634558	0.0000	0.4176	0.0000
89634559	0.0000	0.3834	0.0000
89634560	0.0000	0.1404	0.0000
89634561	0.0000	1.5555	0.0000
