89633311	-0.0072	-0.1381	3.1804
89633312	-0.0322	-0.2116	2.3991
89633313	-0.5832	-1.0133	1.9758
89633314	-0.0022	-0.3087	2.4508
89633315	0.1301	-0.0331	2.9247
89633316	0.0538	-0.1801	2.4559
89633317	0.0179	-0.2974	2.4323
89633318	-0.0082	-0.8825	1.5526
89633319	-0.3829	-0.6724	1.7751
89633320	-0.6349	-0.6883	1.4452
89633321	-0.7051	-0.5625	1.0841
89633322	-0.7809	-0.8940	1.4426
89633323	-0.6772	-0.6880	2.6424
89633324	-0.8343	-0.8040	1.8168
89633325	-0.8306	-0.8652	1.3620
89633326	-0.4466	-0.3971	2.1112
89633327	-0.4136	-0.3524	2.2373
89633328	-0.1700	-0.1570	2.0388
89633329	0.0173	-0.0349	2.3399
89633330	0.0821	-0.0030	2.0576
89633331	0.3845	0.2676	3.2716
89633332	-0.1184	0.2744	1.7946
89633333	-0.4156	-0.2700	1.3906
89633334	-0.3505	-0.4623	1.2638
89633335	-0.2125	0.3660	1.3964
89633336	-0.3900	-0.1979	1.1758
89633337	-0.4287	-0.8041	1.8175
89633338	-0.6287	-0.8382	1.3502
89633339	-0.2996	-0.7772	1.7672
89633340	-0.6223	-1.3902	1.6954
89633341	-0.4308	-1.1805	1.7504
89633342	-0.4722	-1.1631	1.8988
89633343	-0.4316	-1.3128	2.1607
89633344	-0.7317	-1.4669	1.9237
89633345	-0.4749	-1.6343	2.3401
89633346	-0.6177	-1.3948	1.8692
89633347	-0.5477	-0.9353	2.1131
89633348	-0.8861	-1.0549	1.2496
89633349	-0.5441	-0.9702	1.8251
89633350	-0.6294	-0.8549	1.3961
89633351	-0.7476	-1.4343	1.2398
89633352	-0.5567	-1.6881	1.1995
89633353	-0.3952	-1.4237	2.0109
89633354	-0.8275	-1.1441	2.1313
89633355	-0.6105	-0.6422	1.5230
89633356	-0.7000	-0.5658	1.6812
89633357	-0.4732	-0.7109	2.1882
89633358	-0.6245	-0.6693	1.3889
89633359	-0.3735	0.0395	1.7227
89633360	-0.4678	0.2455	1.6959
89633361	-0.5173	-0.1846	1.3764
89633362	-0.2961	-0.3016	1.6310
89633363	-0.1287	0.4610	2.3510
89633364	-0.6215	-0.3180	1.3593
89633365	0.1133	0.3787	2.6041
89633366	-0.4824	-0.0812	2.1505
89633367	-0.4386	-0.1374	2.6370
89633368	-0.4475	-0.6085	2.2337
89633369	-0.4366	-0.8518	2.0734
89633370	-0.3019	-1.1544	1.6401
89633371	-0.4052	-1.6717	2.1696
89633372	-0.1733	-1.4299	2.6701
89633373	-0.2401	-1.5602	1.4345
89633374	-0.5974	-1.9599	1.3966
89633375	-0.1858	-1.2139	2.4741
89633376	-0.6399	-0.9052	1.5542
89633377	-0.2264	-0.9672	2.9029
89633378	-0.6282	-1.2107	2.5688
89633379	-0.2113	-1.3936	3.2113
89633380	-0.8916	-1.3426	2.2400
89633381	-0.3165	-1.9148	2.1538
89633382	-0.4840	-1.7278	2.2526
89633383	-0.5550	-1.7741	2.2836
89633384	0.0550	-1.5419	2.6018
89633385	-0.2644	-1.3829	2.3220
89633386	-0.1102	-0.9397	3.2315
89633387	-0.4050	-1.3353	2.7655
89633388	-0.4470	-1.2749	2.3591
89633389	-0.4616	-0.8541	2.8056
89633390	-0.8534	-0.6066	2.4681
89633391	-0.4913	-0.7030	2.6653
89633392	-0.3487	-0.6904	2.7462
89633393	-0.3986	-0.4336	3.0303
89633394	-0.6443	-1.2036	2.1390
89633395	-0.6589	-1.0418	2.5618
89633396	-0.4475	-1.0306	2.7171
89633397	-0.2111	-1.1167	3.1080
89633398	-0.2767	-1.6517	3.0761
89633399	-0.8169	-1.9124	2.5517
89633400	-0.5057	-2.5626	2.5574
89633401	-0.5707	-1.7863	2.4778
89633402	-0.6708	-2.0555	2.7053
89633403	-1.0133	-1.7309	2.4106
89633404	-0.8559	-2.4854	2.4052
89633405	-0.5775	-2.9722	1.6423
89633406	-0.5446	-2.6927	1.0637
89633407	-0.8610	-2.5304	0.9222
89633408	-1.4127	-3.4495	-0.0829
89633409	-0.9423	-3.2309	0.9459
89633410	-1.2268	-3.9138	0.5365
89633411	-0.9233	-3.8465	0.4094
89633412	-1.2977	-3.4423	0.9624
89633413	-0.7939	-3.2672	1.3062
89633414	-1.2381	-3.1664	1.2617
89633415	-1.0870	-2.8137	0.7979
89633416	-1.0254	-2.1246	1.1906
89633417	-0.7184	-1.8853	0.9151
89633418	-0.9155	-1.9569	-0.0013
89633419	-0.7811	-1.6672	0.1801
89633420	-0.6588	-1.1646	0.7928
89633421	-0.2947	-1.4495	0.4993
89633422	0.1365	-0.8397	0.9773
89633423	-0.5561	-0.8753	-0.2955
89633424	0.1162	-0.1278	0.8991
89633425	0.2674	0.2877	0.8032
89633426	0.0756	-0.0892	0.4461
89633427	0.1579	0.6377	0.2816
89633428	0.0539	0.3205	0.5661
89633429	0.2557	0.5005	1.2159
89633430	-0.1872	0.5782	0.5309
89633431	0.1051	1.1312	0.7798
89633432	-0.1940	0.4031	0.7437
89633433	0.1439	0.9289	1.3235
89633434	-0.0477	0.5090	1.6429
89633435	-0.3837	0.4519	1.6048
89633436	-0.0123	0.7323	2.4114
89633437	-0.1741	0.1965	1.6059
89633438	0.0203	0.3036	1.5768
89633439	-0.2641	-0.0319	1.7446
89633440	0.0695	0.0203	2.2984
89633441	-0.1615	-0.5873	1.6683
89633442	-0.2492	-0.4689	1.5283
89633443	-0.0242	-0.9354	1.9572
89633444	0.1436	-0.6262	2.1925
89633445	-0.3665	-1.1861	1.3686
89633446	-0.0930	-0.8368	2.2650
89633447	-0.0818	-1.3348	1.8897
89633448	-0.5453	-1.7785	1.5893
89633449	-0.3189	-1.6999	2.0604
89633450	-0.8866	-2.0396	1.3020
89633451	-0.5616	-1.5016	1.8463
89633452	-0.9270	-1.5721	1.2941
89633453	-0.7460	-1.5034	2.4859
89633454	-0.4434	-1.7757	2.6180
89633455	-0.2731	-1.5602	2.1111
89633456	-0.2564	-1.0988	2.2142
89633457	-0.3187	-0.6035	1.6896
89633458	-0.1442	-0.8469	2.5164
89633459	-0.3694	-0.9716	1.7250
89633460	0.0410	-0.4442	2.0919
89633461	-0.1872	-1.4227	1.5774
89633462	-0.3420	-1.3368	2.1384
89633463	-0.4819	-0.8241	1.5575
89633464	-0.2808	-0.8451	1.3106
89633465	-0.5053	-1.1786	0.9713
89633466	-0.3892	-2.0304	0.6383
89633467	-0.3193	-1.2500	0.8922
89633468	-0.5939	-1.9357	0.3659
89633469	-0.6454	-1.7964	-0.0893
89633470	-0.7067	-1.8283	0.1864
89633471	-0.4856	-1.5346	1.3604
89633472	-0.5649	-1.2343	1.2523
89633473	-0.6612	-2.2519	0.9682
89633474	-0.5437	-1.8280	1.6560
89633475	-0.6992	-1.4458	1.5014
89633476	-0.4054	-1.8315	2.1933
89633477	-0.6811	-2.2617	1.2173
89633478	-0.8080	-1.8078	1.7917
89633479	-1.0646	-2.0200	0.9649
89633480	-0.9335	-1.9837	0.9990
89633481	-0.9375	-1.8240	1.0348
89633482	-0.6084	-1.5500	0.9335
89633483	-0.8591	-1.8550	1.1878
89633484	-0.5916	-1.4138	1.1352
89633485	-0.4990	-1.1580	1.7596
89633486	-0.4310	-0.7235	2.0127
89633487	-0.4223	-0.9410	1.9383
89633488	-0.9383	-1.4757	0.9444
89633489	-0.8636	-2.0296	0.9861
89633490	-0.7370	-1.6389	1.4453
89633491	-0.7505	-0.9750	1.8997
89633492	-0.7529	-0.8849	1.5405
89633493	-0.6254	-1.5771	0.9755
89633494	-0.4245	-1.5995	1.1413
89633495	-0.5352	-1.0256	1.3409
89633496	-0.1910	-1.2238	1.5810
89633497	-0.5597	-1.2093	1.4827
89633498	-0.3008	-1.1026	1.6392
89633499	-0.3655	-1.3919	1.0111
89633500	-0.4049	-0.7921	1.1992
89633501	-0.7424	-2.0532	0.6705
89633502	-0.7200	-1.9069	0.4277
89633503	-1.0697	-2.3020	-0.3045
89633504	-1.0862	-2.1195	0.3467
89633505	-0.8274	-2.4631	0.3658
89633506	-0.9368	-2.1649	0.4796
89633507	-0.4212	-2.0994	0.9029
89633508	-0.2189	-1.8309	1.1115
89633509	-0.6903	-2.1337	-0.0070
89633510	-0.3313	-1.8393	0.4077
89633511	-0.3841	-1.6561	1.0673
89633512	-0.6488	-1.2231	0.6902
89633513	-0.5977	-1.4017	0.6950
89633514	-0.8997	-1.3118	0.4446
89633515	-0.9697	-1.6012	-0.4785
89633516	-0.7748	-1.0526	0.5116
89633517	-0.9614	-1.9805	0.7609
89633518	-0.9182	-1.6898	0.6790
89633519	-1.2463	-2.0747	-0.3076
89633520	-0.7868	-1.4447	0.1491
89633521	-0.9166	-1.8518	0.0469
89633522	-0.5054	-2.1715	0.4860
89633523	-0.5095	-2.0705	0.3663
89633524	-0.4059	-2.1444	-0.0587
89633525	-0.7077	-2.1403	-0.2764
89633526	-0.6187	-1.9320	0.0297
89633527	-1.1404	-2.3009	-0.2813
89633528	-0.8788	-2.0000	0.2289
89633529	-0.9997	-2.4618	-0.2668
89633530	-1.3307	-2.5717	-0.0644
89633531	-1.6843	-2.6977	0.1691
89633532	-1.3335	-2.5440	-0.0287
89633533	-1.4250	-2.8274	-0.6105
89633534	-1.3814	-2.8029	-0.4203
89633535	-1.3446	-2.9126	-0.1508
89633536	-1.3957	-2.8303	-0.0248
89633537	-1.4797	-3.1316	-0.2214
89633538	-1.8438	-2.5931	-0.9961
89633539	-1.1362	-2.8872	-0.9881
89633540	-1.0392	-2.2575	-0.1170
89633541	-1.3714	-3.1551	-0.7291
89633542	-1.6739	-3.2122	-1.5640
89633543	-1.2218	-3.2132	-0.0359
89633544	-1.2889	-3.1256	-0.1509
89633545	-1.1294	-2.4612	0.0355
89633546	-0.9724	-2.5105	-0.0358
89633547	-1.4025	-2.3142	-0.8155
89633548	-1.1251	-2.2688	-0.2121
89633549	-1.0919	-2.5291	-0.3774
89633550	-1.0819	-3.0568	-0.5631
89633551	-0.6633	-2.1603	-0.3000
89633552	-0.6642	-2.6274	-0.5356
89633553	-0.4145	-1.5024	0.9306
89633554	-0.4716	-1.9594	0.6396
89633555	-0.4364	-2.4217	0.6762
89633556	-0.7593	-2.5095	0.1059
89633557	-1.1518	-2.6911	-0.1269
89633558	-1.1704	-2.3224	0.4200
89633559	-1.3484	-2.7887	-0.1429
89633560	-0.7145	-1.9911	-0.1533
89633561	-1.2174	-2.6219	-0.2801
89633562	-1.3365	-2.4200	-0.6648
89633563	-1.3549	-2.1098	-0.6936
89633564	-0.5572	-1.7885	-0.0262
89633565	-0.5281	-1.3992	0.6298
89633566	-1.2783	-2.0074	-0.8931
89633567	-1.0994	-1.5052	-0.1055
89633568	-1.0178	-1.8463	-0.8661
89633569	-1.2508	-2.6956	-0.3685
89633570	-0.9321	-2.7744	-0.6624
89633571	-1.3440	-2.6344	-0.9715
89633572	-1.3473	-2.4346	-0.2661
89633573	-1.1845	-2.1081	-0.9244
89633574	-1.1720	-3.0581	-1.4361
89633575	-1.1222	-2.6164	-0.4697
89633576	-0.8782	-1.9802	0.3262
89633577	-1.0504	-2.0814	-0.2809
89633578	-0.8428	-2.1865	-0.4334
89633579	-0.6930	-2.0214	-0.3443
89633580	-0.8172	-1.8423	0.4806
89633581	-0.7092	-1.3527	-0.0801
89633582	-1.0195	-1.7876	-0.0621
89633583	-0.5739	-1.5927	1.0068
89633584	-0.9104	-2.4223	0.2955
89633585	-0.8766	-2.7361	0.1632
89633586	-0.8107	-1.5607	0.7699
89633587	-0.9067	-2.0550	0.6847
89633588	-1.0750	-2.0985	1.3456
89633589	-1.5058	-2.6611	0.7623
89633590	-1.3809	-2.3918	1.1496
89633591	-1.2378	-2.5198	1.0585
89633592	-1.2860	-2.6650	1.1324
89633593	-1.5385	-2.8684	0.8160
89633594	-1.3799	-2.8055	0.7943
89633595	-0.8621	-1.7368	0.6179
89633596	-0.5664	-1.3749	1.8227
89633597	-0.6405	-1.5913	1.7805
89633598	-0.7622	-1.4052	0.8186
89633599	-0.9255	-1.9357	0.1178
89633600	-1.0381	-2.0963	-0.8080
89633601	-0.9918	-1.6815	-0.1864
89633602	-1.0376	-1.9431	0.0708
89633603	-1.3286	-2.1547	0.4363
89633604	-1.0608	-2.0264	0.1039
89633605	-0.8918	-1.4323	0.8554
89633606	-0.9567	-1.6661	1.7424
89633607	-0.9099	-1.5452	2.0527
89633608	-0.6475	-0.8589	2.3794
89633609	-0.7847	-1.4373	2.2076
89633610	-0.6443	-1.4411	2.4863
89633611	-0.4706	-1.0492	2.5912
89633612	-0.8003	-1.7081	1.2525
89633613	-1.0414	-1.3806	1.3265
89633614	-1.1367	-1.6629	0.6688
89633615	-0.6752	-1.9440	1.2913
89633616	-0.8016	-2.3800	0.7908
89633617	-0.9390	-2.5810	0.3555
89633618	-0.6801	-1.8026	0.3374
89633619	-0.8934	-1.6908	-0.4249
89633620	-1.3397	-1.8193	-0.1795
89633621	-0.7808	-1.2284	0.4145
89633622	-0.6311	-0.8270	0.7547
89633623	-0.7201	-1.0573	0.4202
89633624	-0.8681	-0.0778	0.9583
89633625	-0.6311	0.4545	1.9506
89633626	-0.6705	0.0433	1.7626
89633627	-0.5404	0.6877	1.9944
89633628	-0.5663	0.3389	1.7597
89633629	-0.0531	0.3444	2.4643
89633630	-0.3608	-1.2443	1.7685
89633631	-0.4146	-1.2085	1.0631
89633632	-0.2577	-1.6835	1.2003
89633633	-0.1272	-1.4429	1.4474
89633634	-0.7048	-1.7905	1.5484
89633635	-0.8412	-2.1062	1.4409
89633636	-0.5441	-1.8255	1.8996
89633637	-0.5365	-1.9020	1.9656
89633638	-1.1594	-1.4565	1.9122
89633639	-0.5612	-1.4856	2.8826
89633640	-0.5550	-2.2184	2.5217
89633641	-1.0047	-2.6268	2.1810
89633642	-1.1535	-2.6437	2.5565
89633643	-0.8482	-2.6065	2.5993
89633644	-0.5117	-1.7240	2.9925
89633645	-0.8632	-2.0196	2.2288
89633646	-0.9616	-2.2705	2.6237
89633647	-0.7664	-2.2526	2.5010
89633648	-0.8282	-2.7494	2.0432
89633649	-0.8146	-1.9972	2.5403
89633650	-0.5984	-1.6190	2.8035
89633651	-0.5085	-1.7499	2.2797
89633652	-0.8204	-1.3137	1.9440
89633653	-0.6074	-1.5571	1.5722
89633654	-0.9474	-1.8258	1.3081
89633655	-1.1504	-1.8521	0.9866
89633656	-0.8634	-1.8082	0.7942
89633657	-0.2985	-1.3002	0.8609
89633658	-0.3462	-1.1664	0.5973
89633659	-0.3712	-0.9801	0.4369
89633660	-0.7791	-1.4505	0.6498
89633661	-0.4444	-0.8662	2.1776
89633662	-0.1865	-1.0196	1.7943
89633663	-0.5072	-0.9567	1.6263
89633664	-0.6745	-1.4146	0.7218
89633665	-1.0205	-1.4574	0.9112
89633666	-0.5118	-1.1409	1.4294
89633667	-0.3329	-1.3504	1.7024
89633668	-0.1314	-1.3311	1.5301
89633669	0.0777	-0.9426	1.7040
89633670	-0.3554	-1.5407	2.2918
89633671	-0.1697	-1.0596	2.7738
89633672	0.0094	-0.6506	2.8811
89633673	-0.3404	-0.7556	2.3969
89633674	0.3487	-0.4888	3.3622
89633675	0.3831	-0.6552	3.1016
89633676	0.2821	-1.0204	3.3894
89633677	0.4246	-0.7997	3.6649
89633678	-0.6886	-0.6822	1.9227
89633679	0.1529	-0.4510	3.2318
89633680	-0.0727	-0.9097	3.2582
89633681	0.0480	-1.0549	3.2898
89633682	-0.0161	-0.4623	3.1663
89633683	0.2471	-0.3851	3.6672
89633684	-0.0061	-0.3907	3.7553
89633685	-0.0519	-0.5322	3.5802
89633686	0.1073	-0.1974	3.6924
89633687	0.0510	0.0542	4.2536
89633688	0.2316	0.1511	4.8959
89633689	-0.1242	-1.3806	4.3447
89633690	0.1185	-0.1843	4.9807
89633691	-0.2713	-0.2188	4.2882
89633692	-0.1790	0.4877	4.3707
89633693	-0.3993	0.3872	4.5056
89633694	-0.4161	-0.2851	4.2424
89633695	-0.3015	-0.7658	3.6733
89633696	-0.0514	-0.0544	4.2665
89633697	0.0616	0.2022	4.7687
89633698	0.2783	0.1824	4.5963
89633699	-0.0561	-0.3066	3.5363
89633700	-0.0872	-0.2390	4.1933
89633701	0.7778	0.4232	5.0374
89633702	0.6979	-0.6127	4.7538
89633703	0.2789	-0.0044	3.7138
89633704	0.2983	-0.0454	4.1113
89633705	0.3397	-0.6411	3.8513
89633706	-0.0056	-0.8301	3.4973
89633707	-0.3047	-1.1169	3.1851
89633708	-0.2497	-1.0116	3.4890
89633709	-0.5520	-1.8628	2.3927
89633710	-0.6879	-1.5759	2.4499
89633711	-0.6253	-1.9244	2.9454
89633712	-0.7140	-2.2808	2.7988
89633713	-1.4498	-2.1401	2.1902
89633714	-1.6642	-2.4425	1.8840
89633715	-1.4444	-2.1869	2.5667
89633716	-1.1517	-2.0596	2.9507
89633717	-0.9585	-2.0817	2.5805
89633718	-0.9661	-2.1046	2.7038
89633719	-1.3494	-1.6907	2.4519
89633720	-1.8626	-2.8708	1.7139
89633721	-1.1946	-2.5615	2.4194
89633722	-1.3580	-2.5197	2.2444
89633723	-1.4520	-2.5961	2.0917
89633724	-1.4489	-2.9792	2.0930
89633725	-1.6792	-3.6495	1.6553
89633726	-1.6320	-3.5425	1.6259
89633727	-1.1493	-3.5579	2.4745
89633728	-1.4382	-3.3632	2.0630
89633729	-1.2265	-2.8988	2.1964
89633730	-1.0819	-2.8987	3.1029
89633731	-0.6688	-1.8658	3.9415
89633732	-1.0254	-2.2001	3.3195
89633733	-0.8604	-2.1800	3.3802
89633734	-1.2942	-2.2954	2.9739
89633735	-0.3666	-1.2961	4.1100
89633736	-0.6669	-1.9688	3.4836
89633737	-0.8093	-1.5874	2.9027
89633738	-1.2481	-2.1719	1.3168
89633739	-1.1711	-2.5810	1.5898
89633740	-1.0201	-3.1279	1.4875
89633741	-1.1339	-3.0622	1.4977
89633742	-0.8964	-2.5050	1.6690
89633743	-1.3331	-3.0690	1.1943
89633744	-1.0089	-1.6962	1.7825
89633745	-0.9003	-2.9982	1.4965
89633746	-0.6748	-2.2528	2.0725
89633747	-0.5567	-2.6004	2.7983
89633748	-1.5245	-2.8291	1.9847
89633749	-1.2781	-2.5523	1.9621
89633750	-1.5350	-2.1779	2.0689
89633751	-0.8718	-2.9022	2.2277
89633752	-1.4199	-2.8400	1.8148
89633753	-1.9365	-3.0145	0.6806
89633754	-1.9162	-2.5705	0.8419
89633755	-2.0639	-2.5172	1.0657
89633756	-1.6566	-1.9310	1.2681
89633757	-1.5960	-1.8457	1.7670
89633758	-1.6627	-2.3875	1.5905
89633759	-1.7099	-2.0070	1.8318
89633760	-1.3575	-1.0281	2.3677
89633761	-1.0806	-0.9864	1.9490
89633762	-1.0327	-1.1394	1.7921
89633763	-0.5835	-1.6894	1.8878
89633764	-0.2975	-0.7840	2.2777
89633765	0.0759	-0.7961	2.4562
89633766	0.1961	-0.2924	1.9021
89633767	1.0449	-0.0037	2.6920
89633768	1.0411	0.1870	2.1407
89633769	2.0838	1.2063	2.9041
89633770	1.9776	1.3042	2.0965
89633771	1.7899	1.3080	0.9889
89633772	2.5175	1.5623	1.1747
89633773	2.6629	1.7698	0.8644
89633774	3.4160	2.6838	1.2014
89633775	3.5154	2.7865	0.9587
89633776	4.2464	3.7884	0.8595
89633777	4.4985	3.6575	0.9079
89633778	4.8011	4.7352	0.8549
89633779	5.1796	5.6694	0.0850
89633780	5.6054	5.0277	-0.0854
89633781	6.0685	5.9680	0.5005
89633782	5.9989	5.8183	0.0871
89633783	6.6297	6.8197	0.2009
89633784	6.1648	6.6652	-0.5727
89633785	6.0956	5.9074	-1.0663
89633786	5.9992	4.9866	-0.6060
89633787	4.9391	4.1608	-0.6530
89633788	3.9577	3.3526	-0.6968
89633789	3.1414	2.4927	-0.6283
89633790	1.5259	0.4162	-0.4569
89633791	-0.6232	-1.4310	-0.9203
89633792	-1.9200	-2.6767	-0.7291
89633793	-4.1299	-5.0208	-0.2741
89633794	-6.7077	-6.4487	0.2439
89633795	-9.5061	-9.4979	0.2050
89633796	-12.9117	-11.6886	0.7508
89633797	-15.6072	-14.0311	0.5496
89633798	-18.1558	-16.2870	0.2430
89633799	-19.1234	-17.2402	0.2422
89633800	-19.1408	-17.7546	0.7425
89633801	-18.5026	-17.1439	0.7558
89633802	-15.6027	-14.1703	1.2602
89633803	-10.9829	-9.8657	1.3986
89633804	-5.6740	-4.4215	1.5494
89633805	-0.2314	0.8327	1.0862
89633806	6.2167	7.3268	1.1819
89633807	13.1400	12.9603	-0.0673
89633808	18.4765	17.7843	-0.7695
89633809	21.6150	20.4959	-2.0065
89633810	20.0930	19.6877	-3.8829
89633811	16.2648	16.1192	-5.9926
89633812	10.7340	10.1481	-7.5392
89633813	4.5248	3.0143	-8.4830
89633814	-1.6724	-4.2253	-8.6245
89633815	-7.1863	-10.8232	-8.3578
89633816	-10.0320	-14.6331	-6.4714
89633817	-10.2391	-15.7642	-3.4573
89633818	-6.6996	-13.7728	-0.0251
89633819	-2.1540	-10.7175	2.9077
89633820	0.7928	-7.6743	5.8171
89633821	1.0536	-5.9297	7.1197
89633822	0.3520	-3.7192	9.1772
89633823	-0.3191	-1.4181	9.6703
89633824	-1.6152	1.0820	8.7337
89633825	-2.2640	3.5708	7.2156
89633826	-2.9573	3.8581	5.1130
89633827	-2.8177	4.5409	3.9359
89633828	-3.8025	2.6084	1.7237
89633829	-3.4799	2.6709	1.0797
89633830	-3.0747	1.4908	-0.3201
89633831	-1.4814	1.4531	-0.8226
89633832	0.2351	0.6961	-0.6429
89633833	0.7810	-1.0575	-0.2978
89633834	0.7877	-1.9810	-0.0425
89633835	0.2371	-3.7571	-0.9838
89633836	-0.3358	-4.6613	-0.5714
89633837	0.3709	-3.0556	1.0415
89633838	0.6916	-2.8812	1.5709
89633839	0.3535	-3.6242	1.7807
89633840	-0.0036	-3.7422	2.7604
89633841	0.7701	-3.1260	4.1068
89633842	1.4364	-1.7486	4.8114
89633843	1.3750	-1.5243	4.4275
89633844	1.0742	-0.5484	4.6620
89633845	0.3753	-1.2536	4.6387
89633846	0.5650	-1.3795	5.7585
89633847	0.2138	-0.7142	5.1395
89633848	0.2937	-0.3401	5.0121
89633849	-0.3179	-0.3491	3.1926
89633850	-0.7512	0.0348	2.4781
89633851	-0.5004	-0.5048	3.1512
89633852	-0.6561	-0.6138	2.6334
89633853	-0.9856	-0.9702	1.7314
89633854	-0.9228	-0.7940	2.0299
89633855	-1.1432	-0.5776	1.9502
89633856	-0.5759	-0.4593	2.3578
89633857	-0.3975	-0.6264	2.0512
89633858	-0.4652	-0.0538	2.8426
89633859	-0.9778	-0.7599	1.8816
89633860	-1.1007	-1.7175	0.8787
89633861	-0.0942	-1.0445	1.4729
89633862	0.7538	-0.4806	1.9260
89633863	1.2780	-1.0698	2.2380
89633864	0.5518	-1.6422	1.4692
89633865	0.6865	-0.8962	2.3813
89633866	0.5601	-1.2323	2.0266
89633867	0.3642	-1.0211	2.8780
89633868	0.1280	-0.4914	3.0428
89633869	-0.7439	-1.3280	2.0089
89633870	-0.6368	-1.6748	2.1865
89633871	-0.6689	-1.5773	2.1027
89633872	-0.2567	-1.6389	2.4183
89633873	-0.1815	-1.4784	1.9352
89633874	-0.3920	-2.4671	1.4827
89633875	-0.5405	-1.9472	1.9257
89633876	-0.4888	-1.7470	1.6880
89633877	-0.5476	-1.3444	1.6647
89633878	0.2146	-1.1740	3.3516
89633879	-0.0449	-1.4182	2.7411
89633880	-0.1577	-1.8978	1.9657
89633881	0.1395	-1.4010	2.2337
89633882	0.2254	-1.6020	1.9051
89633883	0.7310	-1.2349	2.1011
89633884	0.0772	-1.3025	1.7342
89633885	-0.7039	-1.9892	1.2665
89633886	0.0089	-0.8090	1.9818
89633887	0.2588	-1.1952	1.9502
89633888	0.6299	-1.1148	1.2921
89633889	0.2396	-1.0886	1.3201
89633890	-0.0360	-1.3607	0.9675
89633891	-0.0739	-2.2766	0.9147
89633892	-0.7163	-2.5925	0.2382
89633893	-0.7891	-2.9120	0.7997
89633894	0.0376	-2.2414	2.2486
89633895	0.3556	-2.9011	2.2802
89633896	0.1189	-2.8562	2.2683
89633897	-0.3884	-1.6874	2.1122
89633898	-0.0577	-1.8926	2.8079
89633899	0.5446	-1.2036	3.4616
89633900	0.9668	-0.7904	3.8773
89633901	0.5363	-0.0480	2.6938
89633902	-0.0690	0.3086	2.1733
89633903	0.4065	-0.0783	2.4775
89633904	1.0320	-0.0842	2.4497
89633905	1.0122	0.4964	2.7355
89633906	0.6473	0.2316	2.2652
89633907	0.5517	-0.2329	1.9899
89633908	0.3843	-1.1051	1.4868
89633909	0.6465	-0.7651	2.1523
89633910	0.0507	-2.1994	1.6343
89633911	-0.1055	-2.2995	1.3855
89633912	0.1450	-2.3172	1.3001
89633913	-0.3125	-2.0726	0.5154
89633914	0.0228	-1.3791	0.8743
89633915	0.5445	-0.6945	0.9036
89633916	0.1824	-0.8920	0.1531
89633917	0.5269	0.5157	0.9869
89633918	0.8050	0.2251	1.1763
89633919	1.0459	0.0557	1.7958
89633920	0.2624	0.6204	1.4464
89633921	-0.2882	-0.1489	0.5559
89633922	-0.1224	0.8153	0.6815
89633923	0.2402	0.4968	1.3327
89633924	0.2234	-1.1102	1.3364
89633925	0.5104	-1.5687	1.8013
89633926	-0.2093	-1.7191	1.4130
89633927	-0.4798	-2.0862	0.6508
89633928	-0.3400	-1.9496	0.2420
89633929	-0.2439	-3.4224	0.3801
89633930	0.1912	-2.8012	1.0177
89633931	-0.1502	-2.6243	0.4521
89633932	0.0944	-1.2894	1.4261
89633933	0.3356	-0.9087	1.5456
89633934	0.5875	-1.3792	1.7164
89633935	0.7107	-0.8422	2.0475
89633936	0.1048	-1.3403	1.2201
89633937	0.3305	-0.7550	2.3861
89633938	0.0281	-1.6828	1.7420
89633939	-0.0467	-1.2669	1.6304
89633940	-0.0512	-1.4279	2.4023
89633941	-0.5491	-0.6149	1.9988
89633942	0.0385	-1.1598	1.5369
89633943	-0.2960	-0.6358	0.9279
89633944	-0.1868	-0.4961	0.6067
89633945	-0.1341	-0.9199	0.0178
89633946	-0.0783	-1.4785	-0.0964
89633947	0.0111	-1.6812	-0.2324
89633948	0.4728	-0.7728	0.8399
89633949	0.6492	-1.3040	0.7288
89633950	0.2680	-1.9811	0.0236
89633951	0.4156	-1.6471	-0.0182
89633952	0.4697	-1.5734	0.6286
89633953	0.2581	-1.9217	1.2058
89633954	-0.1343	-2.0160	1.2872
89633955	-0.8567	-2.4576	0.1982
89633956	-0.7208	-2.5917	0.6927
89633957	-0.2299	-1.7563	0.8711
89633958	-0.3076	-1.5148	0.3620
89633959	0.1347	-1.3737	1.1001
89633960	0.1674	-2.3674	1.8707
89633961	0.0966	-2.1305	1.6765
89633962	0.5528	-1.1332	1.8343
89633963	0.0119	-1.2954	1.3980
89633964	-0.5805	-2.6719	-0.1467
89633965	-0.5670	-2.6015	0.7018
89633966	-0.2326	-2.4884	0.1601
89633967	-0.1234	-2.5049	0.4461
89633968	0.1883	-2.0748	0.5894
89633969	0.2649	-1.5360	0.7089
89633970	0.5401	-1.0395	1.4058
89633971	0.6371	-0.5683	1.8120
89633972	1.1007	0.2654	2.3169
89633973	0.6838	-0.2274	2.0275
89633974	0.0470	-1.2582	1.2835
89633975	0.1984	0.1034	1.9208
89633976	0.2778	-0.0787	1.6587
89633977	0.6753	0.7852	2.4926
89633978	-0.0223	-0.1477	0.9685
89633979	0.5456	0.1975	1.9855
89633980	0.0574	-1.1521	1.5842
89633981	-0.1405	-1.0083	1.8216
89633982	-0.1878	-0.1482	2.0485
89633983	-0.1347	-0.8759	2.1903
89633984	-0.5914	-1.7709	1.4376
89633985	-0.6312	-1.2276	1.6994
89633986	-0.8680	-2.1430	1.2049
89633987	-0.3933	-1.1537	1.9331
89633988	-0.7949	-1.9590	0.8505
89633989	-0.5461	-2.4072	1.2317
89633990	-0.6368	-2.1294	1.0430
89633991	-0.6012	-1.6049	1.1003
89633992	-1.5481	-2.1149	-0.3110
89633993	-0.8939	-1.9682	0.7440
89633994	-0.8940	-1.6096	0.5580
89633995	-0.9126	-1.8979	1.4978
89633996	-0.3202	-0.9233	1.6560
89633997	-0.3440	-0.7298	1.1292
89633998	-0.6945	0.4995	0.6918
89633999	-0.1779	-0.6427	0.6001
89634000	0.2345	-0.4489	1.4220
89634001	-0.6208	-1.5449	-0.0590
89634002	-0.3788	-1.3829	0.6075
89634003	-0.4457	0.2858	1.1970
89634004	-0.5819	-1.3506	0.3162
89634005	-0.8378	-1.5327	0.8692
89634006	-0.3790	-1.1935	1.6760
89634007	-0.8986	-1.4347	0.2187
89634008	-0.5394	-1.4872	0.7474
89634009	-0.5156	-1.7579	0.5371
89634010	-0.6568	-1.8885	1.2059
89634011	-0.3366	-1.6238	0.9492
89634012	0.5191	-0.1081	2.0153
89634013	0.1158	-0.5506	1.1705
89634014	0.3040	-0.5663	0.8730
89634015	0.0909	0.1379	1.2121
89634016	-0.1925	-0.4917	0.4591
89634017	-0.0035	-1.2616	0.5383
89634018	-0.6260	-1.5671	-0.3162
89634019	-0.4071	-1.2303	0.2123
89634020	-0.0008	-0.6064	0.6078
89634021	-0.3799	-1.3381	0.4099
89634022	0.1392	-1.6836	1.0058
89634023	-0.6246	-2.1977	0.5823
89634024	-0.5915	-2.0317	0.5529
89634025	-0.8870	-2.0496	-0.0854
89634026	-0.3839	-1.7168	0.9833
89634027	-0.0634	-2.0445	0.3727
89634028	-0.7715	-2.1990	-0.1316
89634029	-0.8115	-2.2702	0.1007
89634030	-1.1781	-2.1645	-0.3596
89634031	-1.0532	-1.6392	-0.0521
89634032	-1.4193	-1.7502	-0.2193
89634033	-1.1518	-2.1051	-0.6168
89634034	-0.6346	-1.6166	0.0794
89634035	-0.5501	-1.5165	-0.2876
89634036	-0.8910	-2.3605	-0.4578
89634037	-0.6265	-2.2431	0.8873
89634038	-0.9322	-2.1208	1.0966
89634039	-0.9022	-2.5506	1.2373
89634040	-1.2439	-2.8107	0.8623
89634041	-1.0188	-2.6448	0.7076
89634042	-0.8597	-3.4078	0.5949
89634043	-0.6909	-3.7330	0.8426
89634044	-0.8228	-4.1964	-0.4236
89634045	-0.9729	-3.9135	-0.6061
89634046	-1.4686	-3.5658	-0.6787
89634047	-0.8523	-3.9436	-0.2565
89634048	-1.1331	-4.0282	-0.4835
89634049	-1.0133	-3.9924	-0.7472
89634050	-1.3444	-3.2202	-0.8368
89634051	-1.3085	-4.1880	-1.3004
89634052	-1.5212	-3.6106	-1.4723
89634053	-1.5225	-4.1477	-0.7872
89634054	-1.1104	-3.9190	-0.9541
89634055	-0.7586	-3.5073	-0.2706
89634056	-0.7883	-3.5462	-1.0098
89634057	-0.4101	-2.3798	-0.4033
89634058	-1.1426	-3.2096	-0.8181
89634059	-0.8023	-3.8710	-0.8488
89634060	-0.8263	-3.4490	-0.1825
89634061	-1.7591	-3.6880	-1.6529
89634062	-1.7746	-3.6351	-1.7064
89634063	-0.7442	-2.6391	-0.9375
89634064	-0.4757	-2.6866	-0.5266
89634065	-0.7346	-3.0376	-0.7682
89634066	-0.8472	-2.2927	-0.8055
89634067	-0.6635	-1.4168	0.3318
89634068	-0.8258	-1.7149	-0.2212
89634069	-1.1044	-2.1617	-0.2057
89634070	-0.6087	-1.6139	0.3968
89634071	-0.7163	-1.3182	0.3698
89634072	-1.1456	-1.3496	-0.6118
89634073	-0.6167	-1.3493	0.0380
89634074	-1.0480	-1.8447	-0.0583
89634075	-0.6679	-0.9053	0.3714
89634076	-0.6861	-0.6361	0.2325
89634077	-0.9996	-1.3610	-0.5667
89634078	-0.4668	-0.1155	0.3493
89634079	-0.9517	-0.9945	-0.6320
89634080	-0.6572	-1.6434	-0.7136
89634081	-0.3688	-0.3018	0.1029
89634082	-0.7105	-1.1439	-0.2335
89634083	-1.6783	-2.1775	-0.9194
89634084	-0.7759	-0.7961	0.0055
89634085	-0.8699	-1.1567	-0.3542
89634086	-1.2916	-1.2465	-0.3583
89634087	-1.2991	-1.1047	-0.8164
89634088	-1.5122	-1.2039	-1.4082
89634089	-1.4026	-1.1359	-1.1849
89634090	-0.8201	-1.0458	-0.3801
89634091	-1.1646	-1.9803	0.2171
89634092	-1.0705	-1.3793	0.4998
89634093	-0.8692	-0.9045	0.8133
89634094	-1.7208	-1.5737	0.0110
89634095	-1.2217	-0.9939	0.9618
89634096	-0.9965	-1.1158	1.1271
89634097	-1.2302	-0.6536	0.5625
89634098	-1.2378	-1.0600	0.8533
89634099	-0.9911	-1.0396	1.2083
89634100	-1.3059	-1.2105	0.5276
89634101	-2.0788	-1.3189	-0.5143
89634102	-2.3336	-1.6692	-0.9959
89634103	-1.6356	-1.0736	-0.2101
89634104	-2.2952	-1.5394	-1.2257
89634105	-1.6508	-0.4858	-0.0230
89634106	-1.7479	-1.6967	-0.3255
89634107	-2.4655	-2.7345	-1.4641
89634108	-1.9770	-1.8952	-0.8182
89634109	-1.9438	-1.6158	-1.3644
89634110	-2.3003	-2.9187	-1.5064
89634111	0.0000	-2.9377	0.0000
89634112	0.0000	-2.0081	0.0000
89634113	0.0000	-1.5587	0.0000
89634114	0.0000	-1.8837	0.0000
89634115	0.0000	-1.9504	0.0000
89634116	0.0000	-2.7056	0.0000
89634117	0.0000	-2.6896	0.0000
89634118	0.0000	-2.1664	0.0000
89634119	0.0000	-2.0845	0.0000
89634120	0.0000	-2.4455	0.0000
89634121	0.0000	-2.2318	0.0000
89634122	0.0000	-1.9136	0.0000
89634123	0.0000	-2.0538	0.0000
89634124	0.0000	-1.8636	0.0000
89634125	0.0000	-1.6398	0.0000
89634126	0.0000	-1.1677	0.0000
89634127	0.0000	-0.8443	0.0000
89634128	0.0000	0.1521	0.0000
89634129	0.0000	-0.2253	0.0000
89634130	0.0000	0.4090	0.0000
89634131	0.0000	-1.3765	0.0000
89634132	0.0000	-1.0207	0.0000
89634133	0.0000	-1.1461	0.0000
89634134	0.0000	-0.7747	0.0000
89634135	0.0000	-1.9967	0.0000
89634136	0.0000	-1.8042	0.0000
89634137	0.0000	-1.8276	0.0000
89634138	0.0000	-1.4678	0.0000
89634139	0.0000	-1.5647	0.0000
89634140	0.0000	-1.6895	0.0000
89634141	0.0000	-2.0047	0.0000
89634142	0.0000	-2.6821	0.0000
89634143	0.0000	-2.1848	0.0000
89634144	0.0000	-1.8410	0.0000
89634145	0.0000	-2.1673	0.0000
89634146	0.0000	-2.9207	0.0000
89634147	0.0000	-2.4089	0.0000
89634148	0.0000	-2.7261	0.0000
89634149	0.0000	-2.5298	0.0000
89634150	0.0000	-3.3951	0.0000
89634151	0.0000	-3.3711	0.0000
89634152	0.0000	-3.3582	0.0000
89634153	0.0000	-2.7379	0.0000
89634154	0.0000	-3.1614	0.0000
89634155	0.0000	-2.5461	0.0000
89634156	0.0000	-1.2982	0.0000
89634157	0.0000	-1.2755	0.0000
89634158	0.0000	-1.0928	0.0000
89634159	0.0000	-1.1195	0.0000
89634160	0.0000	-1.8244	0.0000
89634161	0.0000	-2.4756	0.0000
89634162	0.0000	-1.7584	0.0000
89634163	0.0000	-1.7347	0.0000
89634164	0.0000	-2.1649	0.0000
89634165	0.0000	-2.5839	0.0000
89634166	0.0000	-3.0734	0.0000
89634167	0.0000	-2.4311	0.0000
89634168	0.0000	-3.0302	0.0000
89634169	0.0000	-3.3087	0.0000
89634170	0.0000	-3.1628	0.0000
89634171	0.0000	-3.2032	0.0000
89634172	0.0000	-2.5586	0.0000
89634173	0.0000	-2.7607	0.0000
89634174	0.0000	-2.8640	0.0000
89634175	0.0000	-2.6211	0.0000
89634176	0.0000	-1.9492	0.0000
89634177	0.0000	-3.2185	0.0000
89634178	0.0000	-3.7377	0.0000
89634179	0.0000	-2.3754	0.0000
89634180	0.0000	-3.3556	0.0000
89634181	0.0000	-2.6582	0.0000
89634182	0.0000	-2.9256	0.0000
89634183	0.0000	-1.8865	0.0000
89634184	0.0000	-3.1111	0.0000
89634185	0.0000	-2.0303	0.0000
89634186	0.0000	-1.3517	0.0000
89634187	0.0000	-1.8000	0.0000
89634188	0.0000	-1.9086	0.0000
89634189	0.0000	-1.4961	0.0000
89634190	0.0000	-1.0863	0.0000
89634191	0.0000	-1.6599	0.0000
89634192	0.0000	-2.0332	0.0000
89634193	0.0000	-1.7235	0.0000
89634194	0.0000	-1.9177	0.0000
89634195	0.0000	-1.9838	0.0000
89634196	0.0000	-1.4290	0.0000
89634197	0.0000	-0.4441	0.0000
89634198	0.0000	-1.7631	0.0000
89634199	0.0000	-1.3137	0.0000
89634200	0.0000	-2.5660	0.0000
89634201	0.0000	-1.7442	0.0000
89634202	0.0000	-2.0711	0.0000
89634203	0.0000	-0.3795	0.0000
89634204	0.0000	-1.2160	0.0000
89634205	0.0000	-1.8620	0.0000
89634206	0.0000	-2.4803	0.0000
89634207	0.0000	-2.8799	0.0000
89634208	0.0000	-2.5715	0.0000
89634209	0.0000	-2.8796	0.0000
89634210	0.0000	-2.2974	0.0000
89634211	0.0000	-2.8397	0.0000
89634212	0.0000	-2.9676	0.0000
89634213	0.0000	-2.2852	0.0000
89634214	0.0000	-2.6739	0.0000
89634215	0.0000	-1.8402	0.0000
89634216	0.0000	-2.5223	0.0000
89634217	0.0000	-3.0228	0.0000
89634218	0.0000	-3.0103	0.0000
89634219	0.0000	-2.8388	0.0000
89634220	0.0000	-2.3072	0.0000
89634221	0.0000	-2.3928	0.0000
89634222	0.0000	-1.8850	0.0000
89634223	0.0000	-0.9050	0.0000
89634224	0.0000	-1.0991	0.0000
89634225	0.0000	-1.1275	0.0000
89634226	0.0000	-0.2484	0.0000
89634227	0.0000	0.1819	0.0000
89634228	0.0000	-0.1077	0.0000
89634229	0.0000	-0.3877	0.0000
89634230	0.0000	-0.8468	0.0000
89634231	0.0000	-0.8333	0.0000
89634232	0.0000	-1.3627	0.0000
89634233	0.0000	-1.9111	0.0000
89634234	0.0000	-0.4748	0.0000
89634235	0.0000	-0.5723	0.0000
89634236	0.0000	-0.9576	0.0000
89634237	0.0000	-0.5301	0.0000
89634238	0.0000	-0.2161	0.0000
89634239	0.0000	0.1013	0.0000
89634240	0.0000	1.4242	0.0000
89634241	0.0000	0.8778	0.0000
89634242	0.0000	0.4561	0.0000
89634243	0.0000	0.2405	0.0000
89634244	0.0000	-0.2478	0.0000
89634245	0.0000	0.2807	0.0000
89634246	0.0000	-0.1055	0.0000
89634247	0.0000	-0.8540	0.0000
89634248	0.0000	-1.1755	0.0000
89634249	0.0000	-1.2369	0.0000
89634250	0.0000	-0.7440	0.0000
89634251	0.0000	-0.4682	0.0000
89634252	0.0000	-0.3729	0.0000
89634253	0.0000	-0.5706	0.0000
89634254	0.0000	-1.4490	0.0000
89634255	0.0000	-1.6114	0.0000
89634256	0.0000	-2.0001	0.0000
89634257	0.0000	-1.8872	0.0000
89634258	0.0000	-2.4237	0.0000
89634259	0.0000	-3.4358	0.0000
89634260	0.0000	-1.6508	0.0000
89634261	0.0000	-2.2447	0.0000
89634262	0.0000	-2.1851	0.0000
89634263	0.0000	-2.5942	0.0000
89634264	0.0000	-2.6201	0.0000
89634265	0.0000	-3.2994	0.0000
89634266	0.0000	-2.3099	0.0000
89634267	0.0000	-2.1342	0.0000
89634268	0.0000	-1.6088	0.0000
89634269	0.0000	-1.5886	0.0000
89634270	0.0000	-0.8953	0.0000
89634271	0.0000	-0.1862	0.0000
89634272	0.0000	0.4479	0.0000
89634273	0.0000	-0.1545	0.0000
89634274	0.0000	0.3620	0.0000
89634275	0.0000	0.1099	0.0000
89634276	0.0000	-0.0838	0.0000
89634277	0.0000	-0.4635	0.0000
89634278	0.0000	0.2233	0.0000
89634279	0.0000	-0.0624	0.0000
89634280	0.0000	-0.4231	0.0000
89634281	0.0000	-0.2764	0.0000
89634282	0.0000	-0.9389	0.0000
89634283	0.0000	-0.9952	0.0000
89634284	0.0000	-1.3788	0.0000
89634285	0.0000	-0.7637	0.0000
89634286	0.0000	-0.2624	0.0000
89634287	0.0000	-0.9441	0.0000
89634288	0.0000	-1.1851	0.0000
89634289	0.0000	-0.1193	0.0000
89634290	0.0000	-0.5433	0.0000
89634291	0.0000	-0.3724	0.0000
89634292	0.0000	-0.6209	0.0000
89634293	0.0000	-1.2068	0.0000
89634294	0.0000	-2.3890	0.0000
89634295	0.0000	-1.0477	0.0000
89634296	0.0000	-1.5777	0.0000
89634297	0.0000	-2.1894	0.0000
89634298	0.0000	-1.0727	0.0000
89634299	0.0000	-0.6414	0.0000
89634300	0.0000	-1.2321	0.0000
89634301	0.0000	-0.6623	0.0000
89634302	0.0000	-0.6272	0.0000
89634303	0.0000	-0.4043	0.0000
89634304	0.0000	-0.4960	0.0000
89634305	0.0000	-0.8779	0.0000
89634306	0.0000	-1.3564	0.0000
89634307	0.0000	-1.7519	0.0000
89634308	0.0000	-1.6139	0.0000
89634309	0.0000	-1.7978	0.0000
89634310	0.0000	-1.6303	0.0000
89634311	0.0000	-1.4180	0.0000
89634312	0.0000	-1.2635	0.0000
89634313	0.0000	-1.2315	0.0000
89634314	0.0000	-1.5628	0.0000
89634315	0.0000	-1.3141	0.0000
89634316	0.0000	-1.6529	0.0000
89634317	0.0000	-1.9534	0.0000
89634318	0.0000	-1.8170	0.0000
89634319	0.0000	-1.6385	0.0000
89634320	0.0000	-1.9167	0.0000
89634321	0.0000	-1.7327	0.0000
89634322	0.0000	-2.4207	0.0000
89634323	0.0000	-2.2669	0.0000
89634324	0.0000	-2.1431	0.0000
89634325	0.0000	-0.1256	0.0000
89634326	0.0000	-0.0433	0.0000
89634327	0.0000	-1.0153	0.0000
89634328	0.0000	-0.6170	0.0000
89634329	0.0000	-0.9241	0.0000
89634330	0.0000	-1.5228	0.0000
89634331	0.0000	-1.5232	0.0000
89634332	0.0000	-0.8174	0.0000
89634333	0.0000	-0.4641	0.0000
89634334	0.0000	-1.0250	0.0000
89634335	0.0000	-0.9796	0.0000
89634336	0.0000	0.2368	0.0000
89634337	0.0000	-1.2850	0.0000
89634338	0.0000	-1.0907	0.0000
89634339	0.0000	-1.1634	0.0000
89634340	0.0000	-0.3024	0.0000
89634341	0.0000	-1.0048	0.0000
89634342	0.0000	-0.4941	0.0000
89634343	0.0000	-0.7173	0.0000
89634344	0.0000	-1.1302	0.0000
89634345	0.0000	-0.5706	0.0000
89634346	0.0000	-1.0640	0.0000
89634347	0.0000	-0.4807	0.0000
89634348	0.0000	-0.0388	0.0000
89634349	0.0000	-0.2649	0.0000
89634350	0.0000	-0.1376	0.0000
89634351	0.0000	-1.3965	0.0000
89634352	0.0000	-1.3167	0.0000
89634353	0.0000	-0.7852	0.0000
89634354	0.0000	-2.0471	0.0000
89634355	0.0000	-0.6119	0.0000
89634356	0.0000	-0.4358	0.0000
89634357	0.0000	-0.3768	0.0000
89634358	0.0000	-0.0342	0.0000
89634359	0.0000	0.3755	0.0000
89634360	0.0000	-0.0846	0.0000
89634361	0.0000	0.3172	0.0000
89634362	0.0000	-0.1006	0.0000
89634363	0.0000	0.2756	0.0000
89634364	0.0000	0.2432	0.0000
89634365	0.0000	-0.1489	0.0000
89634366	0.0000	-0.1166	0.0000
89634367	0.0000	-1.0536	0.0000
89634368	0.0000	-2.4381	0.0000
89634369	0.0000	-1.9595	0.0000
89634370	0.0000	-2.2092	0.0000
89634371	0.0000	-4.0775	0.0000
89634372	0.0000	-2.7673	0.0000
89634373	0.0000	-2.0067	0.0000
89634374	0.0000	-1.2375	0.0000
89634375	0.0000	-2.2373	0.0000
89634376	0.0000	-1.2279	0.0000
89634377	0.0000	-0.5508	0.0000
89634378	0.0000	-1.4626	0.0000
89634379	0.0000	-1.3149	0.0000
89634380	0.0000	-0.7068	0.0000
89634381	0.0000	-0.2923	0.0000
89634382	0.0000	0.2461	0.0000
89634383	0.0000	0.5494	0.0000
89634384	0.0000	-1.4879	0.0000
89634385	0.0000	-1.7637	0.0000
89634386	0.0000	-0.8107	0.0000
89634387	0.0000	-1.1176	0.0000
89634388	0.0000	-0.2704	0.0000
89634389	0.0000	0.4969	0.0000
89634390	0.0000	0.0782	0.0000
89634391	0.0000	-0.1247	0.0000
89634392	0.0000	0.0761	0.0000
89634393	0.0000	-0.4028	0.0000
89634394	0.0000	-1.0225	0.0000
89634395	0.0000	-0.1985	0.0000
89634396	0.0000	-0.3527	0.0000
89634397	0.0000	-0.1066	0.0000
89634398	0.0000	-0.1315	0.0000
89634399	0.0000	0.2153	0.0000
89634400	0.0000	-0.4598	0.0000
89634401	0.0000	-0.4675	0.0000
89634402	0.0000	-0.5850	0.0000
89634403	0.0000	-0.2314	0.0000
89634404	0.0000	-0.0989	0.0000
89634405	0.0000	-1.7244	0.0000
89634406	0.0000	-1.0899	0.0000
89634407	0.0000	-0.8243	0.0000
89634408	0.0000	-1.6584	0.0000
89634409	0.0000	-1.2960	0.0000
89634410	0.0000	-1.7873	0.0000
89634411	0.0000	-2.0555	0.0000
89634412	0.0000	-2.0356	0.0000
89634413	0.0000	-1.4464	0.0000
89634414	0.0000	-2.0652	0.0000
89634415	0.0000	0.2015	0.0000
89634416	0.0000	-1.2571	0.0000
89634417	0.0000	0.1038	0.0000
89634418	0.0000	1.7830	0.0000
89634419	0.0000	1.1273	0.0000
89634420	0.0000	2.1622	0.0000
89634421	0.0000	1.5538	0.0000
89634422	0.0000	2.2539	0.0000
89634423	0.0000	1.8168	0.0000
89634424	0.0000	2.3790	0.0000
89634425	0.0000	2.6478	0.0000
89634426	0.0000	1.8996	0.0000
89634427	0.0000	2.2846	0.0000
89634428	0.0000	0.8602	0.0000
89634429	0.0000	0.7851	0.0000
89634430	0.0000	1.9096	0.0000
89634431	0.0000	2.6676	0.0000
89634432	0.0000	2.9624	0.0000
89634433	0.0000	2.6912	0.0000
89634434	0.0000	1.9559	0.0000
89634435	0.0000	2.1210	0.0000
89634436	0.0000	2.1010	0.0000
89634437	0.0000	2.0746	0.0000
89634438	0.0000	1.2445	0.0000
89634439	0.0000	1.6564	0.0000
89634440	0.0000	2.6388	0.0000
89634441	0.0000	-1.8101	0.0000
89634442	0.0000	-1.9004	0.0000
89634443	0.0000	-2.0033	0.0000
89634444	0.0000	-0.8208	0.0000
89634445	0.0000	-1.1299	0.0000
89634446	0.0000	-1.3050	0.0000
89634447	0.0000	-1.4363	0.0000
89634448	0.0000	-1.9290	0.0000
89634449	0.0000	-1.8766	0.0000
89634450	0.0000	-2.0286	0.0000
89634451	0.0000	-2.1087	0.0000
89634452	0.0000	-2.5484	0.0000
89634453	0.0000	-2.6198	0.0000
89634454	0.0000	-2.1501	0.0000
89634455	0.0000	-0.5448	0.0000
89634456	0.0000	-1.0540	0.0000
89634457	0.0000	-1.5235	0.0000
89634458	0.0000	-1.7350	0.0000
89634459	0.0000	-2.6935	0.0000
89634460	0.0000	-2.2458	0.0000
89634461	0.0000	-1.9712	0.0000
89634462	0.0000	-2.2379	0.0000
89634463	0.0000	-2.3879	0.0000
89634464	0.0000	-0.7356	0.0000
89634465	0.0000	-1.2271	0.0000
89634466	0.0000	-1.0212	0.0000
89634467	0.0000	-1.0626	0.0000
89634468	0.0000	-1.3672	0.0000
89634469	0.0000	-2.0058	0.0000
89634470	0.0000	-1.6171	0.0000
89634471	0.0000	-1.5753	0.0000
89634472	0.0000	-1.2393	0.0000
89634473	0.0000	-1.3899	0.0000
89634474	0.0000	-1.5654	0.0000
89634475	0.0000	-0.6729	0.0000
89634476	0.0000	-0.6551	0.0000
89634477	0.0000	-0.7602	0.0000
89634478	0.0000	-0.4337	0.0000
89634479	0.0000	-0.7867	0.0000
89634480	0.0000	0.4622	0.0000
89634481	0.0000	0.3194	0.0000
89634482	0.0000	-0.2309	0.0000
89634483	0.0000	-0.3249	0.0000
89634484	0.0000	-0.1092	0.0000
89634485	0.0000	-0.2027	0.0000
89634486	0.0000	0.6253	0.0000
89634487	0.0000	0.3910	0.0000
89634488	0.0000	0.4956	0.0000
89634489	0.0000	0.7389	0.0000
89634490	0.0000	0.3384	0.0000
89634491	0.0000	0.6551	0.0000
89634492	0.0000	0.4942	0.0000
89634493	0.0000	-0.1482	0.0000
89634494	0.0000	0.3434	0.0000
89634495	0.0000	0.5353	0.0000
89634496	0.0000	-0.1976	0.0000
89634497	0.0000	0.3164	0.0000
89634498	0.0000	0.8323	0.0000
89634499	0.0000	-0.2782	0.0000
89634500	0.0000	-0.2647	0.0000
89634501	0.0000	0.3966	0.0000
89634502	0.0000	0.3578	0.0000
89634503	0.0000	1.1915	0.0000
89634504	0.0000	0.7148	0.0000
89634505	0.0000	0.2552	0.0000
89634506	0.0000	0.9207	0.0000
89634507	0.0000	0.2510	0.0000
89634508	0.0000	0.5701	0.0000
89634509	0.0000	-0.5259	0.0000
89634510	0.0000	-0.2867	0.0000
89634511	0.0000	0.2166	0.0000
89634512	0.0000	0.3542	0.0000
89634513	0.0000	0.8124	0.0000
89634514	0.0000	-0.1117	0.0000
89634515	0.0000	-0.7719	0.0000
89634516	0.0000	-0.3298	0.0000
89634517	0.0000	-1.2337	0.0000
89634518	0.0000	-0.3596	0.0000
89634519	0.0000	-1.3014	0.0000
89634520	0.0000	-1.3482	0.0000
89634521	0.0000	-0.8877	0.0000
89634522	0.0000	0.1057	0.0000
89634523	0.0000	-0.1264	0.0000
89634524	0.0000	-0.4634	0.0000
89634525	0.0000	-0.0380	0.0000
89634526	0.0000	-1.1312	0.0000
89634527	0.0000	-0.4316	0.0000
89634528	0.0000	-0.7807	0.0000
89634529	0.0000	-1.2185	0.0000
89634530	0.0000	-0.2870	0.0000
89634531	0.0000	-0.4952	0.0000
89634532	0.0000	-0.7828	0.0000
89634533	0.0000	-0.1177	0.0000
89634534	0.0000	-0.3760	0.0000
89634535	0.0000	0.0527	0.0000
89634536	0.0000	-0.6161	0.0000
89634537	0.0000	0.3788	0.0000
89634538	0.0000	-0.7049	0.0000
89634539	0.0000	-0.4974	0.0000
89634540	0.0000	-0.4221	0.0000
89634541	0.0000	-0.1810	0.0000
89634542	0.0000	0.7731	0.0000
89634543	0.0000	0.4001	0.0000
89634544	0.0000	0.3170	0.0000
89634545	0.0000	0.1256	0.0000
89634546	0.0000	0.3695	0.0000
89634547	0.0000	0.3394	0.0000
89634548	0.0000	-0.0067	0.0000
89634549	0.0000	1.0388	0.0000
89634550	0.0000	0.6928	0.0000
89634551	0.0000	1.1446	0.0000
89634552	0.0000	0.4619	0.0000
89634553	0.0000	0.3397	0.0000
89634554	0.0000	0.0797	0.0000
89634555	0.0000	-0.4407	0.0000
89634556	0.0000	0.2096	0.0000
89634557	0.0000	0.7121	0.0000
89634558	0.0000	0.4581	0.0000
89634559	0.0000	1.0533	0.0000
89634560	0.0000	0.7662	0.0000
89634561	0.0000	0.6874	0.0000
