89633311	0.7466	0.4601	-1.3591
89633312	0.6569	0.2578	-1.5475
89633313	0.8527	-0.0006	-2.1429
89633314	0.8528	-0.0893	-2.3833
89633315	0.6740	-0.3913	-2.1217
89633316	0.7062	-0.4678	-2.1869
89633317	0.5658	-0.3410	-2.1288
89633318	0.3970	-0.4509	-1.8817
89633319	0.5728	-0.1594	-1.8582
89633320	0.4463	-0.0030	-1.5335
89633321	0.2938	-0.2617	-1.0912
89633322	0.2163	-0.2175	-1.3873
89633323	0.3156	-0.0759	-1.5982
89633324	0.2297	-0.0160	-1.4393
89633325	0.3128	0.0448	-1.4830
89633326	0.2887	-0.2026	-1.9193
89633327	0.3851	-0.1726	-1.5361
89633328	0.5266	0.1055	-1.6839
89633329	0.5479	-0.1470	-1.8545
89633330	0.6444	0.0477	-1.9563
89633331	0.5615	-0.2090	-2.2713
89633332	0.5194	-0.0835	-2.1525
89633333	0.6163	0.1805	-2.1716
89633334	0.3978	0.2133	-1.4683
89633335	0.5091	0.2512	-1.5378
89633336	0.5864	0.0265	-1.9121
89633337	0.4533	0.1370	-1.5970
89633338	0.5719	0.1708	-1.5669
89633339	0.6135	0.0657	-1.4472
89633340	0.5927	0.2433	-1.0775
89633341	0.6730	0.3437	-1.2448
89633342	0.7641	0.3427	-0.9330
89633343	0.6826	0.1914	-0.5599
89633344	0.8219	0.4493	-0.8534
89633345	0.8091	0.4573	-0.9570
89633346	0.7636	0.3978	-1.0622
89633347	0.8762	0.7750	-0.9217
89633348	0.9324	0.9510	-1.2335
89633349	0.8883	1.1647	-1.4013
89633350	1.0155	0.8075	-1.6268
89633351	0.8532	0.5116	-1.1881
89633352	0.7849	0.2322	-1.6880
89633353	0.5623	0.2881	-1.3785
89633354	0.5916	0.1054	-1.5256
89633355	0.5714	-0.0691	-1.8258
89633356	0.5983	-0.2619	-2.0712
89633357	0.7297	-0.2719	-1.7870
89633358	0.5653	-0.1970	-1.6257
89633359	0.4458	-0.3444	-1.0135
89633360	0.4185	-0.3626	-1.1510
89633361	0.4947	-0.0828	-1.0541
89633362	0.5184	-0.1478	-0.9253
89633363	0.6582	0.0871	-0.4996
89633364	0.6278	0.2809	-0.5583
89633365	0.6187	0.0247	-0.1892
89633366	0.5601	-0.0101	-0.4797
89633367	0.3785	-0.2349	-0.3278
89633368	0.5082	-0.2448	-0.7746
89633369	0.5722	-0.0404	-0.5168
89633370	0.4191	-0.1211	-0.7123
89633371	0.4991	-0.4129	-1.0095
89633372	0.5396	-0.2841	-0.9429
89633373	0.5296	-0.3095	-1.0877
89633374	0.6679	0.2063	-0.8130
89633375	0.7543	0.1477	-0.7019
89633376	0.8089	0.3415	-0.2993
89633377	0.9473	0.2652	-1.1730
89633378	1.0599	0.3704	-0.8893
89633379	1.1381	0.2839	-1.1687
89633380	1.0332	0.5588	-0.9696
89633381	0.9643	0.5194	-0.8090
89633382	0.8996	0.5581	-1.1889
89633383	0.9796	0.5253	-1.1419
89633384	0.8557	0.1863	-0.9821
89633385	0.7611	0.2464	-1.0651
89633386	0.6848	-0.0924	-1.2213
89633387	0.7634	-0.1150	-1.1707
89633388	0.7880	0.0844	-1.1728
89633389	0.7019	0.1031	-0.7737
89633390	0.6952	0.1267	-0.8775
89633391	0.7158	0.0740	-1.2365
89633392	0.7963	0.3195	-1.4344
89633393	0.8140	0.1696	-1.9313
89633394	0.7569	-0.1224	-1.8476
89633395	0.8414	-0.2228	-2.5685
89633396	0.6615	-0.4544	-2.8627
89633397	0.4555	-0.3047	-2.3965
89633398	0.5525	-0.3140	-2.5344
89633399	0.3792	-0.5622	-2.5634
89633400	0.3725	-0.3771	-2.7160
89633401	0.5765	-0.7302	-2.4524
89633402	0.4450	-0.8537	-2.2850
89633403	0.4254	-0.8502	-1.8966
89633404	0.4767	-1.1027	-1.9785
89633405	0.4821	-1.1955	-1.6073
89633406	0.3071	-0.9513	-1.4995
89633407	0.4107	-0.9383	-0.8617
89633408	0.3979	-0.6103	-0.6469
89633409	0.3293	-0.7560	0.1466
89633410	0.3056	-0.5301	0.0802
89633411	0.4361	-0.3741	-0.2271
89633412	0.3858	-0.6346	-0.6007
89633413	0.2120	-0.8950	-0.6019
89633414	0.0250	-0.7640	-0.2151
89633415	-0.0489	-0.5294	-0.2024
89633416	0.0337	-0.5206	-0.4222
89633417	0.0688	-0.6815	-0.6929
89633418	0.2160	-0.8892	-1.7111
89633419	0.2330	-0.7528	-1.9086
89633420	0.3291	-0.7223	-2.2752
89633421	0.4163	-0.2109	-1.7027
89633422	0.1706	-0.0192	-1.2860
89633423	0.1409	-0.2680	-1.3066
89633424	0.2573	-0.0370	-0.6323
89633425	0.4086	-0.1797	-0.6902
89633426	0.2909	-0.5156	-0.9319
89633427	0.3706	-0.3024	-0.4666
89633428	0.3749	-0.3026	-0.3029
89633429	0.3130	-0.3002	-0.2342
89633430	0.3980	-0.1755	-0.4936
89633431	0.4720	-0.0905	-0.7342
89633432	0.6379	0.2043	-1.1127
89633433	0.7672	0.1603	-1.8261
89633434	0.7835	0.3793	-1.4404
89633435	0.6515	0.4384	-2.0068
89633436	0.8068	0.4316	-1.9744
89633437	0.7943	0.7496	-1.6189
89633438	0.6507	0.6685	-1.7612
89633439	0.5090	0.3979	-1.9210
89633440	0.5303	0.3069	-1.7910
89633441	0.5019	0.3035	-1.4089
89633442	0.5083	0.1208	-0.9325
89633443	0.3622	0.0670	-0.4205
89633444	0.5596	-0.0589	-0.8480
89633445	0.6046	-0.0677	-0.8201
89633446	0.5029	-0.2128	-0.7273
89633447	0.7535	0.3173	-1.4996
89633448	0.8694	0.3286	-1.9877
89633449	0.8327	0.1809	-1.8774
89633450	0.6547	0.4056	-1.9008
89633451	0.6540	0.5480	-1.8215
89633452	0.6600	0.4709	-1.7763
89633453	0.5517	0.1924	-1.8101
89633454	0.3275	0.0273	-1.4594
89633455	0.3072	-0.1134	-0.8800
89633456	-0.0071	-0.2140	-0.7789
89633457	0.0956	-0.0266	-0.7708
89633458	0.1008	-0.2279	-0.5925
89633459	0.2074	0.0204	-0.9518
89633460	0.2017	-0.0096	-0.7936
89633461	0.2530	-0.0619	-1.0497
89633462	0.2712	-0.1331	-0.7621
89633463	0.3202	0.0475	-0.5646
89633464	0.4891	0.0415	-0.9397
89633465	0.6198	0.2006	-0.6717
89633466	0.7053	0.0993	-0.9654
89633467	0.6530	-0.0788	-0.9229
89633468	0.5704	0.1874	-0.6587
89633469	0.7915	0.0944	-0.9575
89633470	0.7243	0.0127	-0.4993
89633471	0.9969	0.1858	-1.1496
89633472	1.0104	0.1799	-1.3268
89633473	0.9989	0.4254	-1.2856
89633474	0.7833	0.1334	-1.1367
89633475	0.9320	0.2341	-1.2530
89633476	0.8605	0.1155	-1.4812
89633477	0.7853	0.0712	-1.3608
89633478	0.3931	-0.0582	-0.9659
89633479	0.3369	-0.0278	-1.2330
89633480	0.2784	-0.3160	-1.1597
89633481	0.0254	-0.4510	-0.5869
89633482	-0.0030	-0.5014	-0.3861
89633483	-0.4009	-0.7337	-0.0197
89633484	-0.2057	-0.6657	-0.0254
89633485	-0.1373	-0.6325	-0.1757
89633486	0.2695	-0.1479	-0.5182
89633487	0.6660	-0.0765	-0.6459
89633488	0.5732	0.1439	-0.8558
89633489	0.3407	0.0598	-0.9732
89633490	0.5296	0.0562	-0.5516
89633491	0.5320	0.2789	-0.7244
89633492	0.5333	0.4084	-1.0223
89633493	0.6022	0.4180	-1.3036
89633494	0.5441	0.2981	-0.9667
89633495	0.4494	0.1748	-0.8371
89633496	0.4485	-0.0851	-0.6291
89633497	0.5692	0.2484	-0.6242
89633498	0.4576	-0.1111	-0.6190
89633499	0.1187	-0.1830	-0.4827
89633500	0.0115	-0.3095	-0.1130
89633501	-0.1367	-0.4547	-0.3702
89633502	-0.4973	-0.8642	-0.4959
89633503	-0.4663	-0.9559	-0.5096
89633504	-0.5413	-1.1051	-0.9125
89633505	-0.4191	-1.0674	-0.9568
89633506	-0.2722	-1.0319	-0.4097
89633507	-0.1467	-0.9311	-0.3674
89633508	-0.1219	-0.9409	-0.5804
89633509	-0.0766	-0.6243	-0.2557
89633510	0.2498	-0.4713	-0.2219
89633511	0.2867	-0.3731	0.2107
89633512	0.3869	-0.3071	0.0441
89633513	0.4641	-0.1529	0.0495
89633514	0.4551	-0.2258	-0.0848
89633515	0.4913	-0.1969	-0.0572
89633516	0.6338	-0.2821	-0.3751
89633517	0.5255	-0.3673	-0.3997
89633518	0.4559	-0.3437	-0.1403
89633519	0.4544	0.0678	-0.1511
89633520	0.2570	-0.0457	-0.1839
89633521	0.2529	-0.2367	-0.3923
89633522	0.2078	-0.3413	-0.4211
89633523	0.1065	-0.1905	0.0284
89633524	-0.0909	-0.1961	0.1613
89633525	-0.0722	-0.0919	0.0013
89633526	-0.0878	-0.2664	-0.0410
89633527	-0.0900	-0.3184	-0.0309
89633528	-0.2072	-0.1331	0.0791
89633529	-0.2005	-0.3693	-0.2643
89633530	-0.0698	-0.4221	-0.1075
89633531	0.0607	-0.4189	-0.5155
89633532	0.1738	-0.5316	-0.4143
89633533	0.3654	-0.5572	-0.7823
89633534	0.5733	-0.5412	-0.9950
89633535	0.7525	-0.4630	-0.9323
89633536	0.7219	-0.7906	-0.9133
89633537	0.6484	-0.7834	-1.1988
89633538	0.6716	-0.5394	-0.9627
89633539	0.7300	-0.8148	-1.0871
89633540	0.3931	-0.9726	-1.2248
89633541	0.3540	-1.1833	-0.9815
89633542	0.3556	-1.0198	-1.0818
89633543	0.4992	-0.9638	-1.1434
89633544	0.5837	-0.7904	-0.9026
89633545	0.6824	-0.5725	-0.6677
89633546	0.6934	-0.5650	-0.8501
89633547	0.7161	-0.3666	-1.0753
89633548	0.3861	-0.6572	-1.0078
89633549	0.1772	-0.8242	-0.7492
89633550	0.2059	-0.7537	-0.8055
89633551	0.2818	-0.6024	-0.7593
89633552	-0.0492	-0.6694	-0.4931
89633553	-0.1473	-0.6877	-0.7747
89633554	-0.1642	-0.7446	-0.5552
89633555	0.1887	-0.4387	-0.7753
89633556	0.3764	0.0522	-0.2439
89633557	0.5880	0.7046	-0.4844
89633558	0.7120	0.8352	-0.6028
89633559	0.8715	1.0725	-0.9137
89633560	0.8706	0.9269	-0.9431
89633561	0.9309	0.7962	-1.3389
89633562	0.9214	0.6598	-0.9610
89633563	0.8757	0.8698	-0.4280
89633564	1.0495	0.5740	-0.9499
89633565	1.0415	0.1157	-0.6664
89633566	0.9743	0.2040	-0.6945
89633567	0.8072	0.1058	-0.7991
89633568	0.8103	0.0938	-0.5351
89633569	0.7540	0.3584	-0.2353
89633570	0.6708	-0.0978	-0.4335
89633571	0.4896	-0.0461	-0.2766
89633572	0.3521	-0.2843	0.2112
89633573	0.1343	-0.3176	-0.0687
89633574	-0.1926	-0.6157	0.2095
89633575	-0.1795	-0.6983	-0.0285
89633576	-0.2354	-0.9577	0.1109
89633577	-0.1544	-0.8218	0.1288
89633578	-0.2801	-1.0630	0.2027
89633579	-0.4981	-1.2502	0.1306
89633580	-0.6103	-1.5460	0.0871
89633581	-0.3619	-1.4946	-0.3092
89633582	-0.2271	-1.2668	-0.1301
89633583	-0.0776	-1.5349	-0.5850
89633584	0.1314	-1.3010	-0.1950
89633585	0.0692	-0.9714	-0.6077
89633586	0.2765	-0.7545	-0.9053
89633587	0.2865	-0.4829	-0.8295
89633588	0.2751	-0.3079	-0.5708
89633589	0.4075	-0.0887	-1.0606
89633590	0.4232	-0.1120	-1.0638
89633591	0.4821	0.0108	-1.2968
89633592	0.6114	-0.0251	-1.3225
89633593	0.5442	-0.3128	-1.1924
89633594	0.4430	-0.4214	-1.4202
89633595	0.3361	-0.6189	-1.2240
89633596	0.2484	-1.1778	-1.1063
89633597	0.3154	-0.8779	-0.8574
89633598	0.6502	-0.8457	-1.0435
89633599	0.6710	-0.6985	-0.9506
89633600	0.7148	-0.6904	-1.3818
89633601	0.6676	-0.7177	-1.3997
89633602	0.6180	-0.4870	-1.2668
89633603	0.4287	-0.8190	-1.5438
89633604	0.3841	-0.5617	-1.3044
89633605	0.2048	-0.6479	-0.7693
89633606	0.1484	-0.8085	-0.7306
89633607	0.3441	-0.6732	-0.9657
89633608	0.3659	-0.3599	-0.5177
89633609	0.1775	-0.6030	-0.5256
89633610	0.1289	-0.8131	-1.1149
89633611	0.3267	-0.8210	-1.7448
89633612	0.4190	-0.7901	-1.8225
89633613	0.3717	-0.5679	-1.7255
89633614	0.2062	-0.5500	-1.1995
89633615	0.0273	-0.8915	-0.9031
89633616	0.0777	-0.6529	-0.7223
89633617	0.0731	-0.8054	-0.2113
89633618	0.0611	-0.6910	-0.1191
89633619	0.1976	-0.5185	0.0302
89633620	0.3676	-0.2130	0.0822
89633621	0.5263	-0.2037	0.0994
89633622	0.7059	0.2830	0.0310
89633623	0.5182	0.2682	-0.1042
89633624	0.4062	0.3148	0.1068
89633625	0.6079	0.5701	0.1241
89633626	0.8124	0.6313	-0.8292
89633627	0.8487	0.6241	-0.7150
89633628	0.8020	0.6067	-0.7896
89633629	0.6420	0.1999	-0.8779
89633630	0.5710	-0.1237	-1.1962
89633631	0.6259	-0.2432	-1.0477
89633632	0.5232	-0.4114	-1.3377
89633633	0.3318	-0.9099	-1.0735
89633634	0.4596	-0.6869	-1.0324
89633635	0.4863	-0.6467	-1.3645
89633636	0.2786	-1.2123	-1.0969
89633637	0.0162	-1.4830	-0.8704
89633638	-0.1026	-1.1830	-0.6459
89633639	-0.1670	-1.2671	-0.5372
89633640	-0.2264	-1.1903	-0.8597
89633641	-0.0396	-0.7076	-0.7023
89633642	0.1572	-0.5224	-0.9678
89633643	0.3589	-0.1659	-0.8079
89633644	0.3278	-0.0212	-0.8653
89633645	0.5765	0.4787	-1.6498
89633646	0.6784	0.4107	-1.6623
89633647	0.7317	0.5146	-2.0053
89633648	0.5876	0.2114	-1.7153
89633649	0.5946	0.2890	-2.1331
89633650	0.2793	-0.0965	-1.6988
89633651	0.2539	-0.1559	-1.3423
89633652	0.2783	0.1460	-1.6627
89633653	0.2081	0.0690	-1.3243
89633654	0.1828	0.1436	-1.1878
89633655	0.1724	0.2666	-1.2021
89633656	0.3005	-0.2450	-0.9984
89633657	0.1294	-0.7769	-1.2979
89633658	0.2812	-0.5441	-1.5147
89633659	0.2540	-0.6358	-1.5487
89633660	0.3074	-0.5152	-1.5089
89633661	0.2748	-0.5220	-1.2827
89633662	0.1268	-0.6010	-0.7903
89633663	0.1294	-0.4508	-0.9791
89633664	0.2497	0.0084	-0.6162
89633665	0.5451	0.3129	-0.5772
89633666	0.4553	0.2593	-0.7462
89633667	0.1292	0.1607	-0.1955
89633668	0.0333	0.0828	-0.5048
89633669	0.0212	-0.1803	-0.2489
89633670	0.0620	0.0550	0.0032
89633671	0.0652	-0.3261	-0.2584
89633672	0.2166	-0.4763	-0.7351
89633673	0.2261	-0.0281	-0.5968
89633674	0.2730	-0.0853	-0.5105
89633675	0.3657	0.1612	-0.2820
89633676	0.4304	0.1696	-0.2497
89633677	0.4847	0.1843	-0.4219
89633678	0.4695	0.3463	-0.8053
89633679	0.2440	-0.0877	-0.7797
89633680	0.3885	0.0687	-0.8871
89633681	0.3091	0.1776	-0.6355
89633682	0.0711	-0.0282	-0.7348
89633683	0.1213	-0.0498	-0.9259
89633684	0.4375	0.0583	-1.1419
89633685	0.4034	-0.0518	-1.3768
89633686	0.2007	-0.2459	-0.9382
89633687	0.4606	-0.1338	-1.1310
89633688	0.2477	-0.3504	-0.8572
89633689	0.1120	-0.4584	-0.6369
89633690	0.1003	-0.5310	-0.5686
89633691	0.2331	-0.5608	-0.3206
89633692	-0.1501	-0.8397	-0.1378
89633693	-0.1052	-0.7767	-0.4895
89633694	0.0479	-0.7100	-0.5028
89633695	0.1115	-0.2884	-0.4399
89633696	0.1097	-0.3279	-0.0595
89633697	0.1543	-0.3621	-0.1765
89633698	0.0622	-0.3826	-0.0160
89633699	0.1976	-0.2449	-0.3490
89633700	0.3234	-0.1901	-0.5207
89633701	0.3048	-0.4986	-0.4698
89633702	0.3728	-0.4741	-0.8621
89633703	0.2703	-0.5217	-0.6695
89633704	0.3031	-0.3658	-0.3555
89633705	0.3099	-0.3399	-0.6652
89633706	0.2175	-0.3037	-0.4181
89633707	0.5994	-0.1091	-0.8412
89633708	0.3821	-0.4265	-0.6667
89633709	0.3865	-0.2983	-1.0334
89633710	0.4324	-0.0374	-0.9987
89633711	0.6848	0.1573	-1.0782
89633712	0.5655	0.2082	-1.2609
89633713	0.3462	-0.1036	-0.9140
89633714	0.3087	-0.0196	-0.6028
89633715	0.1413	-0.4131	-0.3529
89633716	0.1881	-0.6501	-0.5436
89633717	0.4638	-0.6603	-0.4852
89633718	0.3372	-0.8596	-0.6792
89633719	0.3518	-0.4860	-0.4700
89633720	0.5585	-0.5447	-0.6834
89633721	0.5883	-0.6052	-0.6089
89633722	0.6279	-0.8265	-0.6974
89633723	0.8172	-0.6812	-0.9892
89633724	0.9074	-0.2445	-0.8927
89633725	0.9200	-0.3896	-1.2530
89633726	0.9994	-0.1593	-1.6105
89633727	0.7904	-0.0650	-1.5664
89633728	0.6306	-0.0960	-1.3472
89633729	0.4445	-0.2722	-0.9702
89633730	0.5492	-0.2818	-0.6171
89633731	0.5307	-0.4160	-0.6574
89633732	0.5188	-0.3280	-0.7317
89633733	0.4106	-0.5888	-0.6318
89633734	0.2110	-0.6521	-0.8920
89633735	0.4499	-0.8264	-0.9625
89633736	0.3414	-0.8685	-0.6369
89633737	0.4242	-0.7436	-0.4156
89633738	0.3952	-0.9498	-0.6120
89633739	0.4008	-1.0170	-0.8965
89633740	0.3698	-0.8565	-0.7043
89633741	0.4654	-0.6773	-0.7033
89633742	0.5979	-0.3752	-0.5594
89633743	0.6961	-0.0562	-0.7280
89633744	0.6251	-0.0723	-0.5528
89633745	0.5164	-0.0802	-0.7246
89633746	0.6236	0.0541	-0.6129
89633747	0.8084	0.0355	-1.1135
89633748	0.6571	0.3058	-0.9864
89633749	0.5939	0.1383	-0.7238
89633750	0.5897	-0.1562	-0.8502
89633751	0.5588	-0.3464	-1.0065
89633752	0.4512	-0.5278	-1.0954
89633753	0.3878	-0.4712	-1.2420
89633754	0.3313	-0.3899	-1.0334
89633755	0.2323	-0.5664	-0.9065
89633756	0.3216	-0.5327	-0.9151
89633757	0.3002	-0.4479	-0.7609
89633758	0.2155	-0.8344	-0.6307
89633759	0.1779	-0.9536	-0.6809
89633760	0.2521	-0.8001	-0.3423
89633761	0.2068	-1.1089	-0.7894
89633762	0.2174	-1.2723	-0.4631
89633763	0.1786	-1.0997	-0.4574
89633764	0.3321	-0.9529	-0.4622
89633765	0.1207	-1.3892	-0.1099
89633766	0.1480	-1.2134	-0.5208
89633767	-0.0222	-1.4048	-0.5168
89633768	-0.0547	-1.3170	-0.7298
89633769	-0.0931	-1.4820	-0.7253
89633770	-0.0107	-1.1357	-0.8830
89633771	-0.0215	-0.8993	-1.0501
89633772	-0.0784	-0.9797	-0.6443
89633773	-0.0930	-0.8087	-0.8140
89633774	0.0363	-0.6530	-0.7815
89633775	0.2001	-0.3094	-0.7818
89633776	0.1518	-0.0579	-0.8449
89633777	0.2968	0.0895	-0.9541
89633778	0.2684	0.1659	-0.7784
89633779	0.2295	0.3304	-0.4324
89633780	0.3014	0.3367	-0.3919
89633781	0.4440	0.1296	-0.7426
89633782	0.5674	0.5561	-0.5845
89633783	0.6642	0.7090	-0.4315
89633784	0.6996	0.7591	-0.1719
89633785	0.5874	0.5532	-0.1089
89633786	0.6625	0.3592	-0.1418
89633787	0.7724	0.2568	-0.1649
89633788	0.5604	0.3884	-0.1962
89633789	0.2509	0.0712	-0.4564
89633790	0.0281	-0.4273	-0.2503
89633791	0.0164	-0.4872	-0.4720
89633792	-0.0419	-0.5320	-0.1780
89633793	0.2187	-0.4467	-0.6586
89633794	0.1380	-0.7117	-0.7864
89633795	0.0719	-0.9786	-0.8354
89633796	0.1300	-0.9573	-0.7744
89633797	0.0157	-0.7715	-0.5299
89633798	-0.1741	-0.8670	-0.5860
89633799	-0.3820	-0.9158	-0.3633
89633800	-0.5431	-1.1058	-0.5472
89633801	-0.3359	-0.7675	-0.7855
89633802	-0.3560	-0.8047	-0.8065
89633803	-0.2476	-1.0487	-0.8888
89633804	-0.1696	-0.7273	-0.8846
89633805	-0.0971	-0.7868	-0.8750
89633806	-0.1534	-0.9539	-0.6199
89633807	-0.0226	-1.1074	-0.5266
89633808	-0.1378	-0.9469	-0.3506
89633809	-0.4058	-0.7567	0.2615
89633810	-0.0936	-0.5038	0.2908
89633811	-0.0274	-0.4557	0.3182
89633812	0.0939	-0.4586	0.0726
89633813	0.1945	-0.5812	0.1699
89633814	0.2224	-0.3546	0.3223
89633815	0.3373	-0.0775	0.6724
89633816	0.3068	-0.0341	0.3512
89633817	0.6008	0.2261	-0.0659
89633818	0.6851	0.2242	-0.2235
89633819	0.4509	0.2490	-0.4484
89633820	0.6263	0.2252	-0.5235
89633821	0.7121	0.0800	-0.5611
89633822	0.5743	-0.0082	-0.2807
89633823	0.8299	0.1717	-0.3897
89633824	0.8104	0.0529	-0.5163
89633825	0.6352	0.0334	-0.7748
89633826	0.7611	0.0286	-0.9662
89633827	0.6954	0.0217	-0.8782
89633828	0.7320	-0.0245	-0.9026
89633829	0.5793	0.0117	-0.7528
89633830	0.3386	-0.1972	-0.0683
89633831	0.2444	0.0369	-0.3432
89633832	0.1947	-0.2201	-0.3750
89633833	0.1107	-0.4031	-0.3381
89633834	0.0798	-0.2346	-0.5118
89633835	-0.0110	-0.3832	-0.4581
89633836	-0.0161	-0.0854	-0.2569
89633837	-0.1827	-0.3056	-0.3188
89633838	-0.0120	-0.2087	-0.4935
89633839	-0.1147	-0.2863	-0.5301
89633840	0.0434	-0.0966	-0.3452
89633841	0.1068	-0.1640	-0.3837
89633842	-0.0043	0.0648	0.0546
89633843	0.2512	0.2408	-0.0190
89633844	0.4250	0.3822	-0.1465
89633845	0.4590	0.2974	-0.3131
89633846	0.3753	-0.0132	0.0728
89633847	0.3794	0.0954	0.0186
89633848	0.4988	-0.0111	-0.3345
89633849	0.4135	0.0972	-0.4905
89633850	0.4231	0.2713	-0.5455
89633851	0.4000	0.1919	-0.7317
89633852	0.4605	0.1651	-0.7447
89633853	0.3312	0.2052	-0.9578
89633854	0.2837	0.1076	-0.6233
89633855	0.2566	0.0222	-0.7905
89633856	0.2622	-0.0685	-0.7219
89633857	0.3920	0.1307	-0.6606
89633858	0.5040	0.1866	-0.9211
89633859	0.2770	0.0430	-0.7387
89633860	0.2652	0.1536	-0.7480
89633861	-0.0210	-0.3492	-1.0724
89633862	0.0018	-0.3869	-0.9228
89633863	0.1483	-0.2701	-1.4153
89633864	0.2611	0.0457	-1.3054
89633865	0.1913	0.0337	-1.2391
89633866	0.0190	0.0421	-1.2713
89633867	-0.1132	-0.0506	-0.8987
89633868	-0.0471	-0.0093	-0.8140
89633869	-0.2962	-0.3370	-0.8269
89633870	-0.3599	-0.6556	-0.8446
89633871	-0.3056	-0.9484	-0.7706
89633872	-0.5572	-1.3278	-0.7255
89633873	-0.8195	-1.4984	-0.4997
89633874	-0.7274	-1.2914	-0.1099
89633875	-0.8320	-1.1496	-0.0227
89633876	-0.5709	-0.6961	0.4258
89633877	-0.4504	-0.3347	0.5901
89633878	-0.2825	-0.4146	0.4136
89633879	-0.1994	-0.1825	0.5599
89633880	0.0672	0.0785	0.6036
89633881	0.3032	0.1979	0.1627
89633882	0.6244	0.4187	-0.6422
89633883	0.4470	0.3583	-0.5808
89633884	0.6182	0.5596	-0.5154
89633885	0.2732	0.4983	-0.1642
89633886	0.4189	0.4522	-0.2922
89633887	0.4411	0.1344	0.0409
89633888	0.3858	0.1095	-0.0229
89633889	0.4137	0.4305	-0.1802
89633890	0.5829	0.4566	-0.1784
89633891	0.3761	0.2489	0.2071
89633892	0.2716	0.0924	0.0099
89633893	-0.0039	-0.0612	-0.1433
89633894	-0.0186	-0.6757	-0.0635
89633895	-0.2274	-0.9001	-0.0521
89633896	0.0621	-0.8746	-0.8087
89633897	-0.3279	-0.8573	-0.6346
89633898	-0.5013	-1.1836	-0.6049
89633899	-0.3976	-1.4562	-0.7047
89633900	-0.4094	-1.3747	-0.4357
89633901	-0.3380	-1.1375	-0.5492
89633902	-0.0093	-0.6506	-0.7033
89633903	-0.1331	-0.7580	-0.6822
89633904	-0.1024	-0.5958	-0.5594
89633905	-0.1091	-0.4511	-0.4778
89633906	-0.0438	-0.2107	-0.2914
89633907	-0.1599	-0.4061	-0.0496
89633908	0.0521	-0.0013	0.0329
89633909	0.0488	-0.2779	-0.3695
89633910	0.2352	-0.0666	-0.4505
89633911	0.0966	-0.2804	-0.0957
89633912	-0.0502	-0.3900	-0.5547
89633913	0.0588	-0.1580	0.0405
89633914	0.0341	-0.1854	0.5072
89633915	0.2611	-0.0120	0.7859
89633916	0.2007	0.0678	0.7194
89633917	0.2479	-0.0897	0.1366
89633918	0.2451	0.0848	0.1065
89633919	0.2378	-0.1987	0.1395
89633920	0.2519	0.1843	0.1014
89633921	0.1859	-0.0971	-0.1667
89633922	0.0964	-0.2187	-0.7431
89633923	0.1633	-0.4397	-0.6975
89633924	-0.1770	-0.8601	-0.6896
89633925	-0.0842	-0.9280	-1.0176
89633926	-0.2051	-0.9484	-0.7204
89633927	-0.0651	-0.8028	-0.7125
89633928	-0.1639	-0.9939	-1.0177
89633929	0.1637	-0.8423	-1.0047
89633930	0.0882	-1.0358	-0.8767
89633931	0.1075	-0.9989	-0.6831
89633932	0.0375	-0.7471	-0.7676
89633933	0.1019	-0.5904	-0.7555
89633934	0.1425	-0.4563	-0.9362
89633935	0.0738	-0.3564	-0.9534
89633936	0.1185	-0.0189	-1.3453
89633937	0.1856	0.0601	-0.9712
89633938	0.2032	-0.1504	-1.2313
89633939	0.3930	0.0867	-0.8717
89633940	0.4906	0.0697	-0.7644
89633941	0.2662	0.1176	-0.4471
89633942	0.1152	-0.4005	-0.6217
89633943	0.1101	-0.3292	-0.6245
89633944	0.2094	-0.2893	-0.1055
89633945	0.1319	-0.3075	-0.2351
89633946	0.3981	-0.0696	-0.6952
89633947	0.4281	0.0087	-0.3960
89633948	0.2778	-0.0978	-0.1743
89633949	0.3965	-0.1135	-0.1869
89633950	0.5225	-0.0906	-0.5434
89633951	0.4693	-0.2106	-0.7459
89633952	0.4057	-0.1217	-0.9183
89633953	0.3615	-0.3051	-1.2828
89633954	0.2670	-0.3277	-1.3308
89633955	0.2835	-0.3320	-1.2929
89633956	0.3566	-0.2965	-1.0230
89633957	0.3887	-0.3129	-0.5315
89633958	0.2600	-0.2297	-0.7108
89633959	0.3172	-0.5821	-1.1673
89633960	0.2450	-0.7153	-0.7346
89633961	0.4798	-0.5030	-1.0848
89633962	0.5168	-0.2937	-0.9954
89633963	0.4694	-0.1830	-1.0638
89633964	0.4588	-0.1320	-1.0058
89633965	0.3763	-0.0369	-0.6752
89633966	0.2082	-0.2015	-1.0703
89633967	0.2662	0.0340	-1.0368
89633968	0.2663	-0.0543	-0.9311
89633969	0.4240	0.2523	-0.7916
89633970	0.3218	0.4282	-1.2880
89633971	0.2491	0.0039	-0.7614
89633972	0.2085	-0.1903	-0.7564
89633973	0.1509	-0.0471	-0.6232
89633974	0.0585	-0.1952	-0.8229
89633975	0.0848	-0.5178	-0.3785
89633976	0.1969	-0.5042	-0.5661
89633977	0.1428	-0.4776	-0.7851
89633978	0.2538	-0.1649	-0.5054
89633979	0.3048	-0.3994	-1.0732
89633980	0.2816	-0.2438	-1.6533
89633981	0.2057	-0.2337	-1.6552
89633982	0.2099	-0.3803	-1.7686
89633983	0.1412	-0.4504	-2.0778
89633984	0.0849	-0.3918	-1.8140
89633985	0.1442	-0.3037	-1.8244
89633986	-0.0047	-0.1863	-1.9196
89633987	0.1390	-0.2156	-1.9643
89633988	0.2196	-0.3636	-1.9696
89633989	-0.0668	-0.4147	-1.8049
89633990	0.0856	-0.4340	-1.8514
89633991	0.1250	-0.4840	-1.6183
89633992	-0.0245	-0.2648	-1.8132
89633993	-0.1873	-0.6753	-1.9585
89633994	-0.1266	-0.6431	-1.9260
89633995	-0.3551	-0.8913	-1.6327
89633996	-0.3524	-1.1490	-1.6015
89633997	-0.2543	-0.9675	-1.5788
89633998	-0.4512	-0.8904	-1.3749
89633999	-0.1592	-0.9960	-1.5322
89634000	-0.0496	-0.8536	-1.3646
89634001	-0.2106	-0.5220	-0.9326
89634002	-0.0459	-0.4044	-0.9023
89634003	-0.0759	-0.3045	-0.9038
89634004	0.0181	-0.2963	-0.8336
89634005	0.0365	-0.1241	-0.6702
89634006	0.1653	-0.0771	-0.6548
89634007	-0.0235	-0.2158	0.0977
89634008	-0.0240	-0.3068	0.0596
89634009	0.0371	-0.1626	0.0267
89634010	0.1424	0.0820	-0.0940
89634011	-0.0013	0.1561	-0.0380
89634012	0.0945	0.1454	-0.4380
89634013	0.2186	0.6140	-0.2369
89634014	0.3248	0.5988	-0.0185
89634015	0.5096	0.6993	-0.5936
89634016	0.5041	0.8583	-0.5674
89634017	0.3917	0.6295	-1.0661
89634018	0.3514	0.6530	-1.1962
89634019	0.2503	0.4956	-1.5675
89634020	0.1643	0.3412	-1.3429
89634021	0.1647	0.2937	-1.9499
89634022	0.3785	0.2683	-2.2935
89634023	0.2088	0.4707	-2.3877
89634024	0.2105	0.2116	-2.4968
89634025	-0.0800	-0.0168	-1.9041
89634026	-0.1276	-0.2041	-1.3968
89634027	0.0091	-0.3741	-1.1452
89634028	-0.0227	-0.3058	-1.2837
89634029	-0.0952	-0.6034	-0.9436
89634030	-0.3557	-0.6065	-0.5223
89634031	-0.1836	-0.5393	-0.4110
89634032	-0.3986	-0.4434	0.0291
89634033	-0.2325	-0.5155	0.1952
89634034	-0.2085	-0.6585	0.2197
89634035	-0.2314	-0.5679	-0.1709
89634036	-0.2120	-0.5743	0.2374
89634037	-0.2022	-0.9272	-0.0210
89634038	-0.1942	-0.7022	0.2258
89634039	-0.1682	-0.8138	0.0249
89634040	-0.0289	-0.3166	0.0210
89634041	-0.0126	-0.3211	-0.3970
89634042	0.0333	-0.3510	-0.7092
89634043	-0.0384	-0.1759	-0.3121
89634044	-0.0353	-0.1549	-0.9380
89634045	-0.0199	0.0253	-0.8294
89634046	-0.0361	-0.0170	-0.5375
89634047	0.0131	-0.0347	-0.9786
89634048	-0.2788	-0.1480	-0.4945
89634049	-0.3106	-0.0746	-0.5508
89634050	-0.0932	0.0949	-0.9316
89634051	0.1825	0.0196	-0.8668
89634052	0.1099	0.1236	-0.8189
89634053	0.2710	0.1196	-0.8071
89634054	0.2320	0.1302	-0.2901
89634055	0.4752	0.3256	-0.3916
89634056	0.4252	0.3361	-0.4071
89634057	0.3625	0.1972	-0.0464
89634058	0.2204	0.2511	-0.0732
89634059	0.0824	0.0337	0.0335
89634060	-0.0704	-0.3278	-0.2043
89634061	-0.2374	-0.1529	-0.4864
89634062	-0.3027	-0.2103	-0.0303
89634063	-0.0743	-0.1506	-0.0905
89634064	-0.2024	-0.1295	-0.1105
89634065	-0.1871	-0.3248	-0.1186
89634066	-0.2736	-0.4550	-0.0133
89634067	-0.4625	-0.5083	-0.6119
89634068	-0.4289	-0.9223	-0.4264
89634069	-0.5635	-0.9297	-0.3560
89634070	-0.4923	-1.0309	-0.2674
89634071	-0.5229	-1.2275	-0.3418
89634072	-0.5412	-1.0183	-0.3729
89634073	-0.3346	-0.8719	-0.7787
89634074	-0.2856	-0.5440	-0.7141
89634075	-0.4434	-0.5360	-0.5778
89634076	-0.4676	-0.5945	-0.2984
89634077	-0.4764	-0.6652	-0.3721
89634078	-0.6282	-0.8762	-0.2057
89634079	-0.4543	-0.7658	-0.3427
89634080	-0.2784	-1.2061	-0.5634
89634081	-0.3327	-1.0432	-0.2342
89634082	-0.0562	-0.4597	-0.1034
89634083	0.2611	0.0086	-0.3547
89634084	0.3945	0.0228	-0.9156
89634085	0.0984	0.2078	-0.0878
89634086	0.0887	0.3044	-0.5329
89634087	0.1755	0.3953	-0.3907
89634088	-0.0874	0.2830	-0.5099
89634089	0.1554	0.2610	-0.5539
89634090	-0.1278	-0.1304	-0.4533
89634091	-0.2580	-0.4179	-0.5419
89634092	-0.3230	-0.7419	-0.6737
89634093	-0.2164	-0.6484	-0.8074
89634094	-0.3205	-0.4451	-1.0266
89634095	-0.1315	-0.4936	-0.9957
89634096	-0.3296	-0.4571	-0.8006
89634097	-0.1435	-0.0484	-0.9052
89634098	-0.0968	-0.3381	-0.5563
89634099	-0.0224	-0.2352	-0.8144
89634100	0.0364	-0.1795	-0.9493
89634101	0.0162	-0.0911	-0.8161
89634102	-0.0627	-0.1143	-0.6151
89634103	0.0539	-0.2421	-0.4259
89634104	0.2904	0.1592	-0.4724
89634105	0.4060	0.0894	-0.3334
89634106	0.7407	0.2703	-1.0005
89634107	0.7815	0.4925	-0.9611
89634108	1.0432	0.5625	-0.9840
89634109	1.0303	0.5914	-0.9559
89634110	1.1964	0.8229	-1.0494
89634111	1.2940	0.8277	-0.7443
89634112	1.3085	0.6466	-0.6638
89634113	1.5342	0.8744	-0.8586
89634114	1.7071	0.9506	-0.8947
89634115	1.6915	1.1910	-0.8108
89634116	1.8562	1.3348	-0.7706
89634117	1.8832	1.3863	-0.3530
89634118	2.0755	1.3528	-0.5291
89634119	1.8820	1.1257	-0.4430
89634120	1.7522	0.8988	-0.4212
89634121	1.7568	0.6335	-0.9147
89634122	1.4619	0.6659	-0.6539
89634123	1.5318	0.1793	-0.6885
89634124	1.5250	0.0886	-0.6804
89634125	1.7684	-0.1615	-1.1346
89634126	1.7912	0.0165	-1.0016
89634127	1.5980	0.0538	-0.8280
89634128	1.3082	0.0496	-1.1069
89634129	1.3283	0.2630	-1.0376
89634130	1.1627	0.4587	-1.0169
89634131	1.2389	0.6440	-1.3102
89634132	1.2639	0.5970	-1.4491
89634133	1.1103	0.7674	-1.4460
89634134	1.1293	0.8190	-1.6116
89634135	0.9310	0.5888	-1.2642
89634136	0.7544	0.4536	-1.1568
89634137	0.6453	0.0004	-0.8013
89634138	0.5463	-0.0842	-0.8145
89634139	0.6125	-0.2488	-0.6717
89634140	0.5183	-0.3359	-0.5820
89634141	0.5911	-0.1804	-1.2516
89634142	0.5425	-0.1244	-0.6569
89634143	0.6281	0.1742	-0.6469
89634144	0.6470	0.1018	-0.2949
89634145	0.6081	0.1864	-0.4844
89634146	0.4327	0.0152	-0.6764
89634147	0.4322	0.1605	-0.4763
89634148	0.3800	0.0193	-0.5653
89634149	0.3369	0.1391	-0.8544
89634150	0.1655	0.3102	-1.0601
89634151	0.0570	0.7140	-1.1899
89634152	0.0186	0.4145	-1.4769
89634153	-0.0883	0.5916	-1.0914
89634154	-0.3648	0.5974	-1.0404
89634155	-0.7775	0.2463	-1.2973
89634156	-0.9383	-0.0662	-1.4643
89634157	-1.3766	-0.1509	-1.3149
89634158	-1.6684	-0.3873	-1.5812
89634159	-2.0545	-0.3262	-1.5143
89634160	-2.0053	-0.6351	-1.3729
89634161	-2.3428	-0.7681	-1.8555
89634162	-2.5993	-0.8172	-2.0035
89634163	-2.6552	-0.9089	-1.2145
89634164	-2.3429	-0.9922	-0.6147
89634165	-2.6059	-1.0534	-0.6135
89634166	-2.9989	-1.2430	-1.4087
89634167	-3.2821	-1.3417	-2.1450
89634168	-3.3627	-1.1464	-3.0604
89634169	-3.5283	-1.1629	-3.5576
89634170	-2.5250	-1.9537	-3.2338
89634171	-2.5779	-1.9486	-2.8170
89634172	-2.5266	-2.0931	-2.0065
89634173	-2.4941	-1.6822	-1.6887
89634174	-2.2514	-1.9019	-1.5625
89634175	-2.0127	-1.7617	-1.2577
89634176	-2.0241	-2.0312	-0.8663
89634177	-1.5338	-1.6794	-1.3271
89634178	-1.4533	-1.4135	-1.0430
89634179	-1.0278	-1.2185	-1.2908
89634180	-0.4943	-1.1999	-1.1767
89634181	-0.0162	-0.6968	-0.9612
89634182	0.5678	-0.5134	-1.0575
89634183	1.0187	-0.2449	-1.0953
89634184	1.3862	0.0563	-1.5480
89634185	1.9803	0.5475	-1.7427
89634186	2.1971	0.6717	-1.6023
89634187	2.8620	1.0635	-2.0841
89634188	2.9063	1.2391	-2.3164
89634189	2.9657	1.1298	-2.2004
89634190	3.0587	1.0382	-2.0189
89634191	3.1527	1.4098	-2.5362
89634192	3.1517	1.5840	-2.2824
89634193	3.2457	1.6850	-2.2844
89634194	3.0706	2.0306	-1.4560
89634195	2.6733	1.7573	-1.2550
89634196	2.3036	1.5462	-0.9415
89634197	1.8442	1.1027	-0.7546
89634198	1.7564	0.6461	-0.8833
89634199	1.0886	0.5865	-0.5716
89634200	0.8242	0.2681	-1.2131
89634201	0.0524	0.3084	-0.7957
89634202	-0.7946	0.1767	-0.6633
89634203	-1.3761	-0.2042	-0.4619
89634204	-1.7738	-0.4262	-0.8362
89634205	-2.2532	-0.6210	-1.0559
89634206	-2.9152	-0.8475	-1.1553
89634207	-3.3661	-0.8473	-1.2216
89634208	-3.5806	-1.0588	-1.1646
89634209	-3.5940	-1.0425	-1.4210
89634210	-3.7458	-1.4427	-1.2500
89634211	-3.7459	-1.7408	-1.1994
89634212	-3.6469	-1.8267	-1.3762
89634213	-3.4476	-1.9220	-1.2430
89634214	-3.1039	-1.8805	-1.1705
89634215	-2.8478	-1.9588	-1.3388
89634216	-2.1008	-1.6991	-1.6787
89634217	-1.8948	-1.4279	-2.3099
89634218	-1.2066	-0.9434	-2.1585
89634219	-0.3727	-0.1972	-2.3896
89634220	0.4559	0.4316	-2.5330
89634221	1.0185	1.0133	-2.2874
89634222	1.7830	1.6169	-2.9504
89634223	2.5039	2.0335	-2.0312
89634224	3.2783	2.5447	-2.2624
89634225	3.7325	2.4183	-2.0877
89634226	3.9711	3.1578	-1.7394
89634227	4.3254	3.5931	-1.9525
89634228	4.2811	3.4374	-1.0296
89634229	4.1377	3.5495	-0.8629
89634230	4.1082	3.2938	-0.3811
89634231	3.7414	3.3169	-0.2581
89634232	3.2160	2.8433	0.2904
89634233	2.1462	2.3589	0.2793
89634234	1.1339	1.7817	0.2213
89634235	0.3735	1.3027	-0.3414
89634236	-0.6615	0.3461	-0.3611
89634237	-1.7388	-0.5325	0.0598
89634238	-2.8156	-1.3772	0.0738
89634239	-3.6801	-2.1380	0.4524
89634240	-4.1821	-2.9278	0.2193
89634241	-4.5678	-3.3717	0.2624
89634242	-4.7928	-3.7701	0.2839
89634243	-4.8757	-3.8049	0.2099
89634244	-4.5848	-3.6693	-0.1769
89634245	-4.1199	-3.6408	-0.2478
89634246	-3.3145	-3.1834	-0.5450
89634247	-1.7121	-2.5945	-1.0931
89634248	-0.2208	-1.6700	-1.0089
89634249	1.1358	-0.3713	-1.1562
89634250	2.6106	1.2651	-0.6501
89634251	4.0958	2.5806	-0.9431
89634252	5.0507	3.5604	-1.0595
89634253	5.4493	4.2123	-1.0739
89634254	5.7959	4.7638	-1.4031
89634255	5.7900	5.1555	-1.3985
89634256	5.3713	5.4809	-1.5708
89634257	4.5880	5.0869	-2.0224
89634258	3.3715	3.9453	-1.9324
89634259	2.0355	2.6719	-2.0594
89634260	0.0917	1.1137	-1.9292
89634261	-1.9355	-0.7216	-1.7009
89634262	-3.4324	-2.5470	-2.2081
89634263	-4.6659	-3.8765	-1.5060
89634264	-5.4037	-4.7550	-1.3551
89634265	-5.5543	-5.0974	-1.3123
89634266	-5.4809	-5.3086	-0.8876
89634267	-4.6951	-5.1165	-0.9695
89634268	-3.4136	-4.6559	-0.7589
89634269	-1.6392	-3.3706	-0.8890
89634270	-0.2195	-2.2720	-0.2883
89634271	1.3071	-1.0146	0.2219
89634272	3.2978	0.6596	0.1851
89634273	4.5001	1.7229	0.1513
89634274	5.1882	2.6455	-0.1929
89634275	5.5084	3.4574	0.0304
89634276	5.3383	4.2031	-0.1494
89634277	4.2982	4.1926	0.0550
89634278	2.8560	4.1858	-0.0769
89634279	1.1999	3.2679	-0.4286
89634280	-0.5150	1.9365	-1.2354
89634281	-1.7378	0.7019	-1.8278
89634282	-2.8233	-0.9726	-1.9700
89634283	-3.3492	-2.1008	-2.1596
89634284	-3.2117	-2.7053	-2.0029
89634285	-2.2646	-2.2096	-2.3662
89634286	-1.5130	-2.2084	-2.1555
89634287	-0.6580	-1.7970	-1.4308
89634288	-0.1221	-0.7107	-1.2580
89634289	0.4304	0.3720	-1.4484
89634290	0.4770	0.8551	-1.3660
89634291	0.4655	1.3698	-1.6681
89634292	0.5112	1.5552	-1.7771
89634293	0.7225	1.3349	-2.3747
89634294	1.1380	0.7715	-2.1596
89634295	1.3792	0.4458	-2.0351
89634296	1.5272	0.3492	-2.0783
89634297	1.6116	0.0711	-1.7970
89634298	1.3846	-0.5895	-1.3802
89634299	0.9449	-1.2571	-0.7671
89634300	0.6365	-1.6048	-0.2857
89634301	0.1672	-1.6356	0.0928
89634302	0.0268	-1.0053	0.4030
89634303	0.2097	0.0026	-0.0377
89634304	-0.0464	0.3951	-0.1949
89634305	-0.0359	0.8174	0.0719
89634306	-0.1075	1.2801	-0.2798
89634307	0.0647	1.6429	-0.5930
89634308	-0.3585	1.4582	-0.7676
89634309	-0.5692	0.9077	-1.0338
89634310	-0.6870	0.5464	-1.5268
89634311	-0.8883	0.0685	-1.4775
89634312	-0.7679	-0.1635	-1.6864
89634313	-0.7949	-0.4181	-1.4220
89634314	-0.4649	-0.5897	-1.6931
89634315	-0.2292	-0.5658	-1.6135
89634316	-0.2027	-0.2294	-0.7698
89634317	0.0030	0.2839	-0.8579
89634318	0.2891	1.2680	-0.9484
89634319	0.3357	1.9648	-1.4459
89634320	0.2982	2.2181	-1.7175
89634321	0.2465	2.2880	-2.4376
89634322	0.2440	1.5252	-2.5361
89634323	0.3386	1.2209	-2.4533
89634324	0.5013	0.4697	-2.6922
89634325	0.8224	-0.3690	-2.4605
89634326	1.0505	-0.5945	-1.4631
89634327	0.9044	-1.0041	-1.0748
89634328	0.9653	-0.8397	-0.7067
89634329	1.0206	-0.6534	-0.4797
89634330	1.1404	-0.4175	-0.2715
89634331	1.2663	0.2795	0.0292
89634332	1.1782	0.9599	0.5594
89634333	1.2006	1.5304	0.6476
89634334	1.1088	1.9015	0.8014
89634335	0.7950	2.3495	0.2961
89634336	0.3486	2.8476	0.0207
89634337	0.1803	3.2622	-0.3582
89634338	-0.2323	3.0869	-1.2762
89634339	-0.7537	3.0772	-2.0291
89634340	-0.8858	2.5507	-2.8060
89634341	-0.8976	1.7971	-3.3516
89634342	-0.5916	1.4997	-4.0713
89634343	-0.2952	1.1373	-4.0420
89634344	-0.1496	0.3900	-4.2158
89634345	0.4789	0.0226	-4.6686
89634346	0.6577	-0.6815	-4.0748
89634347	1.1817	-1.1483	-3.7574
89634348	1.3118	-1.2388	-2.8505
89634349	1.6553	-1.2197	-2.2719
89634350	1.5110	-1.1550	-1.1460
89634351	1.3029	-0.9807	-0.2659
89634352	1.0562	-0.9010	0.4060
89634353	0.6545	-0.6467	0.9729
89634354	0.1905	-0.2678	1.4078
89634355	-0.4481	0.5659	0.9866
89634356	-0.9748	0.7275	1.0583
89634357	-1.4408	1.0818	0.2917
89634358	-1.6335	0.9001	-0.2639
89634359	-1.4599	0.6719	-1.3718
89634360	-1.2079	0.9818	-2.3211
89634361	-0.7314	0.7237	-2.8804
89634362	-0.1013	0.6259	-3.2876
89634363	0.4007	0.2212	-2.9371
89634364	0.4752	-0.0966	-2.8962
89634365	0.4732	-0.2885	-2.5605
89634366	0.5584	-0.4304	-2.0432
89634367	0.4071	-0.8072	-1.0672
89634368	0.6354	-0.7472	-0.7556
89634369	0.7469	-1.0116	-0.4569
89634370	0.8500	-1.0100	-0.1465
89634371	0.7342	-0.5932	0.1669
89634372	0.6005	-0.3794	0.4475
89634373	0.4704	0.2627	0.4510
89634374	0.4860	0.7421	0.3296
89634375	0.2151	1.1909	0.4201
89634376	0.0570	1.6457	0.0852
89634377	-0.0293	1.8551	-0.3543
89634378	0.0576	1.9305	-0.9140
89634379	0.1873	1.9013	-1.2805
89634380	0.4224	1.4842	-1.0201
89634381	0.4810	1.2708	-0.8746
89634382	0.7205	0.8613	-1.4895
89634383	0.8115	0.7057	-1.4411
89634384	0.7501	0.6139	-1.1181
89634385	0.6950	0.3682	-1.0978
89634386	0.4936	0.3167	-0.5781
89634387	0.2764	0.1351	-0.0417
89634388	0.2290	0.1019	-0.3924
89634389	0.1493	-0.1638	-0.2389
89634390	0.2572	-0.3317	-0.1779
89634391	0.2660	0.1388	-0.3837
89634392	0.1188	0.3411	-0.3826
89634393	0.1540	0.6169	-0.7612
89634394	0.2576	0.7900	-0.4715
89634395	0.1894	0.8854	-0.5740
89634396	0.3478	1.0752	-0.7209
89634397	0.4768	0.9316	-0.8177
89634398	0.4609	0.8800	-0.7930
89634399	0.3795	0.4740	-0.9033
89634400	0.3930	0.1345	-0.7993
89634401	0.4172	-0.0185	-0.5846
89634402	0.3177	-0.2809	-0.2401
89634403	0.1162	-0.4148	0.0945
89634404	0.0262	-0.5897	0.0442
89634405	-0.0357	-0.2897	0.1483
89634406	-0.0493	-0.2187	-0.2018
89634407	-0.0165	-0.2876	-0.0206
89634408	-0.0096	-0.1092	-0.5968
89634409	0.1147	0.0929	-0.8054
89634410	0.1920	0.2212	-1.3208
89634411	0.3845	0.1350	-1.3839
89634412	0.3146	0.5107	-0.9664
89634413	0.2822	0.3871	-1.4395
89634414	0.3871	0.5238	-1.2649
89634415	0.1817	0.3335	-1.1214
89634416	0.2273	0.5056	-1.0534
89634417	0.2225	0.3310	-1.0546
89634418	0.4601	0.4549	-0.6524
89634419	0.5417	0.4040	-0.7998
89634420	0.6238	0.5739	-1.0524
89634421	0.7967	0.7419	-0.9922
89634422	0.8034	0.6003	-1.3752
89634423	0.8050	0.4668	-1.0684
89634424	0.5464	0.2970	-0.8523
89634425	0.2480	-0.0944	-0.4686
89634426	0.1546	-0.0707	-0.5420
89634427	0.2953	0.0379	-0.4702
89634428	0.3569	0.2573	-0.6613
89634429	0.4539	0.2544	-0.8753
89634430	0.5568	0.3620	-1.3264
89634431	0.4730	0.3385	-1.5680
89634432	0.3073	0.0369	-1.8412
89634433	0.1520	-0.0719	-1.1165
89634434	0.2687	-0.1854	-1.5540
89634435	0.3641	-0.2340	-1.5934
89634436	0.4299	-0.1709	-1.3405
89634437	0.6235	-0.1059	-2.0225
89634438	0.4861	0.1545	-1.7361
89634439	0.7389	0.8587	-1.5594
89634440	0.7179	1.1701	-1.3088
89634441	0.6893	1.2515	-1.0769
89634442	0.7529	1.4658	-0.7454
89634443	0.6233	1.3259	-0.8632
89634444	0.4701	1.0836	-0.7588
89634445	0.5670	0.9667	-0.7797
89634446	0.5920	0.9366	-0.4786
89634447	0.6874	0.7182	-0.7640
89634448	0.5414	0.8728	-0.8272
89634449	0.3670	0.8637	-1.1874
89634450	0.2144	0.8671	-1.5659
89634451	0.0954	0.7033	-1.6146
89634452	0.0677	0.6978	-1.2250
89634453	-0.0429	0.7781	-0.7944
89634454	-0.0361	0.5162	-1.0068
89634455	-0.2417	0.1189	-0.9990
89634456	-0.1145	0.0881	-0.9332
89634457	0.2156	0.1274	-0.5372
89634458	0.1614	-0.2809	-0.7488
89634459	0.0614	-0.3688	-0.6558
89634460	-0.0356	-0.5919	-0.1486
89634461	0.1175	-0.2509	-0.3695
89634462	0.2627	0.1246	-0.0717
89634463	0.3063	0.0574	-0.5233
89634464	0.0000	0.0000	0.0000
89634465	0.0000	0.0000	0.0000
89634466	0.0000	0.0000	0.0000
89634467	0.0000	0.0000	0.0000
89634468	0.0000	0.0000	0.0000
89634469	0.0000	0.0000	0.0000
89634470	0.0000	0.0000	0.0000
89634471	0.0000	0.0000	0.0000
89634472	0.0000	0.0000	0.0000
89634473	0.0000	0.0000	0.0000
89634474	0.0000	0.0000	0.0000
89634475	0.0000	0.0000	0.0000
89634476	0.0000	0.0000	0.0000
89634477	0.0000	0.0000	0.0000
89634478	0.0000	0.0000	0.0000
89634479	0.0000	0.0000	0.0000
89634480	0.0000	0.0000	0.0000
89634481	0.0000	0.0000	0.0000
89634482	0.0000	0.0000	0.0000
89634483	0.0000	0.0000	0.0000
89634484	0.0000	0.0000	0.0000
89634485	0.0000	0.0000	0.0000
89634486	0.0000	0.0000	0.0000
89634487	0.0000	0.0000	0.0000
89634488	0.0000	0.0000	0.0000
89634489	0.0000	0.0000	0.0000
89634490	0.0000	0.0000	0.0000
89634491	0.0000	0.0000	0.0000
89634492	0.0000	0.0000	0.0000
89634493	0.0000	0.0000	0.0000
89634494	0.0000	0.0000	0.0000
89634495	0.0000	0.0000	0.0000
89634496	0.0000	0.0000	0.0000
89634497	0.0000	0.0000	0.0000
89634498	0.0000	0.0000	0.0000
89634499	0.0000	0.0000	0.0000
89634500	0.0000	0.0000	0.0000
89634501	0.0000	0.0000	0.0000
89634502	0.0000	0.0000	0.0000
89634503	0.0000	0.0000	0.0000
89634504	0.0000	0.0000	0.0000
89634505	0.0000	0.0000	0.0000
89634506	0.0000	0.0000	0.0000
89634507	0.0000	0.0000	0.0000
89634508	0.0000	0.0000	0.0000
89634509	0.0000	0.0000	0.0000
89634510	0.0000	0.0000	0.0000
89634511	0.0000	0.0000	0.0000
89634512	0.0000	0.0000	0.0000
89634513	0.0000	0.0000	0.0000
89634514	0.0000	0.0000	0.0000
89634515	0.0000	0.0000	0.0000
89634516	0.0000	0.0000	0.0000
89634517	0.0000	0.0000	0.0000
89634518	0.0000	0.0000	0.0000
89634519	0.0000	0.0000	0.0000
89634520	0.0000	0.0000	0.0000
89634521	0.0000	0.0000	0.0000
89634522	0.0000	0.0000	0.0000
89634523	0.0000	0.0000	0.0000
89634524	0.0000	0.0000	0.0000
89634525	0.0000	0.0000	0.0000
89634526	0.0000	0.0000	0.0000
89634527	0.0000	0.0000	0.0000
89634528	0.0000	0.0000	0.0000
89634529	0.0000	0.0000	0.0000
89634530	0.0000	0.0000	0.0000
89634531	0.0000	0.0000	0.0000
89634532	0.0000	0.0000	0.0000
89634533	0.0000	0.0000	0.0000
89634534	0.0000	0.0000	0.0000
89634535	0.0000	0.0000	0.0000
89634536	0.0000	0.0000	0.0000
89634537	0.0000	0.0000	0.0000
89634538	0.0000	0.0000	0.0000
89634539	0.0000	0.0000	0.0000
89634540	0.0000	0.0000	0.0000
89634541	0.0000	0.0000	0.0000
89634542	0.0000	0.0000	0.0000
89634543	0.0000	0.0000	0.0000
89634544	0.0000	0.0000	0.0000
89634545	0.0000	0.0000	0.0000
89634546	0.0000	0.0000	0.0000
89634547	0.0000	0.0000	0.0000
89634548	0.0000	0.0000	0.0000
89634549	0.0000	0.0000	0.0000
89634550	0.0000	0.0000	0.0000
89634551	0.0000	0.0000	0.0000
89634552	0.0000	0.0000	0.0000
89634553	0.0000	0.0000	0.0000
89634554	0.0000	0.0000	0.0000
89634555	0.0000	0.0000	0.0000
89634556	0.0000	0.0000	0.0000
89634557	0.0000	0.0000	0.0000
89634558	0.0000	0.0000	0.0000
89634559	0.0000	0.0000	0.0000
89634560	0.0000	0.0000	0.0000
89634561	0.0000	0.0000	0.0000
