89633311	0.3639	-0.5170	-2.0584
89633312	0.4061	-0.6456	-2.0436
89633313	0.6180	-0.8686	-2.1742
89633314	0.5557	-0.8729	-2.0635
89633315	0.4268	-1.2031	-1.9067
89633316	0.4531	-1.2923	-2.1701
89633317	0.3863	-1.1895	-1.8636
89633318	0.3939	-1.3009	-2.0035
89633319	0.4602	-1.1914	-2.2795
89633320	0.2733	-1.0024	-1.9779
89633321	0.1460	-1.0945	-1.9070
89633322	0.0428	-0.7505	-2.0572
89633323	0.0546	-0.4762	-1.7919
89633324	-0.0936	-0.3297	-1.3252
89633325	0.2519	-0.1689	-1.8530
89633326	0.2495	-0.0085	-1.9310
89633327	0.3830	0.0433	-1.4585
89633328	0.3818	-0.0422	-1.8209
89633329	0.6148	-0.1271	-1.5825
89633330	0.6019	0.2129	-1.5649
89633331	0.4381	-0.3068	-1.7797
89633332	0.3529	-0.2977	-1.6845
89633333	0.4479	-0.3084	-1.6455
89633334	0.1269	-0.2558	-0.8699
89633335	-0.0076	-0.4221	-0.9059
89633336	-0.0196	-0.1534	-0.6197
89633337	-0.1855	-0.2551	-0.5935
89633338	0.1359	-0.2142	-0.7011
89633339	0.1554	-0.7378	-1.1252
89633340	0.1578	-0.3977	-1.0846
89633341	0.1225	-0.4346	-1.2191
89633342	0.0574	-0.5596	-1.2384
89633343	-0.0561	-0.6840	-1.1225
89633344	0.1069	-0.6037	-1.3551
89633345	-0.0828	-0.6482	-1.4988
89633346	-0.2534	-0.6587	-1.4655
89633347	-0.1931	-0.6012	-1.3645
89633348	-0.0888	-0.3329	-1.3073
89633349	-0.1017	-0.2106	-0.9890
89633350	0.0832	-0.1456	-0.9489
89633351	0.0494	0.0271	-0.6469
89633352	0.1291	0.1520	-0.7613
89633353	0.2349	0.4283	-0.4394
89633354	0.2768	0.4521	-0.5746
89633355	0.3470	0.5757	-0.4261
89633356	0.2962	0.4503	-0.5525
89633357	0.4011	0.0434	-1.0378
89633358	0.5077	0.2366	-0.8375
89633359	0.5168	-0.1070	-0.8638
89633360	0.5237	-0.4021	-1.2208
89633361	0.4772	-0.3578	-1.2876
89633362	0.4669	-0.6413	-1.4652
89633363	0.4622	-0.6295	-1.3564
89633364	0.3115	-0.4991	-1.4164
89633365	0.3826	-0.7386	-1.3129
89633366	0.1890	-0.8728	-1.3673
89633367	0.1810	-0.9646	-1.3034
89633368	0.1845	-0.9482	-1.1405
89633369	0.2245	-0.8110	-1.3963
89633370	0.0854	-0.8353	-1.1997
89633371	0.0175	-0.6678	-1.0453
89633372	0.1965	-0.7457	-1.0873
89633373	0.1591	-0.7375	-1.3443
89633374	0.1946	-0.5260	-1.4264
89633375	0.2436	-0.4492	-1.6665
89633376	0.1488	-0.2286	-1.3001
89633377	0.1564	-0.0988	-1.3859
89633378	0.2188	-0.1701	-1.5005
89633379	0.1927	-0.2445	-1.5341
89633380	0.2450	-0.3594	-1.8175
89633381	0.2887	-0.1458	-1.7297
89633382	0.1475	-0.2335	-1.5683
89633383	0.1184	-0.2043	-1.5796
89633384	0.1710	-0.3634	-1.6591
89633385	0.1053	-0.2668	-1.4953
89633386	0.1684	-0.3022	-1.1829
89633387	0.3608	-0.0235	-1.3894
89633388	0.3992	0.2302	-0.8073
89633389	0.4536	0.3023	-0.5964
89633390	0.3844	0.2483	-0.5510
89633391	0.5231	0.3944	-1.0150
89633392	0.4708	0.4311	-0.8611
89633393	0.4136	0.3955	-0.7631
89633394	0.4274	0.1400	-0.5044
89633395	0.5669	0.2295	-0.7270
89633396	0.5372	0.2689	-0.8977
89633397	0.4868	0.2000	-1.1146
89633398	0.5236	0.3425	-1.0384
89633399	0.4723	0.3440	-1.1684
89633400	0.3356	0.1665	-1.2239
89633401	0.3053	-0.1274	-0.9611
89633402	0.1293	-0.1999	-0.7348
89633403	0.0519	-0.0640	-0.7469
89633404	-0.0828	-0.3153	-0.8361
89633405	-0.1785	-0.5621	-0.8808
89633406	-0.3073	-0.7072	-0.8501
89633407	-0.3288	-0.8211	-0.9915
89633408	-0.2377	-0.7253	-1.0236
89633409	-0.1538	-0.7822	-0.8867
89633410	-0.2606	-0.9618	-1.0725
89633411	-0.2145	-0.8478	-0.5808
89633412	-0.2741	-0.6956	-0.4875
89633413	-0.3917	-0.7997	-0.1676
89633414	-0.4014	-0.8622	-0.2479
89633415	-0.2661	-0.5505	-0.2960
89633416	-0.1974	-0.5616	-0.3660
89633417	-0.0851	-0.3505	-0.4310
89633418	-0.1272	-0.1316	-0.3162
89633419	-0.1470	-0.0998	-0.3183
89633420	-0.0460	0.0013	-0.5052
89633421	0.0444	-0.0638	-0.7542
89633422	-0.0228	0.1500	-0.6088
89633423	-0.0082	-0.0475	-0.3765
89633424	0.1028	-0.0838	-0.8978
89633425	0.0725	-0.4982	-0.6594
89633426	0.2420	-0.2939	-0.6470
89633427	0.3516	-0.2485	-0.7630
89633428	0.3877	-0.1048	-0.6582
89633429	0.3384	-0.2545	-0.8921
89633430	0.4638	-0.0637	-1.0271
89633431	0.3425	-0.1288	-1.0180
89633432	0.3647	0.0850	-1.1502
89633433	0.2214	-0.0390	-1.2939
89633434	0.1545	-0.1216	-1.0101
89633435	0.0859	0.2129	-0.7932
89633436	0.2664	0.2818	-0.7780
89633437	0.3209	0.7403	-0.6986
89633438	0.2246	0.6029	-0.7723
89633439	0.1972	0.3731	-1.1822
89633440	0.1993	0.2476	-1.1636
89633441	0.1673	-0.0091	-0.8964
89633442	0.2842	-0.0164	-0.6193
89633443	0.1959	-0.4108	-0.3217
89633444	0.0939	-0.4046	-0.2456
89633445	0.1050	-0.4910	-0.5446
89633446	0.0315	-0.4153	-0.3807
89633447	0.0328	0.0313	-0.1158
89633448	-0.0279	-0.1751	-0.2783
89633449	-0.1306	-0.4160	-0.3197
89633450	-0.0676	-0.1152	-0.5943
89633451	-0.1026	-0.1567	-0.3513
89633452	-0.2571	-0.1862	-0.1567
89633453	-0.0940	-0.3450	-0.8492
89633454	-0.0601	-0.3338	-0.7143
89633455	0.0208	-0.4250	-0.8241
89633456	0.1444	-0.0209	-0.4188
89633457	0.3696	0.2374	-0.5560
89633458	0.4824	0.1394	-0.8250
89633459	0.4159	0.2654	-0.9495
89633460	0.5004	0.1387	-1.0641
89633461	0.5829	0.3036	-1.3481
89633462	0.6343	0.2702	-1.5578
89633463	0.4664	0.1355	-1.3796
89633464	0.4492	-0.1265	-1.2013
89633465	0.2297	-0.1059	-1.0330
89633466	0.1296	-0.3870	-0.7539
89633467	0.0156	-0.4448	-0.5585
89633468	-0.0936	-0.4054	-0.3119
89633469	-0.0110	-0.2971	0.0342
89633470	-0.0649	-0.4224	0.2981
89633471	0.1190	-0.4337	0.0925
89633472	0.0046	-0.4758	0.0321
89633473	0.0171	-0.2470	0.0614
89633474	-0.2214	-0.4117	0.0545
89633475	-0.1618	-0.2989	0.0925
89633476	-0.4036	-0.6362	-0.0736
89633477	-0.3984	-0.5751	-0.1324
89633478	-0.4974	-0.5090	0.0089
89633479	-0.3248	-0.4767	-0.1919
89633480	-0.2803	-0.4599	-0.2906
89633481	-0.2220	-0.5053	-0.5746
89633482	-0.2630	-0.4975	-0.3119
89633483	-0.2218	-0.3469	-0.2772
89633484	-0.0131	-0.3138	-0.2428
89633485	-0.1503	-0.5077	-0.1233
89633486	-0.0556	-0.4083	-0.2031
89633487	0.1320	-0.4733	-0.2559
89633488	0.0963	-0.3695	-0.0223
89633489	-0.0940	-0.1887	-0.1967
89633490	0.0516	-0.3560	-0.3032
89633491	-0.0790	-0.3776	-0.7108
89633492	-0.0592	-0.4176	-0.8313
89633493	0.0384	-0.5614	-1.0224
89633494	0.0357	-0.6228	-0.9933
89633495	-0.2089	-0.5883	-0.7382
89633496	-0.1354	-0.7548	-0.6730
89633497	0.0741	-0.5965	-0.6057
89633498	-0.1507	-1.0637	-0.6964
89633499	-0.3186	-0.8781	-1.1196
89633500	-0.0638	-0.7108	-0.7419
89633501	-0.2751	-0.7961	-0.7202
89633502	-0.2977	-0.8653	-0.7492
89633503	-0.3560	-0.6684	-0.5816
89633504	-0.2731	-0.6217	-0.7536
89633505	-0.3139	-0.7202	-0.4732
89633506	-0.3031	-0.8011	-0.3918
89633507	-0.2078	-0.7759	-0.1332
89633508	-0.3183	-0.7905	-0.2203
89633509	-0.2568	-0.6942	-0.4184
89633510	-0.2045	-0.7002	-0.2065
89633511	-0.3902	-0.6135	0.1758
89633512	-0.1752	-0.2794	0.1652
89633513	-0.0825	-0.1994	0.3917
89633514	-0.1483	-0.0606	0.3298
89633515	-0.2876	-0.1610	0.6906
89633516	-0.1150	0.0746	0.6573
89633517	-0.2327	-0.0210	0.7634
89633518	-0.2413	0.1774	1.0963
89633519	-0.2071	0.3430	0.8638
89633520	-0.3150	0.3694	1.1359
89633521	-0.2088	0.4093	1.0494
89633522	-0.2783	0.4037	1.0013
89633523	-0.1877	0.4512	1.1697
89633524	-0.2422	0.0736	0.7132
89633525	-0.2684	0.1159	0.9731
89633526	-0.1041	0.2084	0.9769
89633527	-0.1928	-0.0703	0.8959
89633528	-0.3010	-0.1980	0.8412
89633529	-0.2962	-0.2298	1.0361
89633530	-0.2449	-0.2484	0.6183
89633531	-0.2300	-0.2863	0.3514
89633532	-0.0865	-0.4302	0.0890
89633533	-0.0418	-0.5415	-0.1294
89633534	0.1659	-0.7033	-0.6363
89633535	0.3662	-0.7675	-0.8693
89633536	0.3702	-1.0353	-0.9565
89633537	0.4031	-0.8483	-1.1115
89633538	0.1146	-0.9287	-0.9658
89633539	0.2578	-1.1928	-1.2530
89633540	0.2282	-1.2595	-1.2234
89633541	0.1565	-1.3884	-1.2539
89633542	0.3077	-1.0077	-1.1930
89633543	0.2110	-1.2243	-1.1009
89633544	-0.0056	-1.3067	-1.1321
89633545	0.0088	-1.0412	-0.9268
89633546	-0.1204	-1.0457	-0.5834
89633547	-0.2504	-0.7661	-0.7242
89633548	-0.1941	-0.4631	-0.5570
89633549	-0.2039	-0.4713	-0.5194
89633550	-0.2094	-0.4485	-0.4783
89633551	-0.0921	-0.3065	-0.2494
89633552	-0.2043	-0.4397	-0.4607
89633553	-0.1175	-0.2504	-0.1496
89633554	-0.1995	-0.5925	-0.3095
89633555	-0.2363	-0.7035	0.0193
89633556	-0.4493	-0.5642	0.9086
89633557	-0.2815	-0.0309	0.7339
89633558	-0.2521	0.0823	0.8030
89633559	-0.2990	0.1059	0.4742
89633560	-0.3064	0.0638	0.4911
89633561	-0.2638	-0.0312	0.4531
89633562	-0.3261	-0.4083	-0.0044
89633563	0.0062	-0.0383	-0.2173
89633564	0.0721	-0.3761	-0.4932
89633565	0.2706	-0.4532	-0.3186
89633566	0.2923	-0.4130	-0.5999
89633567	0.1541	-0.6154	-0.9190
89633568	0.0179	-0.5869	-0.6192
89633569	-0.0241	-0.4825	-0.5801
89633570	-0.1093	-0.5711	-0.5221
89633571	-0.1490	-0.6161	-0.7135
89633572	-0.1158	-0.5760	-0.6747
89633573	-0.2564	-0.3177	-0.3918
89633574	-0.4251	-0.3366	-0.4297
89633575	-0.4277	-0.4953	-0.6515
89633576	-0.2822	-0.4712	-0.5128
89633577	-0.2106	-0.2549	-0.2983
89633578	-0.1119	-0.2267	-0.3246
89633579	-0.0827	-0.0875	-0.4809
89633580	-0.0707	-0.3240	-0.4084
89633581	0.0665	-0.2998	-0.2830
89633582	0.0483	-0.1894	-0.0285
89633583	-0.0427	-0.6460	-0.0315
89633584	0.2749	-0.3485	0.1987
89633585	0.2322	-0.0894	-0.0562
89633586	0.4736	-0.0116	-0.2464
89633587	0.3521	-0.0823	-0.5720
89633588	0.3536	-0.0864	-0.6828
89633589	0.4747	0.1003	-0.9568
89633590	0.3378	-0.0813	-1.0823
89633591	0.2350	-0.1692	-1.1798
89633592	0.3563	-0.2161	-1.0634
89633593	0.3236	-0.5291	-1.4779
89633594	0.3514	-0.5264	-1.4746
89633595	0.1751	-0.4115	-1.0200
89633596	0.0294	-0.6879	-0.4008
89633597	0.1080	-0.5101	-0.1369
89633598	-0.0894	-0.4771	-0.0163
89633599	-0.1929	-0.4853	0.1564
89633600	-0.1199	-0.3401	0.1516
89633601	-0.2430	-0.6285	-0.3468
89633602	-0.3064	-0.5190	-0.0113
89633603	-0.2336	-0.5239	-0.2993
89633604	-0.2280	-0.5604	-0.9030
89633605	-0.3024	-0.6289	-0.9877
89633606	-0.2083	-0.8129	-1.2578
89633607	-0.0120	-0.6953	-1.4281
89633608	0.0845	-0.5144	-1.1549
89633609	0.0899	-0.6553	-1.1323
89633610	0.1011	-0.7792	-1.3190
89633611	-0.0887	-1.0631	-1.4782
89633612	-0.1151	-1.0429	-1.7435
89633613	-0.1743	-1.2009	-2.0122
89633614	-0.3277	-1.3716	-1.9470
89633615	-0.2438	-1.4207	-1.7671
89633616	-0.1826	-1.4897	-1.9901
89633617	-0.3277	-1.6733	-1.3072
89633618	-0.2339	-1.4564	-1.0426
89633619	-0.1811	-1.2653	-1.0641
89633620	0.0194	-1.0608	-0.9303
89633621	0.1359	-1.1279	-1.1440
89633622	0.1784	-0.8870	-1.1250
89633623	0.2346	-0.8109	-1.2719
89633624	0.3018	-0.7107	-1.3096
89633625	0.5280	-0.5226	-1.2724
89633626	0.5896	-0.4243	-1.6640
89633627	0.6951	-0.2743	-1.3664
89633628	0.6937	0.1070	-0.9297
89633629	0.6028	-0.1294	-0.7145
89633630	0.6740	-0.1051	-0.7581
89633631	0.7073	-0.1285	-0.7879
89633632	0.7109	-0.3768	-1.0263
89633633	0.6041	-0.6596	-1.3246
89633634	0.5897	-0.4862	-1.2957
89633635	0.7257	-0.2105	-1.1828
89633636	0.6104	-0.3275	-1.0967
89633637	0.4824	-0.3400	-0.8835
89633638	0.5079	-0.0491	-0.8215
89633639	0.4443	-0.0692	-0.7567
89633640	0.4354	0.2001	-0.6740
89633641	0.4315	0.1886	-0.3075
89633642	0.3846	0.0817	-0.3315
89633643	0.2328	-0.0617	-0.4068
89633644	0.0616	-0.3492	-0.5731
89633645	-0.0187	-0.0899	-0.2447
89633646	0.1079	-0.2313	-0.6485
89633647	0.1928	-0.0753	-0.4752
89633648	0.0107	-0.3074	-0.4465
89633649	0.1383	-0.3057	-0.4382
89633650	0.2118	-0.6348	-0.5180
89633651	0.2466	-0.5539	-0.7046
89633652	0.1795	-0.5444	-1.1763
89633653	0.2035	-0.4248	-1.1271
89633654	0.0225	-0.6391	-1.1978
89633655	0.0892	-0.4968	-1.4100
89633656	0.2083	-0.6565	-1.4007
89633657	0.1907	-1.2020	-1.2908
89633658	0.2341	-0.7366	-1.1124
89633659	0.0967	-0.8383	-0.9730
89633660	0.2045	-0.7160	-1.0920
89633661	-0.0160	-0.9138	-1.2496
89633662	-0.0765	-0.6894	-0.7853
89633663	-0.4440	-0.9629	-1.2171
89633664	-0.4423	-0.6876	-1.0504
89633665	-0.3184	-0.4545	-0.9817
89633666	-0.4939	-0.5579	-0.8933
89633667	-0.6569	-0.4366	-0.5177
89633668	-0.5946	-0.2907	-0.2688
89633669	-0.5644	-0.2791	-0.0886
89633670	-0.4621	-0.0765	0.3217
89633671	-0.6416	-0.5531	0.4802
89633672	-0.3573	-0.4392	0.6278
89633673	-0.2704	-0.1609	0.3886
89633674	-0.0277	0.0057	0.6322
89633675	-0.0483	0.1520	1.1504
89633676	-0.0284	0.1817	0.9688
89633677	0.0313	0.3416	0.8513
89633678	0.0852	0.4918	0.5679
89633679	0.1301	0.3634	0.4402
89633680	0.3501	0.4151	0.1086
89633681	0.5172	0.5130	0.0511
89633682	0.4765	0.5122	-0.2773
89633683	0.4893	0.6135	-0.2630
89633684	0.4699	0.1808	-0.4902
89633685	0.6348	0.2427	-0.9171
89633686	0.3379	0.0659	-0.6178
89633687	0.2223	0.1351	-0.2842
89633688	0.0578	-0.1336	-0.6103
89633689	-0.0716	-0.2073	-0.3515
89633690	-0.1205	-0.1400	-0.4495
89633691	-0.0532	-0.1234	-0.0613
89633692	-0.2572	-0.2265	-0.4836
89633693	-0.0927	0.0556	-0.4335
89633694	-0.1525	-0.0534	-0.4389
89633695	-0.3681	-0.1556	-0.5288
89633696	-0.2425	-0.0608	-0.4072
89633697	-0.1466	-0.0146	0.1285
89633698	-0.2018	-0.1753	-0.0770
89633699	-0.1073	-0.3732	0.0172
89633700	-0.1237	-0.4785	-0.1459
89633701	0.0182	-0.8090	-0.0598
89633702	0.1396	-0.7136	-0.2202
89633703	0.2922	-0.4117	-0.0117
89633704	0.3499	-0.0383	-0.0407
89633705	0.3313	-0.0922	-0.1353
89633706	0.3102	-0.0886	-0.0963
89633707	0.3510	0.0647	0.0780
89633708	0.1100	-0.1166	-0.0755
89633709	-0.0086	-0.1157	-0.0530
89633710	-0.0819	-0.0613	-0.2756
89633711	-0.0571	0.0726	-0.2215
89633712	-0.0628	0.0384	-0.3039
89633713	-0.0922	-0.1909	0.0880
89633714	0.0218	-0.1328	0.4229
89633715	0.0415	-0.4517	0.2331
89633716	-0.0016	-0.7434	-0.0675
89633717	-0.0434	-0.9938	-0.1459
89633718	-0.0726	-0.9675	0.0225
89633719	0.0229	-0.7315	-0.3314
89633720	0.1115	-0.6724	-0.5642
89633721	0.2171	-0.6063	-0.4462
89633722	0.3673	-0.7273	-0.2812
89633723	0.4490	-0.5977	-0.3050
89633724	0.5621	-0.3133	-0.3410
89633725	0.6468	-0.3938	-0.6736
89633726	0.5194	-0.2480	-0.7679
89633727	0.3725	-0.1233	-0.8430
89633728	0.2978	-0.1353	-0.8963
89633729	0.3682	-0.2057	-0.7378
89633730	0.2551	-0.3089	-0.5664
89633731	0.1212	-0.5016	-0.6833
89633732	0.0504	-0.3481	-0.2564
89633733	0.1096	-0.3956	-0.2905
89633734	0.2763	-0.1900	-0.9649
89633735	0.3703	-0.4062	-0.8601
89633736	0.3801	-0.2235	-0.7364
89633737	0.3082	-0.3210	-0.7206
89633738	0.3757	-0.5347	-0.9046
89633739	0.3832	-0.7216	-0.7911
89633740	0.4890	-0.7809	-0.6298
89633741	0.3559	-0.8724	-0.6700
89633742	0.2901	-0.9636	-0.6339
89633743	0.3442	-0.8133	-0.6286
89633744	0.2256	-0.9120	-0.6472
89633745	0.0186	-1.1030	-0.4879
89633746	-0.0437	-0.9873	-0.2196
89633747	0.0380	-0.9343	-0.5429
89633748	-0.2166	-0.5614	-0.2316
89633749	-0.2266	-0.4024	-0.1922
89633750	-0.1363	-0.0024	-0.1209
89633751	-0.2532	-0.0435	0.2682
89633752	-0.1702	0.0081	-0.0336
89633753	-0.0489	0.1767	-0.4624
89633754	0.0994	0.2961	-0.2925
89633755	0.0419	0.3386	-0.0810
89633756	0.2721	0.2943	-0.2176
89633757	0.2768	0.1248	-0.5421
89633758	0.3208	-0.1000	0.0048
89633759	0.3258	-0.0811	-0.1924
89633760	0.1615	-0.2102	0.0468
89633761	0.1529	-0.5925	-0.6323
89633762	0.1735	-0.8262	-0.5187
89633763	0.1515	-0.8245	-0.5614
89633764	0.1590	-0.8683	-0.4895
89633765	0.2562	-0.9239	-0.6003
89633766	0.3479	-0.9345	-0.9328
89633767	0.3501	-0.9220	-1.0630
89633768	0.5085	-0.6463	-1.2420
89633769	0.4602	-0.6573	-1.1430
89633770	0.5146	-0.5392	-1.0901
89633771	0.6040	-0.2912	-1.1771
89633772	0.6012	-0.2955	-1.3937
89633773	0.6788	-0.2908	-1.5311
89633774	0.7344	-0.1476	-1.7236
89633775	0.7696	-0.0227	-1.7607
89633776	0.7196	0.1065	-1.5674
89633777	0.6750	0.0362	-1.7997
89633778	0.6461	0.2288	-1.4672
89633779	0.5291	0.4207	-1.0411
89633780	0.4038	0.2685	-0.9472
89633781	0.4650	0.0817	-1.2207
89633782	0.5037	0.2399	-1.3988
89633783	0.2696	0.1237	-1.0798
89633784	0.2174	0.3632	-1.0195
89633785	0.2453	0.2990	-0.9624
89633786	0.1511	0.0398	-1.0170
89633787	0.2151	0.1153	-0.8685
89633788	0.1796	0.4260	-0.5731
89633789	0.1670	0.5950	-0.6002
89633790	0.2862	0.4319	-0.5373
89633791	0.4936	0.4369	-0.5423
89633792	0.3390	0.4653	-0.1915
89633793	0.5518	0.3365	-0.7152
89633794	0.5351	0.2391	-0.9051
89633795	0.5689	0.2505	-0.8788
89633796	0.4486	0.1892	-1.0100
89633797	0.4877	0.5961	-0.7270
89633798	0.3974	0.5256	-0.8900
89633799	0.2654	0.4355	-0.9152
89633800	0.1062	0.1779	-0.9201
89633801	0.0277	0.2506	-1.0638
89633802	-0.2130	-0.1371	-1.5459
89633803	-0.2460	-0.4298	-1.3084
89633804	-0.3022	-0.3622	-1.4527
89633805	-0.1949	-0.2758	-0.7787
89633806	-0.2219	-0.4648	-0.8645
89633807	-0.0653	-0.4566	-0.7817
89633808	-0.2639	-0.5499	-0.6954
89633809	-0.2903	-0.1491	-0.1949
89633810	-0.0832	-0.1120	-0.2104
89633811	0.1661	-0.1758	-0.4581
89633812	0.1325	-0.3557	-0.5837
89633813	0.1888	-0.3026	-0.2447
89633814	0.0353	-0.3892	-0.0795
89633815	0.0558	-0.2327	0.2385
89633816	0.0492	-0.1407	0.2394
89633817	0.1209	0.0539	-0.2907
89633818	0.0342	0.2620	0.1357
89633819	-0.0159	0.3235	-0.2410
89633820	-0.0435	0.2173	-0.0577
89633821	-0.1569	0.2442	0.1296
89633822	-0.3179	0.0838	0.3446
89633823	-0.2351	0.1754	0.3724
89633824	-0.3118	0.1217	0.4553
89633825	-0.4783	0.1443	0.2993
89633826	-0.4377	0.0324	-0.0715
89633827	-0.3920	0.0039	-0.3060
89633828	-0.2800	0.0425	-0.6173
89633829	-0.1801	-0.0536	-0.6547
89633830	-0.3519	0.0540	-0.3910
89633831	-0.2311	0.3834	-0.8819
89633832	-0.2797	0.2002	-0.6609
89633833	-0.2432	-0.0743	-0.8921
89633834	-0.2201	0.2212	-0.8747
89633835	-0.1571	0.2704	-0.6765
89633836	-0.0326	0.5397	-0.7198
89633837	0.0579	0.5869	-0.6277
89633838	0.4179	0.8477	-0.9135
89633839	0.2937	0.8625	-0.6361
89633840	0.4072	0.8963	-0.5901
89633841	0.3075	0.6927	-0.7073
89633842	0.1590	0.6393	-0.1836
89633843	0.1511	0.3757	-0.4467
89633844	0.2946	0.4726	-0.7267
89633845	0.2648	0.3362	-1.0957
89633846	0.0080	0.0205	-1.0008
89633847	0.1861	0.3528	-0.9352
89633848	0.1527	0.2823	-1.0156
89633849	0.1294	0.4876	-0.7436
89633850	0.1250	0.4863	-0.9038
89633851	0.0242	0.3168	-1.3538
89633852	-0.0846	0.3373	-0.7429
89633853	-0.1634	0.2523	-0.9133
89633854	-0.0898	0.3237	-0.1899
89633855	-0.1377	0.2630	-0.3591
89633856	-0.0492	0.4129	-0.2136
89633857	0.0086	0.7237	0.0506
89633858	0.0750	0.6757	0.0843
89633859	-0.0911	0.5407	0.4471
89633860	-0.1418	0.5522	0.3162
89633861	-0.1204	0.4344	-0.1484
89633862	-0.1624	0.2566	-0.0564
89633863	-0.0806	0.3191	-0.6924
89633864	-0.1619	0.4229	-0.4983
89633865	-0.0517	0.3495	-0.7262
89633866	-0.1058	0.4229	-0.8618
89633867	-0.2688	0.2739	-0.8354
89633868	0.0727	0.3946	-1.3989
89633869	-0.0299	0.1463	-1.3011
89633870	0.0833	0.2248	-1.2861
89633871	0.2018	0.2144	-1.0998
89633872	0.0656	-0.2572	-0.8997
89633873	0.0594	-0.1216	-0.8743
89633874	0.1006	-0.0967	-0.3769
89633875	-0.0096	0.0017	-0.2796
89633876	0.1447	0.1901	-0.2054
89633877	0.1317	0.2788	-0.2546
89633878	-0.0523	-0.1254	-0.3174
89633879	-0.0796	-0.1297	0.0113
89633880	-0.1122	-0.0302	0.1265
89633881	-0.0254	-0.1660	-0.0534
89633882	0.0886	0.1284	-0.3332
89633883	-0.0126	0.4122	0.0000
89633884	0.1393	0.5282	-0.4035
89633885	0.1284	0.6666	-0.4470
89633886	0.1827	0.6690	-0.4604
89633887	0.0385	0.5667	-0.2186
89633888	-0.1035	0.5957	0.1330
89633889	-0.0571	0.9526	0.3215
89633890	0.0281	1.1547	0.6789
89633891	-0.1096	1.1175	1.0382
89633892	-0.2714	1.0731	1.0039
89633893	-0.3280	1.0844	0.5258
89633894	-0.1189	0.6999	0.3415
89633895	-0.3577	0.4073	0.4395
89633896	-0.1876	0.4322	-0.2247
89633897	-0.3182	0.4679	-0.1104
89633898	-0.3916	0.0772	-0.1867
89633899	-0.3396	-0.2331	-0.6003
89633900	-0.3576	-0.4409	-0.4575
89633901	-0.5271	-0.2077	-0.1268
89633902	-0.3175	0.1041	-0.1609
89633903	-0.4637	-0.2122	-0.3650
89633904	-0.3162	-0.0006	-0.3560
89633905	-0.2559	0.2025	-0.1429
89633906	-0.3118	0.3015	0.0248
89633907	-0.3940	0.3868	0.3252
89633908	-0.1963	0.5808	0.1870
89633909	-0.0623	0.4564	0.0017
89633910	0.0127	0.3724	-0.0328
89633911	0.0232	0.3533	0.3703
89633912	-0.1021	0.2508	-0.0914
89633913	-0.2445	0.2628	0.1335
89633914	-0.3158	0.1315	0.6550
89633915	-0.2087	0.0831	0.9218
89633916	-0.0966	0.2720	0.6733
89633917	-0.1204	0.1861	0.3323
89633918	-0.1429	0.3663	0.2112
89633919	-0.2823	0.0794	0.1662
89633920	-0.0617	0.4995	-0.0393
89633921	0.0461	0.6803	-0.4422
89633922	-0.1344	0.5746	-0.5890
89633923	-0.1432	0.5226	-0.2086
89633924	-0.2098	0.4655	0.1747
89633925	0.0009	0.6752	-0.0542
89633926	0.0121	0.7857	0.0893
89633927	0.1031	0.9523	0.0099
89633928	0.0421	0.9188	-0.1027
89633929	0.2821	0.9754	-0.3423
89633930	0.2235	0.6318	0.0423
89633931	0.3040	0.8896	0.1244
89633932	0.3727	0.8442	0.0596
89633933	0.3671	0.6573	0.0672
89633934	0.3390	0.5760	-0.3230
89633935	0.2021	0.4042	-0.0340
89633936	0.3104	0.5373	-0.4281
89633937	0.2158	0.5580	-0.2682
89633938	0.3000	0.4615	-0.4389
89633939	0.3626	0.7649	-0.3434
89633940	0.4854	0.4999	-0.4185
89633941	0.2550	0.4666	-0.1325
89633942	0.1749	0.0564	-0.0213
89633943	0.3646	0.1605	-0.4265
89633944	0.2201	-0.1410	0.0761
89633945	0.1785	-0.2137	-0.0606
89633946	0.1106	-0.0890	-0.3222
89633947	0.0227	0.0445	-0.0406
89633948	0.1107	0.3294	-0.0040
89633949	0.1134	0.2735	-0.2438
89633950	0.2968	0.4883	-0.1780
89633951	0.4165	0.5395	-0.5312
89633952	0.4294	0.7391	-0.3399
89633953	0.2962	0.5637	-0.7760
89633954	0.3911	0.5330	-1.2516
89633955	0.5601	0.8338	-1.2925
89633956	0.5614	0.9825	-1.0930
89633957	0.4310	0.8916	-0.8234
89633958	0.2381	0.8121	-0.5308
89633959	0.2897	0.7437	-0.7332
89633960	0.0632	0.3688	-0.3097
89633961	0.2204	0.4411	-0.2870
89633962	0.2824	0.6900	-0.6975
89633963	0.0954	0.4994	-0.4394
89633964	0.1354	0.5238	-0.5971
89633965	0.3817	0.8978	-0.6365
89633966	0.4742	0.8469	-0.8449
89633967	0.3559	0.8589	-0.8876
89633968	0.3940	0.6500	-0.4127
89633969	0.4197	0.7738	-0.2829
89633970	0.3653	0.9127	-0.6885
89633971	0.2036	0.3563	-0.4203
89633972	0.1122	0.1912	-0.0882
89633973	0.1018	0.0871	-0.1263
89633974	-0.0633	0.2803	0.1352
89633975	-0.0592	0.0069	0.3955
89633976	0.0901	-0.0288	0.1348
89633977	0.0827	-0.0660	0.2967
89633978	0.1496	0.1609	0.7117
89633979	0.2810	0.3198	0.3917
89633980	0.3001	0.4994	0.2473
89633981	0.4371	0.7881	0.0297
89633982	0.5413	0.9671	-0.2273
89633983	0.4121	0.9202	-0.8401
89633984	0.6218	1.0949	-0.7275
89633985	0.4195	0.8260	-0.9226
89633986	0.3589	0.9335	-1.1408
89633987	0.4254	1.0461	-1.2582
89633988	0.4712	1.1264	-1.1317
89633989	0.4473	1.1747	-1.0755
89633990	0.5673	1.2514	-1.2538
89633991	0.4906	1.1436	-1.3473
89633992	0.2604	1.1098	-1.4953
89633993	0.3428	0.7376	-1.9460
89633994	0.3943	0.6808	-2.0127
89633995	0.2084	0.7982	-1.6033
89633996	0.1487	0.3596	-1.4549
89633997	0.1658	0.0803	-1.4693
89633998	0.1271	0.1677	-1.3642
89633999	0.1389	-0.2742	-1.3719
89634000	0.3089	-0.2316	-1.1895
89634001	0.0681	-0.3428	-0.9933
89634002	0.1851	-0.3523	-0.8244
89634003	0.0611	-0.2457	-0.6949
89634004	0.0670	-0.3923	-0.9018
89634005	0.1247	-0.1061	-0.8548
89634006	0.2741	-0.0056	-1.2964
89634007	0.0726	0.0013	-0.6056
89634008	0.2532	-0.0548	-1.1588
89634009	0.1519	-0.0342	-1.3876
89634010	0.0843	-0.1523	-1.3601
89634011	0.0447	0.1428	-1.1346
89634012	0.0137	0.0779	-1.0205
89634013	0.1022	0.1952	-1.4339
89634014	0.0960	0.1649	-0.7514
89634015	0.1626	0.2268	-0.8772
89634016	0.0501	0.3915	-0.4169
89634017	0.2196	0.4420	-0.6778
89634018	0.2125	0.7465	-0.3889
89634019	0.1717	1.0179	-0.6269
89634020	-0.0064	1.0952	-0.4527
89634021	0.1795	1.3090	-0.6261
89634022	0.2201	1.1681	-0.6534
89634023	0.0715	1.1508	-0.7263
89634024	0.2635	0.9520	-1.0753
89634025	0.0811	0.9253	-0.8174
89634026	0.1069	0.6439	-0.6697
89634027	-0.0001	0.4123	-0.4142
89634028	0.0175	0.5700	-0.7500
89634029	-0.1684	0.3427	-0.6512
89634030	-0.2541	0.3822	-0.4375
89634031	-0.0474	0.4844	-0.6241
89634032	-0.2514	0.6003	-0.5298
89634033	-0.3027	0.5945	-0.2341
89634034	-0.1611	0.6087	-0.0943
89634035	-0.1596	0.7753	-0.3285
89634036	-0.2724	0.6688	0.1071
89634037	-0.2097	0.2893	0.0683
89634038	-0.1155	0.4135	0.3289
89634039	-0.1317	0.3596	0.2200
89634040	-0.1358	0.5948	0.2595
89634041	-0.0942	0.4705	-0.2411
89634042	-0.0895	0.2867	-0.4179
89634043	0.0310	0.4177	-0.3366
89634044	0.2278	0.5791	-0.9532
89634045	0.4022	0.6208	-1.0831
89634046	0.4059	0.5785	-0.7142
89634047	0.7409	0.7848	-1.2392
89634048	0.7447	0.8175	-1.2809
89634049	0.4768	0.5765	-1.1050
89634050	0.4265	0.5571	-1.4069
89634051	0.6531	0.5843	-1.3029
89634052	0.6010	0.7508	-1.2709
89634053	0.5008	0.4830	-1.4224
89634054	0.2253	0.1432	-1.0563
89634055	0.1865	-0.0216	-1.1183
89634056	0.1414	0.0126	-0.6437
89634057	0.0565	-0.1458	-0.4972
89634058	-0.2301	-0.1849	0.0404
89634059	-0.2169	-0.2194	-0.0812
89634060	-0.1616	-0.1897	-0.0893
89634061	-0.2117	0.1128	-0.6397
89634062	-0.1612	0.0813	-0.4504
89634063	-0.2693	-0.1485	0.0368
89634064	-0.2173	-0.1301	0.0439
89634065	-0.1680	-0.1030	0.3003
89634066	-0.2284	-0.1722	0.2546
89634067	-0.1094	0.1440	-0.1293
89634068	0.1037	0.1503	0.0911
89634069	-0.0107	0.2026	-0.0742
89634070	-0.0212	0.1644	-0.2213
89634071	-0.0306	0.1913	-0.1782
89634072	-0.0234	0.3125	-0.3500
89634073	0.0525	0.2582	-0.4592
89634074	0.0560	0.3266	-0.1905
89634075	-0.0103	0.3226	0.0700
89634076	-0.0783	0.1650	0.2256
89634077	-0.0554	0.0917	-0.2289
89634078	-0.2444	-0.0639	-0.0422
89634079	-0.1643	0.0833	-0.4784
89634080	-0.0001	-0.0604	-0.6846
89634081	-0.0447	-0.3180	-0.1693
89634082	-0.0707	-0.0845	-0.3018
89634083	0.0949	-0.1258	-0.4861
89634084	0.1488	-0.0957	-0.9672
89634085	-0.1227	0.2394	-0.4535
89634086	0.0326	0.4139	-0.8212
89634087	-0.0599	0.2799	-0.6203
89634088	-0.2518	0.3302	-0.4335
89634089	0.0176	0.5055	-0.7150
89634090	0.0537	0.5199	-0.7553
89634091	0.1915	0.5065	-0.5785
89634092	0.0307	0.1983	-0.4760
89634093	0.1957	0.2475	-0.7563
89634094	0.2996	0.5787	-0.5927
89634095	0.4279	0.5232	-0.4812
89634096	0.3797	0.7107	-0.6245
89634097	0.4040	0.9007	-0.6888
89634098	0.4137	0.7218	-0.3726
89634099	0.4827	0.9997	-0.4821
89634100	0.6212	1.1080	-1.1158
89634101	0.8298	1.3700	-1.1205
89634102	0.5921	1.3919	-1.0402
89634103	0.6431	1.2574	-1.3207
89634104	0.5752	1.3649	-1.5114
89634105	0.4761	0.9986	-1.2683
89634106	0.5556	0.9914	-1.6737
89634107	0.4074	0.9690	-1.4068
89634108	0.4571	0.7323	-1.2934
89634109	0.2860	0.5721	-1.3037
89634110	0.2700	0.3937	-1.2731
89634111	0.2413	0.2956	-0.4951
89634112	0.1785	0.1993	-0.6941
89634113	0.2671	0.2890	-0.8837
89634114	0.2283	0.1591	-0.7989
89634115	0.1586	0.2841	-0.9872
89634116	0.0073	0.1283	-0.7238
89634117	-0.1940	0.1824	-0.2627
89634118	0.0030	0.2019	-0.5863
89634119	-0.0607	0.3052	-0.3850
89634120	-0.1664	0.1689	-0.3508
89634121	-0.1840	0.1162	-0.4162
89634122	-0.5366	0.1530	-0.0019
89634123	-0.4306	0.0484	-0.0382
89634124	-0.3072	0.1068	0.1915
89634125	0.0435	-0.0276	-0.2502
89634126	-0.0232	-0.0203	-0.4393
89634127	-0.0066	0.2189	-0.3010
89634128	-0.1189	0.2838	-0.2838
89634129	0.0510	0.5151	-0.3756
89634130	0.0066	0.5306	-0.3962
89634131	0.1447	0.7123	-0.7197
89634132	0.1165	0.6379	-1.3279
89634133	0.1580	0.6879	-1.1470
89634134	0.3195	0.6534	-1.1307
89634135	0.2233	0.5112	-1.0938
89634136	0.2732	0.7661	-1.1812
89634137	0.4947	0.6186	-1.4754
89634138	0.4769	0.7255	-1.5556
89634139	0.6276	0.7354	-1.5981
89634140	0.6895	1.0863	-1.4439
89634141	0.7005	1.1021	-2.0964
89634142	0.4262	0.9185	-1.3983
89634143	0.2798	0.9349	-1.1327
89634144	0.0232	0.4451	-0.6267
89634145	-0.1398	0.2539	-0.3223
89634146	-0.1621	0.2554	-0.3043
89634147	-0.0736	0.3440	0.1900
89634148	-0.0200	0.1910	0.2266
89634149	0.0186	0.3038	0.5991
89634150	-0.0838	0.2150	0.6445
89634151	-0.1047	0.5345	0.8957
89634152	0.0654	0.2663	0.9798
89634153	0.0769	0.2002	1.1127
89634154	0.0485	0.2673	0.9831
89634155	0.0565	0.2684	0.9635
89634156	0.2239	0.0797	0.1423
89634157	0.1592	0.1502	0.3622
89634158	0.1712	0.2347	-0.3789
89634159	0.1531	0.4253	-0.4677
89634160	0.2308	0.4157	-0.4705
89634161	0.2080	0.3677	-0.7444
89634162	0.1363	0.2685	-0.8962
89634163	0.2024	0.4916	-0.4799
89634164	0.2384	0.5201	-0.3690
89634165	0.2609	0.2734	-0.7839
89634166	0.1196	-0.0446	-1.2494
89634167	0.1381	-0.1209	-1.5584
89634168	0.4372	0.0881	-1.7874
89634169	0.6232	0.2161	-1.9979
89634170	0.6145	0.3039	-2.1435
89634171	0.2759	0.1972	-1.7125
89634172	0.2918	0.2765	-1.0312
89634173	0.1422	0.6311	-0.9428
89634174	0.0736	0.5044	-0.9656
89634175	0.0856	0.8458	-0.8159
89634176	-0.1036	0.4996	-0.1477
89634177	-0.0043	0.5818	0.0873
89634178	-0.0596	0.7096	0.2014
89634179	0.3514	1.2649	-0.0729
89634180	0.5636	1.4157	-0.4008
89634181	0.6129	1.5359	-0.0135
89634182	0.6337	1.2243	-0.4929
89634183	0.6202	1.1348	-0.7634
89634184	0.8313	1.2600	-0.8654
89634185	0.8361	1.0954	-1.0490
89634186	0.7137	0.8095	-0.6602
89634187	0.8754	0.9120	-0.8638
89634188	0.8992	0.8882	-0.5262
89634189	0.8480	0.8515	0.0063
89634190	1.0639	0.8882	-0.0345
89634191	1.0459	0.9725	-0.5116
89634192	1.1125	0.8901	-0.9088
89634193	1.2888	0.9791	-0.7220
89634194	1.2548	1.0742	-0.4295
89634195	1.3259	1.0445	-0.3970
89634196	1.2233	0.9784	-0.4039
89634197	1.0332	0.7339	-0.4865
89634198	1.3067	0.5891	-0.8241
89634199	1.3468	0.5179	-1.1931
89634200	1.3761	0.3123	-1.6088
89634201	1.3275	0.5870	-1.6434
89634202	1.2947	0.8727	-1.2690
89634203	1.1383	0.7316	-1.5099
89634204	1.2474	0.8016	-1.5057
89634205	1.2692	1.0526	-1.7909
89634206	1.0539	0.9689	-1.8583
89634207	0.8597	1.3774	-1.3580
89634208	0.9257	1.5187	-1.5523
89634209	0.9941	1.2650	-1.6231
89634210	0.8804	1.0415	-1.3792
89634211	0.7196	0.8315	-1.0115
89634212	0.7423	0.9722	-0.9913
89634213	0.7931	0.9828	-0.9362
89634214	0.9161	1.2587	-0.6206
89634215	1.0230	1.4079	-0.9422
89634216	1.2266	1.3927	-1.2196
89634217	1.1245	1.5283	-1.4907
89634218	1.1170	1.2568	-1.3327
89634219	1.1685	1.4245	-1.3673
89634220	1.0262	1.3339	-1.3745
89634221	0.7361	1.2099	-0.7445
89634222	0.5468	0.9947	-0.9257
89634223	0.5932	0.8005	0.1395
89634224	0.8595	0.8852	-0.2795
89634225	0.8765	0.8657	-0.1312
89634226	0.8829	1.2500	0.3597
89634227	1.0174	1.2848	0.2541
89634228	1.1206	1.2908	0.6716
89634229	1.1643	1.2502	0.7693
89634230	1.1902	1.2690	1.1606
89634231	1.1119	1.2246	1.0849
89634232	1.0926	0.9768	0.7334
89634233	0.9805	1.0251	0.6860
89634234	0.9645	1.1291	0.3037
89634235	1.0871	1.2494	-0.5255
89634236	1.0215	1.2259	-0.5928
89634237	0.8626	0.8842	-0.5202
89634238	0.7148	0.9769	-0.7315
89634239	0.4860	0.8489	-0.9809
89634240	0.3568	0.5412	-1.1235
89634241	0.3530	0.4599	-1.2988
89634242	0.0559	0.2121	-1.3705
89634243	-0.1075	0.1227	-1.5791
89634244	-0.3308	-0.0176	-1.7066
89634245	-0.5605	-0.1176	-1.6879
89634246	-0.7470	-0.0472	-1.7397
89634247	-0.6777	-0.3437	-2.1401
89634248	-0.8257	-0.5341	-1.9105
89634249	-0.8469	-0.5347	-1.5500
89634250	-1.1690	-0.4267	-0.9001
89634251	-1.2078	-0.2502	-0.9995
89634252	-1.5662	-0.6261	-0.9212
89634253	-1.6382	-0.2329	-0.6796
89634254	-1.8562	-0.2194	-0.7260
89634255	-2.0038	-0.1344	-0.8083
89634256	-2.1095	0.0087	-0.6099
89634257	-2.1952	-0.1738	-0.4577
89634258	-2.1748	-0.3953	-0.5102
89634259	-2.1165	-0.2409	-0.3072
89634260	-2.2208	-0.2773	-0.2888
89634261	-2.2195	-0.3743	-0.4982
89634262	-1.9237	-0.3351	-1.0366
89634263	-1.8383	-0.0639	-0.8501
89634264	-1.8454	-0.1356	-0.8594
89634265	-1.7236	-0.2417	-1.0268
89634266	-1.8475	-0.5804	-0.6697
89634267	-1.7896	-0.6862	-0.8070
89634268	-1.7876	-1.0754	-0.6355
89634269	-1.6027	-0.9669	-0.7458
89634270	-1.5557	-0.9368	-0.7060
89634271	-1.3826	-0.9080	-0.2914
89634272	-1.0794	-0.6931	-0.4660
89634273	-0.8309	-0.4013	-0.1976
89634274	-0.3325	0.2242	-0.3244
89634275	-0.0290	0.3577	-0.3946
89634276	0.2352	0.6497	-0.2595
89634277	0.6778	1.0444	-0.5814
89634278	0.9314	1.3598	-0.4900
89634279	1.2947	1.5070	-0.0956
89634280	1.6576	1.7304	-0.0974
89634281	1.9250	1.8427	0.0312
89634282	2.2085	1.8771	0.1490
89634283	2.3041	2.0010	-0.3161
89634284	2.5946	2.3008	-0.3467
89634285	2.8561	2.5643	-0.8291
89634286	2.7621	2.4302	-0.8099
89634287	2.7047	2.3306	-0.5805
89634288	2.5663	2.6468	-0.4710
89634289	2.6689	2.6968	-0.9355
89634290	2.5923	2.4389	-1.0777
89634291	2.3979	2.4245	-0.7519
89634292	2.0683	2.0406	-0.1486
89634293	1.5449	1.4639	-0.2597
89634294	1.2025	0.9441	-0.2843
89634295	0.7429	0.4898	-0.1937
89634296	0.3815	0.1004	-0.7275
89634297	0.0715	-0.1761	-0.5280
89634298	-0.5348	-0.6835	-0.6351
89634299	-1.0017	-1.0161	-0.6818
89634300	-1.4594	-1.1067	-0.7144
89634301	-1.7538	-1.4753	-0.7445
89634302	-2.0423	-1.3963	-0.8113
89634303	-2.0583	-1.0070	-1.5390
89634304	-2.4160	-1.3006	-1.6934
89634305	-2.5766	-1.1007	-1.2497
89634306	-2.5409	-0.8913	-1.2972
89634307	-2.1952	-0.5226	-1.4939
89634308	-2.1301	-0.3816	-1.4214
89634309	-2.1059	-0.4329	-0.9946
89634310	-1.9733	-0.4597	-0.8814
89634311	-1.8035	-0.2791	-0.6499
89634312	-1.5760	-0.0633	-0.8872
89634313	-1.2459	-0.0334	-0.4686
89634314	-0.8563	0.2809	-0.1876
89634315	-0.3906	0.6478	-0.1384
89634316	-0.0130	1.1667	0.2390
89634317	0.6024	1.6705	-0.1015
89634318	1.0977	2.0399	-0.0069
89634319	1.5733	2.5548	-0.2104
89634320	2.1719	2.8619	-0.2662
89634321	2.5445	3.4963	-0.6956
89634322	2.9186	3.4574	-0.7729
89634323	3.0503	3.6158	-0.5707
89634324	3.2275	3.6552	-0.8772
89634325	3.3200	3.4356	-0.8848
89634326	3.1650	3.3582	-0.5385
89634327	2.9442	3.0157	-0.4757
89634328	2.5860	2.7639	-0.4571
89634329	2.1830	2.4803	-0.9680
89634330	1.7569	2.0177	-0.4104
89634331	1.2871	1.3188	-0.8001
89634332	0.8241	0.8399	-0.8816
89634333	0.1563	0.2299	-0.5490
89634334	-0.3457	-0.4293	-0.9488
89634335	-0.8554	-0.8493	-1.4517
89634336	-1.3105	-1.1501	-1.3302
89634337	-1.5161	-1.4869	-1.1649
89634338	-1.9417	-1.8213	-1.1435
89634339	-2.2152	-1.8027	-0.8973
89634340	-2.0659	-1.6652	-0.5029
89634341	-2.0759	-1.8640	-0.2026
89634342	-1.9166	-1.7050	-0.0914
89634343	-1.6546	-1.2530	0.1502
89634344	-1.3035	-0.9843	0.2104
89634345	-0.7248	-0.4288	-0.0436
89634346	-0.4763	-0.1283	0.5745
89634347	0.2279	0.5893	0.4551
89634348	0.6260	1.0987	0.7416
89634349	1.3631	1.8992	0.6180
89634350	1.7884	2.4589	0.5857
89634351	2.3104	3.2636	0.5108
89634352	2.7128	3.3550	0.2623
89634353	2.8178	3.5126	0.1080
89634354	3.0777	3.6189	-0.4378
89634355	3.0942	3.9161	-1.0941
89634356	2.6511	3.3624	-1.0183
89634357	1.9995	2.9738	-1.1676
89634358	1.3089	2.3378	-1.2755
89634359	0.8287	1.5720	-1.8357
89634360	0.1273	1.1516	-1.8896
89634361	-0.5833	0.1302	-1.6791
89634362	-1.2386	-0.9108	-1.8157
89634363	-1.7150	-1.3828	-1.8340
89634364	-2.2265	-1.5687	-1.9700
89634365	-2.5231	-1.4766	-2.3030
89634366	-2.4951	-1.6145	-2.2159
89634367	-2.6072	-1.8153	-2.2836
89634368	-2.3392	-1.7631	-1.6727
89634369	-1.5714	-1.2654	-1.3583
89634370	-0.7020	-0.6269	-0.9168
89634371	0.2180	0.4892	-0.8246
89634372	1.0598	1.0152	-0.8133
89634373	1.8754	1.6773	-0.6638
89634374	2.5352	2.0013	-0.3067
89634375	2.7661	2.3040	-0.3143
89634376	3.1038	2.6981	-0.4570
89634377	2.9443	2.7122	-0.1672
89634378	2.7730	2.4025	-0.3645
89634379	2.0564	2.0199	0.2057
89634380	1.0689	1.2221	0.6512
89634381	0.2875	0.6577	0.4958
89634382	-0.2299	0.2423	0.0420
89634383	-0.9169	-0.4618	0.0590
89634384	-1.6577	-0.7007	0.1767
89634385	-2.0140	-0.9283	0.1641
89634386	-2.3465	-1.1021	0.5724
89634387	-2.3731	-0.7491	0.9751
89634388	-2.1200	-0.2124	0.4439
89634389	-1.8407	0.2425	0.4297
89634390	-1.4420	0.7123	-0.1830
89634391	-0.9777	1.5874	-0.8318
89634392	-0.2398	2.3838	-1.2911
89634393	0.5616	3.3457	-1.7160
89634394	1.0971	3.6534	-1.5237
89634395	1.5826	4.2170	-1.5640
89634396	2.0761	4.5091	-1.7694
89634397	2.1729	4.3013	-1.8423
89634398	2.3103	3.6733	-2.3421
89634399	1.9000	2.7466	-2.2575
89634400	1.2101	1.3300	-2.2281
89634401	0.2731	-0.5732	-2.1949
89634402	-0.7169	-2.0317	-1.8413
89634403	-1.6425	-3.1871	-1.3081
89634404	-1.9879	-3.9580	-1.0491
89634405	-1.4746	-3.5742	-0.6475
89634406	-0.4701	-2.6227	0.1004
89634407	0.5717	-1.0803	0.7548
89634408	1.5169	0.6837	0.7493
89634409	2.1690	2.0921	0.8755
89634410	2.3127	3.1709	0.4639
89634411	1.8848	3.3382	0.7173
89634412	0.8616	3.0359	0.8221
89634413	0.2709	2.5656	0.0394
89634414	-0.5500	1.6351	-0.0701
89634415	-0.9292	0.7287	-0.3767
89634416	-1.0581	0.2421	-0.5245
89634417	-1.0769	0.1279	-0.3850
89634418	-0.9607	0.1741	-0.4850
89634419	-0.8735	0.3298	-0.8136
89634420	-0.8009	0.6861	-1.2998
89634421	-0.5277	0.7789	-1.5049
89634422	-0.5466	0.7635	-1.9733
89634423	-0.4680	0.7532	-1.6029
89634424	-0.3421	0.7423	-1.6577
89634425	-0.0521	0.4624	-0.9249
89634426	0.5271	0.2650	-0.9258
89634427	0.7156	-0.2442	-0.1638
89634428	0.6801	-0.6461	0.2871
89634429	0.3551	-0.9398	0.6970
89634430	0.4788	-0.6578	0.3964
89634431	0.3041	-0.4791	0.5536
89634432	0.1848	0.0219	0.2121
89634433	0.0950	0.5036	0.1837
89634434	0.1518	0.8881	-0.4906
89634435	0.3152	1.3450	-1.2036
89634436	0.5264	1.7313	-1.4864
89634437	1.0047	1.9258	-2.3260
89634438	0.9126	2.1258	-2.1142
89634439	0.9776	2.0699	-1.8934
89634440	0.6831	1.9123	-1.1865
89634441	0.4170	1.7951	-0.8083
89634442	0.3403	1.8620	-0.8091
89634443	0.0167	1.9652	-0.5532
89634444	-0.1676	1.9616	-0.9741
89634445	-0.2929	1.6096	-0.7622
89634446	-0.6517	0.9723	-0.7517
89634447	-0.6536	0.2411	-0.9917
89634448	-0.7384	-0.1476	-1.0841
89634449	-0.7619	-0.3379	-1.4998
89634450	-0.8282	-0.5589	-1.7938
89634451	-0.7619	-0.7246	-1.8472
89634452	-0.6269	-0.4836	-1.8536
89634453	-0.4279	-0.0905	-1.4437
89634454	0.0741	0.1711	-1.7788
89634455	0.4231	0.4404	-1.0898
89634456	0.8652	0.8486	-0.5476
89634457	1.1273	1.1416	-0.2204
89634458	1.1836	1.5257	0.3479
89634459	0.8833	1.8083	0.6164
89634460	0.2129	1.6963	0.9240
89634461	-0.2861	1.7491	0.2478
89634462	-0.6501	1.6614	-0.0353
89634463	-0.8046	1.2659	-1.0345
89634464	0.0000	0.0000	0.0000
89634465	0.0000	0.0000	0.0000
89634466	0.0000	0.0000	0.0000
89634467	0.0000	0.0000	0.0000
89634468	0.0000	0.0000	0.0000
89634469	0.0000	0.0000	0.0000
89634470	0.0000	0.0000	0.0000
89634471	0.0000	0.0000	0.0000
89634472	0.0000	0.0000	0.0000
89634473	0.0000	0.0000	0.0000
89634474	0.0000	0.0000	0.0000
89634475	0.0000	0.0000	0.0000
89634476	0.0000	0.0000	0.0000
89634477	0.0000	0.0000	0.0000
89634478	0.0000	0.0000	0.0000
89634479	0.0000	0.0000	0.0000
89634480	0.0000	0.0000	0.0000
89634481	0.0000	0.0000	0.0000
89634482	0.0000	0.0000	0.0000
89634483	0.0000	0.0000	0.0000
89634484	0.0000	0.0000	0.0000
89634485	0.0000	0.0000	0.0000
89634486	0.0000	0.0000	0.0000
89634487	0.0000	0.0000	0.0000
89634488	0.0000	0.0000	0.0000
89634489	0.0000	0.0000	0.0000
89634490	0.0000	0.0000	0.0000
89634491	0.0000	0.0000	0.0000
89634492	0.0000	0.0000	0.0000
89634493	0.0000	0.0000	0.0000
89634494	0.0000	0.0000	0.0000
89634495	0.0000	0.0000	0.0000
89634496	0.0000	0.0000	0.0000
89634497	0.0000	0.0000	0.0000
89634498	0.0000	0.0000	0.0000
89634499	0.0000	0.0000	0.0000
89634500	0.0000	0.0000	0.0000
89634501	0.0000	0.0000	0.0000
89634502	0.0000	0.0000	0.0000
89634503	0.0000	0.0000	0.0000
89634504	0.0000	0.0000	0.0000
89634505	0.0000	0.0000	0.0000
89634506	0.0000	0.0000	0.0000
89634507	0.0000	0.0000	0.0000
89634508	0.0000	0.0000	0.0000
89634509	0.0000	0.0000	0.0000
89634510	0.0000	0.0000	0.0000
89634511	0.0000	0.0000	0.0000
89634512	0.0000	0.0000	0.0000
89634513	0.0000	0.0000	0.0000
89634514	0.0000	0.0000	0.0000
89634515	0.0000	0.0000	0.0000
89634516	0.0000	0.0000	0.0000
89634517	0.0000	0.0000	0.0000
89634518	0.0000	0.0000	0.0000
89634519	0.0000	0.0000	0.0000
89634520	0.0000	0.0000	0.0000
89634521	0.0000	0.0000	0.0000
89634522	0.0000	0.0000	0.0000
89634523	0.0000	0.0000	0.0000
89634524	0.0000	0.0000	0.0000
89634525	0.0000	0.0000	0.0000
89634526	0.0000	0.0000	0.0000
89634527	0.0000	0.0000	0.0000
89634528	0.0000	0.0000	0.0000
89634529	0.0000	0.0000	0.0000
89634530	0.0000	0.0000	0.0000
89634531	0.0000	0.0000	0.0000
89634532	0.0000	0.0000	0.0000
89634533	0.0000	0.0000	0.0000
89634534	0.0000	0.0000	0.0000
89634535	0.0000	0.0000	0.0000
89634536	0.0000	0.0000	0.0000
89634537	0.0000	0.0000	0.0000
89634538	0.0000	0.0000	0.0000
89634539	0.0000	0.0000	0.0000
89634540	0.0000	0.0000	0.0000
89634541	0.0000	0.0000	0.0000
89634542	0.0000	0.0000	0.0000
89634543	0.0000	0.0000	0.0000
89634544	0.0000	0.0000	0.0000
89634545	0.0000	0.0000	0.0000
89634546	0.0000	0.0000	0.0000
89634547	0.0000	0.0000	0.0000
89634548	0.0000	0.0000	0.0000
89634549	0.0000	0.0000	0.0000
89634550	0.0000	0.0000	0.0000
89634551	0.0000	0.0000	0.0000
89634552	0.0000	0.0000	0.0000
89634553	0.0000	0.0000	0.0000
89634554	0.0000	0.0000	0.0000
89634555	0.0000	0.0000	0.0000
89634556	0.0000	0.0000	0.0000
89634557	0.0000	0.0000	0.0000
89634558	0.0000	0.0000	0.0000
89634559	0.0000	0.0000	0.0000
89634560	0.0000	0.0000	0.0000
89634561	0.0000	0.0000	0.0000
