89633311	0.5772	0.9445	-2.7737
89633312	0.4712	0.4010	-2.1908
89633313	0.2179	-0.1029	-2.5253
89633314	0.4498	0.8628	-2.0891
89633315	0.0577	-0.0640	-1.7597
89633316	0.3041	0.3488	-2.0314
89633317	-0.0750	-0.1110	-2.7606
89633318	0.4129	0.8698	-1.3903
89633319	0.6210	0.6938	-2.4380
89633320	0.3788	0.4219	-1.4243
89633321	0.5751	1.0072	-2.3271
89633322	0.3084	0.4762	-2.5209
89633323	0.3044	0.8116	-1.7880
89633324	0.0204	0.8108	-1.5475
89633325	0.1849	1.2885	-1.3511
89633326	0.4008	0.7676	-2.0231
89633327	0.1242	0.7972	-2.3011
89633328	0.2000	0.0805	-1.9518
89633329	0.0242	0.2341	-2.6820
89633330	0.4647	0.1065	-2.1481
89633331	0.4115	-0.2737	-2.8399
89633332	0.0200	-0.0827	-2.7084
89633333	0.3013	0.3241	-2.2027
89633334	-0.0380	0.4401	-0.6762
89633335	-0.0745	0.2367	-1.9226
89633336	0.4381	1.3754	-2.3428
89633337	-0.1641	0.3446	-2.4950
89633338	0.0361	0.1892	-1.8860
89633339	0.4603	0.3973	-2.2017
89633340	-0.0866	0.3333	-1.8993
89633341	0.2258	0.4343	-2.3302
89633342	-0.0890	-0.3267	-2.3627
89633343	-0.1816	0.3982	-2.0794
89633344	0.3086	0.5908	-2.0132
89633345	-0.0660	-0.1649	-1.9326
89633346	-0.2794	-0.3081	-0.9801
89633347	0.0852	0.9162	-0.6380
89633348	0.3038	0.6391	-1.3836
89633349	0.1482	0.5886	-1.6374
89633350	0.3072	0.5214	-1.2095
89633351	0.4128	0.5269	-0.9874
89633352	0.2426	0.5590	-0.6841
89633353	0.4378	0.6531	-1.3797
89633354	0.4839	0.8413	-2.4000
89633355	0.0730	0.2065	-2.7583
89633356	-0.1938	-0.0881	-2.6110
89633357	0.3395	0.1260	-1.7753
89633358	0.4302	0.4356	-1.7865
89633359	0.4277	0.2941	-1.2516
89633360	0.0289	0.0937	-1.8741
89633361	0.2351	0.4404	-1.8430
89633362	0.1895	0.4414	-0.6816
89633363	0.3632	0.0428	-2.0069
89633364	0.3023	-0.2652	-1.1599
89633365	-0.0237	-0.8369	-0.9729
89633366	-0.1427	-0.0641	-1.4585
89633367	-0.1787	0.2969	-1.3297
89633368	-0.1540	-0.2497	-1.4776
89633369	-0.2310	-0.0729	-2.1332
89633370	-0.1599	-0.2241	-2.5178
89633371	0.0222	0.0820	-1.2699
89633372	0.0135	0.1883	-1.2184
89633373	-0.1085	0.3407	-1.4905
89633374	-0.0337	0.8841	-0.5852
89633375	0.2252	0.9915	-1.7375
89633376	0.2663	0.8139	-1.9976
89633377	0.0786	0.2294	-1.9474
89633378	0.0670	0.5574	-2.5439
89633379	0.2242	0.5097	-2.1653
89633380	-0.0937	0.4077	-2.0685
89633381	0.4247	0.6079	-1.3287
89633382	0.3076	0.5079	-1.3482
89633383	0.4929	0.5774	-2.6252
89633384	0.2421	0.3006	-2.7563
89633385	-0.0337	0.4955	-1.0475
89633386	0.2160	0.6454	-1.6353
89633387	0.0665	0.1811	-1.2625
89633388	0.2289	0.3485	-1.1584
89633389	0.0174	0.0756	-0.6154
89633390	-0.0925	0.3906	-2.1684
89633391	0.0969	-0.0154	-3.1141
89633392	0.2403	0.7291	-2.2348
89633393	0.0378	0.8231	-1.4303
89633394	0.4743	0.5715	-1.4548
89633395	0.5274	0.8315	-0.9452
89633396	0.2558	0.4592	-2.3411
89633397	0.4945	-0.2994	-1.6713
89633398	0.3498	-0.0866	-1.8729
89633399	0.5590	0.2298	-1.2822
89633400	0.0070	-0.1292	-2.2084
89633401	0.2691	-0.1966	-1.7501
89633402	0.0785	-0.3880	-1.6576
89633403	0.3352	0.0872	-0.9415
89633404	0.3164	-0.4039	-0.9615
89633405	0.4049	-0.3726	-2.5155
89633406	0.4066	0.4788	-1.7346
89633407	0.5406	-0.0307	-0.6535
89633408	-0.1723	-0.3524	-1.9876
89633409	0.2730	-0.7935	-0.5205
89633410	0.1414	0.2383	-0.6623
89633411	-0.2740	-0.3583	-0.9227
89633412	0.0108	-0.1293	-0.9573
89633413	-0.1091	-0.7645	-1.0786
89633414	-0.2073	-0.1961	-1.2885
89633415	-0.1204	-0.4995	-1.3924
89633416	-0.1367	-0.0652	-0.8100
89633417	-0.0502	0.6108	-0.1330
89633418	-0.0563	0.3936	-0.0633
89633419	0.0045	-0.0242	-0.8947
89633420	0.0440	0.1165	-0.7340
89633421	0.3627	0.5270	-0.2020
89633422	0.0629	0.7660	-1.1976
89633423	-0.2576	0.5200	-0.1318
89633424	-0.2086	0.3354	-1.0813
89633425	-0.0529	0.1635	-0.6767
89633426	0.2478	-0.3455	-2.2119
89633427	0.4265	0.2885	-0.1439
89633428	0.0518	0.0340	-1.0884
89633429	0.1095	-0.4540	-1.6185
89633430	0.0178	-0.1409	-1.5221
89633431	0.2200	0.4598	-1.4032
89633432	0.3654	0.2551	-1.1884
89633433	0.4944	0.6326	-1.4247
89633434	0.1562	0.7601	-1.2524
89633435	-0.0504	0.0535	-1.5695
89633436	0.0731	0.2140	-1.2723
89633437	0.1141	0.4669	-1.2452
89633438	0.2451	0.5712	-1.5787
89633439	-0.0316	0.4210	-0.6745
89633440	-0.0372	0.1178	-1.4979
89633441	-0.0370	1.0150	-0.9700
89633442	-0.0225	0.5530	-0.5752
89633443	0.3803	-0.0351	-1.1075
89633444	-0.1881	-0.1210	-1.0211
89633445	-0.0582	0.2843	-0.4900
89633446	0.3168	-0.0533	-0.8691
89633447	-0.0805	0.4248	-0.7936
89633448	0.0776	0.5401	-0.3300
89633449	-0.2466	-0.0956	-0.3895
89633450	-0.1123	-0.1231	-2.0257
89633451	0.3014	0.8281	-0.9251
89633452	-0.1935	0.4052	-0.5795
89633453	-0.0105	0.7479	-0.4166
89633454	0.0870	0.4566	-1.9371
89633455	-0.0583	0.1852	-0.9744
89633456	-0.1153	-0.0166	-1.1943
89633457	0.0398	0.5820	0.2205
89633458	-0.0282	0.3087	-0.1354
89633459	0.4540	0.5281	-0.3883
89633460	0.3169	-0.0796	-1.1347
89633461	0.3430	0.1300	-1.2421
89633462	0.1323	-0.2552	-1.6947
89633463	0.3492	0.3187	-0.3124
89633464	0.4076	0.3548	-0.1813
89633465	0.1938	0.4890	-0.0385
89633466	0.0496	0.0768	-0.3355
89633467	-0.2295	0.1682	-1.0529
89633468	0.2114	0.5996	-0.7062
89633469	0.2055	-0.0631	-0.9343
89633470	0.4927	0.0522	-0.8815
89633471	0.5436	-0.0502	-0.6900
89633472	0.1846	-0.0830	-0.2893
89633473	0.2282	-0.0058	-0.2303
89633474	0.4069	-0.2185	-1.1875
89633475	0.1518	-0.1627	-0.7724
89633476	0.2298	0.0528	-1.0719
89633477	0.0920	-0.1616	-1.0192
89633478	-0.2055	-0.1221	-0.8638
89633479	0.2339	-0.2237	-1.0895
89633480	0.0651	0.0714	-0.7362
89633481	0.1926	0.0091	-1.7125
89633482	-0.1352	0.0450	-0.1460
89633483	-0.3481	0.1549	-0.7933
89633484	0.1569	0.0884	-0.2461
89633485	0.2832	-0.2927	-0.1917
89633486	0.3422	0.1615	0.4100
89633487	0.5207	0.3112	0.3076
89633488	0.4077	-0.1713	0.0026
89633489	0.2891	0.0352	-1.3479
89633490	0.2247	-0.0495	-0.9992
89633491	0.1850	-0.0687	-0.5400
89633492	0.2453	-0.2188	-0.9660
89633493	-0.1397	0.0833	0.7591
89633494	-0.0775	-0.1869	-1.3351
89633495	0.2551	-0.2447	-0.6083
89633496	0.3911	-0.1887	-0.1274
89633497	0.2273	0.2345	1.2037
89633498	-0.1291	-0.2999	-0.1935
89633499	0.3982	0.0882	0.5721
89633500	-0.1583	-0.2534	-0.6628
89633501	0.1051	-0.1816	-1.0026
89633502	-0.2188	-0.1985	0.2311
89633503	-0.1385	-0.1709	-0.1191
89633504	0.3579	0.4663	-0.2705
89633505	0.2670	0.2840	-0.4422
89633506	0.1580	-0.1323	-0.4588
89633507	0.2509	0.0719	-0.4779
89633508	0.3841	0.1598	-0.5073
89633509	0.2551	-0.2888	-1.0147
89633510	0.2738	0.0413	-0.2387
89633511	0.2816	-0.0350	0.2505
89633512	0.2745	-0.2298	0.5202
89633513	0.2981	0.3496	1.2986
89633514	0.1035	-0.2381	0.3930
89633515	0.1303	-0.4004	0.7786
89633516	0.0091	-0.5988	0.1019
89633517	-0.0884	-0.9210	-0.4734
89633518	0.1181	-0.2903	0.2763
89633519	0.4220	-0.2033	-0.3482
89633520	0.1432	0.1901	0.4704
89633521	-0.0015	0.0468	0.0783
89633522	0.3297	0.1795	-0.1854
89633523	0.0151	0.1048	-0.1792
89633524	0.3980	-0.5091	0.0304
89633525	0.2152	-0.7353	-0.1393
89633526	0.3882	-0.4634	-0.0538
89633527	0.2701	-0.8716	0.2478
89633528	0.1514	-0.5849	-0.3660
89633529	-0.2579	-0.7948	0.2190
89633530	-0.1687	-0.6485	-0.9927
89633531	0.3295	0.2867	0.3351
89633532	-0.3138	-0.3090	0.2741
89633533	0.3970	-0.0897	-0.3226
89633534	-0.0739	-0.2979	-0.1273
89633535	0.1535	-0.3083	-0.4380
89633536	0.3362	-0.6900	-1.1241
89633537	0.1523	-0.6140	-1.0009
89633538	-0.0867	-0.4515	-0.9379
89633539	0.0274	-0.5975	-0.4528
89633540	0.0578	-0.1754	0.0879
89633541	-0.1672	-0.6576	0.7278
89633542	0.2284	-0.4474	-0.6539
89633543	-0.1199	-0.1598	-0.3165
89633544	-0.0957	-0.0154	-0.8690
89633545	-0.1816	0.1463	-0.4902
89633546	-0.0342	0.1427	0.3285
89633547	0.0310	-0.5348	-0.2122
89633548	0.1512	-0.5688	0.4485
89633549	0.0981	-0.3241	-0.8003
89633550	-0.0568	-0.2903	-0.3539
89633551	0.3548	-0.2138	-0.2798
89633552	0.2113	-0.4911	-0.1230
89633553	0.0619	-0.2245	0.2014
89633554	0.2282	-0.1066	0.1754
89633555	0.2149	-0.5794	-0.1214
89633556	0.3012	-0.4929	0.0153
89633557	0.1039	-0.1372	0.0859
89633558	-0.0124	-0.1715	-0.2507
89633559	0.1680	0.0835	-0.2174
89633560	0.1552	-0.1227	0.1499
89633561	0.4548	-0.1744	-0.7966
89633562	-0.1409	0.1158	-0.7339
89633563	-0.2862	0.1149	0.4636
89633564	-0.1320	0.3214	-0.8560
89633565	-0.2376	0.1059	0.0212
89633566	-0.0382	0.2394	-1.3026
89633567	-0.3000	0.1646	-0.0186
89633568	-0.0184	0.4121	0.2328
89633569	-0.0765	0.2533	-0.8271
89633570	-0.6845	-0.2958	-0.1985
89633571	0.2243	0.6868	0.5212
89633572	-0.0598	-0.4415	-0.2188
89633573	-0.1616	0.1489	0.3714
89633574	-0.1386	0.0460	0.1456
89633575	-0.0105	-0.4370	0.1541
89633576	-0.0474	-0.4384	-0.3628
89633577	-0.0955	-0.3593	-0.5791
89633578	-0.0010	0.0959	-0.3175
89633579	-0.0414	0.2036	0.5242
89633580	-0.6524	-0.3554	-1.2827
89633581	0.2473	0.0816	-0.8637
89633582	-0.0660	-0.3865	-0.9035
89633583	-0.1860	-0.4135	0.1154
89633584	-0.1136	-0.3078	-0.2623
89633585	-0.0216	-0.4264	0.0583
89633586	0.0616	-0.0092	0.0354
89633587	0.0176	0.0177	-0.3580
89633588	-0.1524	-0.2451	-0.2005
89633589	-0.1637	0.0579	0.6044
89633590	-0.1785	-0.3745	-0.7712
89633591	-0.2957	0.0198	0.8631
89633592	-0.0893	-0.2339	-0.8935
89633593	-0.2956	-0.4189	-0.8633
89633594	-0.0446	-0.1048	-0.4793
89633595	-0.4475	-0.3451	-0.5125
89633596	0.0515	-0.0900	0.4649
89633597	-0.2163	0.2131	-0.0628
89633598	-0.3133	-0.2605	0.3731
89633599	-0.1933	-1.0037	-0.9396
89633600	-0.3021	-1.1116	-0.4201
89633601	-0.2270	-0.9578	-0.3484
89633602	-0.3614	-0.7006	-0.1080
89633603	-0.2633	-0.3678	0.5403
89633604	-0.3359	-0.5787	-0.5998
89633605	-0.1860	-0.4403	0.2813
89633606	-0.1219	-0.2860	0.0761
89633607	-0.4185	-0.5263	-0.0672
89633608	-0.2966	-0.5921	0.4146
89633609	-0.2426	-0.5691	0.1160
89633610	-0.2081	-0.7700	-0.3215
89633611	-0.1487	-0.5818	-0.5500
89633612	0.1119	-0.2509	0.1693
89633613	-0.3157	-0.4050	-0.3169
89633614	-0.0403	-0.2839	0.3623
89633615	-0.1314	-0.3428	-0.4769
89633616	-0.0930	-0.2378	-1.3951
89633617	-0.1610	-0.3965	-0.3554
89633618	0.0779	-0.5258	-0.1982
89633619	0.1242	-0.5084	-0.5204
89633620	0.2059	-0.2682	-0.8175
89633621	0.1846	-0.6058	-0.3561
89633622	0.3791	0.0640	-0.1241
89633623	0.2404	-0.1654	-1.0151
89633624	0.2415	0.3279	-0.5322
89633625	-0.1103	0.1559	-0.2002
89633626	0.0030	0.2790	0.2917
89633627	-0.4119	-0.0784	-0.5269
89633628	-0.2499	-0.6066	-0.7170
89633629	0.2524	-0.2313	-0.1522
89633630	-0.0841	-0.3634	-1.1765
89633631	0.1688	-0.2867	0.6204
89633632	0.1458	-0.2534	0.0171
89633633	0.1225	0.3327	-0.7687
89633634	-0.0528	-0.3851	-0.3286
89633635	-0.2862	-0.1314	-0.5973
89633636	-0.1067	-0.2633	-0.7575
89633637	-0.5124	-0.1401	0.0648
89633638	-0.2967	0.4944	-0.1371
89633639	-0.4846	0.0232	0.3694
89633640	-0.1341	-0.1552	0.0387
89633641	-0.2048	-0.0137	-0.7518
89633642	-0.1175	0.1711	-0.5666
89633643	-0.0256	-0.3810	-0.5690
89633644	-0.2314	-0.4452	-1.1736
89633645	0.1616	-0.2166	-0.4160
89633646	-0.0001	0.4777	-0.0559
89633647	-0.1208	-0.3601	-0.9756
89633648	0.0013	-0.4516	-0.7180
89633649	0.1078	-0.3591	-0.2213
89633650	0.2294	0.0011	-0.6746
89633651	0.0025	-0.1721	-0.8290
89633652	-0.2118	-0.2370	-1.1607
89633653	-0.0838	0.4029	-0.8460
89633654	-0.2976	0.2840	0.1544
89633655	-0.2295	0.4325	0.0754
89633656	-0.3733	0.3009	0.5044
89633657	-0.6951	-0.5455	0.2244
89633658	-0.1957	0.1036	0.1141
89633659	0.0343	0.0794	0.2306
89633660	-0.2630	0.0075	0.0971
89633661	-0.0906	0.1559	-0.8092
89633662	-0.0749	-0.1618	-0.7039
89633663	-0.6591	-0.5490	-0.0200
89633664	-0.5533	0.2977	-0.4057
89633665	-0.8142	-0.2616	-0.3605
89633666	-0.2743	-0.1541	-0.0620
89633667	-0.3668	0.5703	-0.0535
89633668	0.0327	0.0647	-0.6039
89633669	-0.6431	-0.3000	-0.4584
89633670	-0.4965	-0.0086	0.0734
89633671	-0.3450	0.1862	0.6967
89633672	-0.5746	-0.3765	-0.2118
89633673	-0.4640	-0.9332	-0.5416
89633674	-0.3343	-0.0773	0.8628
89633675	-0.3126	-0.4486	0.7288
89633676	-0.4344	-0.3257	0.1227
89633677	-0.1603	-0.1821	-0.3350
89633678	-0.7668	-0.4964	-0.1759
89633679	-0.5145	0.1369	0.1418
89633680	-0.1020	0.5685	1.0306
89633681	0.1992	-0.0005	-0.0358
89633682	-0.3754	0.1572	-0.5055
89633683	-0.3482	-0.1870	0.2412
89633684	-0.1166	-0.0249	-0.2128
89633685	0.2864	0.3413	-0.7027
89633686	0.2816	0.5734	0.5223
89633687	0.1445	0.6174	-0.3374
89633688	-0.2548	-0.0024	-0.0760
89633689	-0.0562	0.3676	0.2349
89633690	-0.2751	0.6128	1.5081
89633691	0.0538	0.3299	-0.6196
89633692	-0.0555	0.4285	-0.7242
89633693	0.0779	0.4317	0.7154
89633694	-0.3418	0.0650	0.2328
89633695	-0.7319	-0.0115	0.4832
89633696	-0.2260	-0.1034	-0.0510
89633697	0.0942	0.5594	0.5192
89633698	-0.2790	0.0539	-0.3492
89633699	-0.3669	0.0241	0.3149
89633700	-0.2282	0.0342	0.2916
89633701	-0.1221	-0.6996	-0.0977
89633702	0.0087	-0.2681	-0.2162
89633703	0.0251	-0.0596	-0.3853
89633704	-0.2131	0.1869	0.2319
89633705	-0.3274	0.2647	0.2052
89633706	-0.2131	0.1939	0.3694
89633707	-0.1143	-0.2831	-0.2780
89633708	-0.4295	-0.8065	-0.1143
89633709	-0.3185	-0.3320	-1.1987
89633710	0.1449	0.6921	-0.8420
89633711	0.1160	-0.2686	-0.8395
89633712	0.1916	0.0618	0.5914
89633713	-0.1567	0.1015	0.1115
89633714	0.1199	-0.1997	-0.7095
89633715	-0.0063	-0.4093	-0.2268
89633716	0.2439	-0.0066	0.0399
89633717	-0.0277	-0.0914	-0.8833
89633718	0.3368	-0.2509	-0.7492
89633719	-0.1470	0.6015	-0.4621
89633720	-0.4051	0.0273	-0.8516
89633721	-0.0354	0.2750	-0.5994
89633722	0.0138	-0.3275	-0.3435
89633723	0.2187	0.3361	-0.9677
89633724	0.2003	0.0856	-1.3215
89633725	0.0393	0.4455	-1.0291
89633726	0.1529	0.1083	-0.7508
89633727	-0.0197	0.7828	-1.1946
89633728	0.3851	0.0891	-1.2359
89633729	-0.0594	0.1058	-0.8746
89633730	0.0823	0.1527	-0.1327
89633731	-0.3897	0.0233	-0.7356
89633732	0.2578	0.3738	-0.8483
89633733	-0.0361	0.1444	-0.2482
89633734	-0.0565	0.6057	0.3008
89633735	-0.0734	-0.2525	0.0761
89633736	0.0162	0.2382	0.6529
89633737	0.0163	0.3885	-0.1131
89633738	0.0467	0.8663	-0.3234
89633739	0.0294	-0.3484	-0.7026
89633740	0.1795	-0.3851	-0.9694
89633741	0.3056	0.2809	-0.7920
89633742	-0.0502	0.1112	-0.1620
89633743	-0.0254	0.3589	-1.0404
89633744	0.0589	1.1207	1.4936
89633745	0.2324	0.8576	0.6961
89633746	0.0289	0.2550	-0.0207
89633747	0.2833	0.7763	0.4908
89633748	-0.0091	0.1044	0.7849
89633749	-0.2937	0.1303	-1.2805
89633750	-0.1084	0.1136	0.8642
89633751	0.1332	0.4195	-0.6423
89633752	-0.1388	-0.0023	0.1611
89633753	-0.2503	0.4043	-1.1891
89633754	-0.4238	0.5704	-0.3734
89633755	-0.1967	0.8197	-0.1184
89633756	0.2452	0.7064	0.1124
89633757	-0.1764	0.4207	-0.4787
89633758	-0.4101	-0.0216	-0.8984
89633759	0.0204	0.3856	0.5760
89633760	-0.0709	0.0415	-0.1562
89633761	-0.0410	0.7077	0.0780
89633762	-0.0364	0.5074	1.0038
89633763	-0.3774	-0.1918	0.3943
89633764	-0.2648	0.3742	-0.3086
89633765	0.2101	-0.3277	0.1776
89633766	0.1447	0.6036	0.0252
89633767	-0.0061	0.3480	0.6673
89633768	-0.2932	0.4025	-0.2628
89633769	-0.4204	0.2778	-1.2607
89633770	-0.3780	0.5054	0.1008
89633771	-0.0099	0.8351	0.5425
89633772	-0.0705	0.3200	0.1682
89633773	-0.3626	0.3082	0.1243
89633774	-0.3118	0.3273	0.5339
89633775	-0.4856	0.9048	-0.6666
89633776	-0.5056	0.5502	-0.9669
89633777	-0.2447	0.0328	-1.1815
89633778	0.0382	0.5252	-0.8906
89633779	-0.2019	0.3176	-0.1631
89633780	-0.7628	0.5654	0.0283
89633781	-0.4302	-0.2028	-1.0419
89633782	-0.2583	-0.0042	-0.3661
89633783	-0.5259	0.1619	-0.6029
89633784	-0.1803	0.2828	0.4707
89633785	-0.0899	-0.1430	-0.9520
89633786	0.0531	0.2521	-0.7698
89633787	-0.0641	0.2991	-0.3968
89633788	-0.2519	0.7768	0.6152
89633789	-0.3248	-0.0594	0.2676
89633790	-0.5532	0.3551	-0.8610
89633791	-0.3154	1.0250	-0.4892
89633792	-0.3477	0.7039	0.1899
89633793	0.0456	0.7679	-0.1824
89633794	0.0201	0.1334	-0.1344
89633795	-0.5716	-0.1926	0.2553
89633796	-0.2815	0.1101	0.4875
89633797	-0.1762	0.0354	0.5462
89633798	-0.3902	0.0757	0.5972
89633799	-0.6054	-0.0608	0.7078
89633800	-0.3472	-0.3208	0.7164
89633801	-0.5775	0.0650	-0.3367
89633802	-0.3474	0.6507	0.7313
89633803	-0.1537	-0.0246	0.5649
89633804	-0.6503	0.1547	0.3366
89633805	-0.3213	0.1916	0.7070
89633806	-0.2963	0.6534	0.8983
89633807	-0.3506	0.1788	0.6373
89633808	-0.7521	0.0692	-0.3049
89633809	-0.6931	0.1884	0.5725
89633810	-0.3772	0.1030	1.4368
89633811	0.2071	0.7681	1.2621
89633812	-0.4443	0.0678	-0.0257
89633813	-0.4883	-0.2486	0.9235
89633814	-0.4730	0.1716	0.1203
89633815	-0.1185	-0.0702	0.2940
89633816	-0.5316	0.1043	0.6716
89633817	0.0442	0.0755	0.1111
89633818	-0.2684	0.4766	0.3410
89633819	-0.5978	0.2786	-0.2024
89633820	-0.3918	0.1823	0.0297
89633821	-0.3820	-0.3327	-0.7710
89633822	-0.6287	-0.2234	-0.0333
89633823	-0.4831	-0.0738	-0.4646
89633824	-0.2491	0.2637	0.0888
89633825	-0.1139	0.0829	0.7628
89633826	-0.4555	0.0785	0.4867
89633827	-0.3881	0.4400	0.0438
89633828	-0.3460	0.0595	-0.8031
89633829	-0.5718	-0.5546	-0.2550
89633830	-0.6035	-0.1805	0.3350
89633831	-0.8973	-0.5159	0.1931
89633832	-0.9845	-0.3491	0.4892
89633833	-0.3657	-0.0410	0.3478
89633834	-0.6351	0.2846	0.2529
89633835	-0.5503	-0.1742	-0.7344
89633836	-0.6759	0.1858	0.5994
89633837	-0.7965	-0.3846	0.8663
89633838	-0.4133	0.7524	1.4487
89633839	-0.5445	-0.2757	0.5545
89633840	-0.6384	-0.2713	0.0919
89633841	-0.2596	0.0460	0.1263
89633842	-0.2751	-0.2954	1.1077
89633843	-0.4021	0.3411	-0.2017
89633844	-0.3513	-0.0096	-0.6074
89633845	-0.3884	0.5243	-0.5362
89633846	-0.5604	-0.3857	-1.0121
89633847	-0.4239	0.3532	0.3796
89633848	-0.1385	0.1273	-0.3825
89633849	-0.3583	0.2544	-0.8379
89633850	-0.3442	0.3698	-1.3169
89633851	-0.3951	0.3658	-0.3566
89633852	-0.4732	0.0848	-0.7667
89633853	-0.3828	0.4405	-0.2711
89633854	-0.2680	0.1132	-0.7541
89633855	-0.2376	0.9460	0.9836
89633856	-0.2349	0.1679	0.1626
89633857	-0.4555	-0.2539	-0.3312
89633858	-0.6388	0.5312	0.1093
89633859	-0.6874	0.0956	0.1069
89633860	-0.7849	-0.1726	0.2831
89633861	-0.5820	-0.0863	-0.9171
89633862	-0.5148	-0.3404	-1.4956
89633863	-0.5972	-0.3826	-0.4234
89633864	-0.2634	0.0571	-0.3230
89633865	-0.4200	0.1145	0.0855
89633866	-0.0973	0.4660	-0.2122
89633867	-0.5316	-0.4047	0.5285
89633868	-0.1767	0.2580	-0.4540
89633869	-0.4741	0.1862	-0.3741
89633870	-0.5851	0.0447	0.1003
89633871	-0.5570	-0.0327	-0.2560
89633872	-0.9338	0.0424	0.5213
89633873	-0.2738	0.7668	1.1977
89633874	-0.6959	-0.2957	0.6609
89633875	-0.4177	0.4107	0.6056
89633876	-0.5684	0.1846	0.0309
89633877	-0.7991	0.2282	-0.3536
89633878	-0.6912	-0.4881	0.6262
89633879	-0.7035	-0.2054	0.4284
89633880	-0.5558	-0.1412	-0.2667
89633881	-0.5097	-0.7736	0.3107
89633882	-0.4808	-0.0847	-0.1723
89633883	0.0238	0.1077	-0.6198
89633884	-0.0770	-0.1104	-0.0496
89633885	-0.2089	0.3205	0.0394
89633886	-0.6863	0.4436	-0.2312
89633887	-0.5412	0.1578	0.2174
89633888	0.1290	0.6641	0.7420
89633889	-0.7010	-0.2615	0.8009
89633890	-0.2515	-0.2098	-0.2946
89633891	-0.5631	-0.3081	0.4463
89633892	-0.9674	0.1378	-0.5571
89633893	-0.8009	-0.0317	0.7305
89633894	-0.3426	0.2810	0.7724
89633895	-0.3664	0.1686	0.5516
89633896	-0.4818	-0.0140	-1.4898
89633897	-0.6719	-0.2247	-1.0652
89633898	-0.4306	0.2309	-1.1552
89633899	-0.6839	0.0657	-0.8820
89633900	-0.1928	-0.1966	-0.1457
89633901	-0.2500	0.0896	-0.8348
89633902	-0.0512	0.3473	-0.1900
89633903	-0.3659	0.6189	-0.5380
89633904	-0.0651	0.2612	-0.5641
89633905	-0.3826	-0.4006	-0.2010
89633906	-0.8694	0.0053	-0.3509
89633907	-0.7281	0.2069	-0.0935
89633908	-0.4835	-0.4223	-0.7347
89633909	-0.5738	0.1598	0.3344
89633910	-0.4258	-0.2887	-0.3357
89633911	-0.4330	0.0839	-0.3857
89633912	-0.3703	0.3187	-0.2062
89633913	-0.3939	-0.1891	-0.7097
89633914	-0.4343	-0.4131	-0.2282
89633915	-0.2627	-0.1291	-0.0229
89633916	-0.7305	-0.2822	-0.6708
89633917	-0.1855	-0.5108	0.8033
89633918	-0.4952	0.2910	0.2673
89633919	-0.3836	-0.3373	0.4237
89633920	-0.9530	0.2523	1.4565
89633921	-0.3728	0.4366	0.6888
89633922	-0.2707	0.3750	-0.3406
89633923	-0.4213	-0.0836	-0.1386
89633924	-0.4091	0.4542	-0.5622
89633925	-0.3757	0.0881	-1.2185
89633926	-0.2328	-0.2903	0.0302
89633927	-0.1149	-0.0884	-0.7426
89633928	-0.2173	-0.4574	0.0996
89633929	-0.0973	-0.3540	-0.9512
89633930	-0.1133	-0.4727	-0.8189
89633931	-0.1934	-0.4277	-0.9529
89633932	0.0094	-0.2804	-0.3472
89633933	-0.1238	-0.4844	-1.8060
89633934	-0.1519	-0.4092	-0.4702
89633935	-0.2944	-0.1195	-1.4966
89633936	-0.5247	-0.3354	-0.9835
89633937	-0.2771	0.2577	-0.9336
89633938	-0.0384	0.0947	-0.8204
89633939	-0.2016	0.3807	0.6039
89633940	-0.3563	-0.6331	-0.9761
89633941	-0.6573	0.0267	-0.7116
89633942	-0.3356	-0.3559	0.2996
89633943	-0.0022	-0.0899	0.1039
89633944	-0.0741	0.2120	-0.4908
89633945	-0.1864	0.0843	-0.3445
89633946	-0.2949	0.2893	-0.1948
89633947	-0.5271	0.0289	-0.1376
89633948	-0.4511	-0.1366	0.1913
89633949	0.0128	0.0818	0.0057
89633950	-0.4280	-0.2304	-0.8193
89633951	-0.1122	0.3340	-0.3988
89633952	0.0833	0.1297	0.3081
89633953	-0.1827	0.4951	-1.0184
89633954	0.1111	0.1747	-0.5527
89633955	-0.0393	0.2249	-0.7217
89633956	0.0837	0.0784	-0.6984
89633957	-0.0357	-0.0931	-0.6407
89633958	-0.3778	-0.3347	-0.9872
89633959	-0.0809	-0.3227	0.1274
89633960	-0.5986	-0.7884	0.7052
89633961	-0.1343	-0.1258	0.9821
89633962	0.0625	0.2663	0.7329
89633963	-0.6309	-0.5628	-0.2655
89633964	-0.1073	0.1819	0.2790
89633965	-0.0725	0.4305	-0.0270
89633966	-0.3604	0.0117	-1.1542
89633967	-0.0383	0.3429	-0.3547
89633968	0.0455	0.1676	0.0757
89633969	0.0695	0.4775	-0.1927
89633970	0.1246	0.0689	-0.9882
89633971	-0.1842	-0.2514	-0.8515
89633972	0.3138	0.1996	-0.4181
89633973	0.0228	0.3681	-0.5576
89633974	-0.1105	-0.2062	-0.3916
89633975	-0.2019	-0.1426	0.1658
89633976	-0.1997	0.0646	0.6139
89633977	-0.2797	-0.1745	-0.5498
89633978	0.2375	-0.0028	0.3278
89633979	-0.0579	-0.2634	-0.7317
89633980	-0.0237	0.2745	-0.2381
89633981	-0.0163	0.4811	-1.9416
89633982	-0.3045	-0.0916	0.0712
89633983	0.0473	0.7510	-0.4161
89633984	0.0780	0.2243	-0.9120
89633985	-0.1380	-0.0645	0.9358
89633986	-0.8206	0.0857	0.4158
89633987	-0.4437	-0.2188	-0.4469
89633988	-0.3259	-0.2220	-0.6517
89633989	-0.2901	-0.3163	-0.4651
89633990	-0.1100	0.4397	0.3102
89633991	0.0695	-0.0216	-0.7254
89633992	-0.3246	-0.0659	0.0657
89633993	-0.4539	-0.2577	-1.2802
89633994	0.1317	0.0371	-0.6053
89633995	-0.1900	0.0085	-0.3663
89633996	-0.0500	-0.0731	-0.1274
89633997	-0.7182	-0.1256	-0.0747
89633998	-0.3397	0.1923	-1.1005
89633999	-0.2423	0.2248	-0.6490
89634000	-0.3281	-0.0736	-1.1636
89634001	-0.4233	-0.3292	-1.1489
89634002	-0.5760	-0.1645	-0.9916
89634003	-0.6465	-0.3913	-1.6222
89634004	0.0450	0.0729	0.5143
89634005	-0.2642	-0.0764	-1.0596
89634006	-0.4038	0.0176	-0.0456
89634007	0.0508	0.8374	0.0861
89634008	-0.4044	-0.2424	0.3904
89634009	-0.0060	0.4649	0.1978
89634010	-0.2278	0.0578	0.2282
89634011	-0.4264	0.0379	1.1688
89634012	-0.1903	0.0271	-0.1952
89634013	-0.4012	-0.1152	-0.0819
89634014	-0.4655	-0.2324	0.4693
89634015	-0.5228	-0.2567	-0.0129
89634016	-0.5013	-0.0445	-0.5514
89634017	-0.0895	-0.1037	-0.3844
89634018	0.0962	0.3521	-0.4749
89634019	-0.0944	0.2292	-1.0062
89634020	0.3177	0.3626	-0.5600
89634021	0.1049	0.3952	-1.6136
89634022	0.1038	0.0901	-0.7587
89634023	-0.2847	-0.1133	-1.0950
89634024	-0.1967	0.1080	-1.4569
89634025	-0.2261	-0.0112	-1.1736
89634026	-0.3889	-0.0599	-0.1508
89634027	-0.1124	-0.3055	-0.4422
89634028	-0.4605	-0.2604	-0.5702
89634029	-0.2242	0.3653	0.1302
89634030	-0.7971	-0.5641	0.0398
89634031	-0.0656	0.3959	-0.4444
89634032	-0.0295	0.5292	0.2279
89634033	0.1738	0.3662	0.0486
89634034	-0.0400	0.1744	0.3761
89634035	-0.0369	-0.0712	-0.9158
89634036	-0.3547	-0.2813	-0.8069
89634037	-0.2746	-0.5710	-0.6041
89634038	-0.4402	-0.2907	0.6555
89634039	-0.7231	-0.7534	-0.8581
89634040	-0.6715	-0.4853	0.1139
89634041	-0.8036	-0.5568	-0.6038
89634042	-0.7941	-0.3115	-1.5641
89634043	-0.6414	-0.2763	0.0398
89634044	-0.0136	-0.3802	-0.7396
89634045	-0.6221	-0.4210	-1.3106
89634046	-0.3671	-0.3063	-0.0616
89634047	-0.1754	-0.2019	-0.7072
89634048	-0.0336	-0.0749	-0.5920
89634049	-0.5210	-0.1288	-0.3002
89634050	-0.4911	0.0702	-1.5515
89634051	-0.0461	0.0435	-1.7388
89634052	-0.1101	0.7031	-1.1613
89634053	-0.6818	-0.4665	-1.3961
89634054	-0.1462	0.1413	-1.3450
89634055	-0.2232	0.0539	-0.8304
89634056	-0.3192	-0.1348	-0.3897
89634057	-0.6275	-0.3365	-0.3267
89634058	-0.7036	-0.4975	-0.7507
89634059	-0.4868	-0.1005	-0.2168
89634060	-0.1249	-0.5485	-0.6425
89634061	-0.4049	0.1409	-1.0617
89634062	-0.6395	-0.7653	-0.7935
89634063	-0.2813	-0.2894	-0.5553
89634064	-0.3047	0.4555	-0.3248
89634065	-0.2833	0.1283	-0.3624
89634066	-0.7089	-0.6067	-0.6004
89634067	-0.3240	0.1111	-0.2177
89634068	-0.3271	0.0686	-1.7719
89634069	-0.2708	0.5278	-0.4870
89634070	-0.1886	0.1754	-0.9346
89634071	-0.1169	0.4629	-0.8532
89634072	-0.2150	-0.0754	-1.0483
89634073	-0.3438	0.1700	-0.3347
89634074	0.0172	0.5982	0.4102
89634075	-0.1625	0.1003	-0.2004
89634076	-0.0678	0.2993	-0.1741
89634077	-0.1611	0.3209	0.1447
89634078	-0.3737	0.1960	-0.1111
89634079	0.2275	-0.2424	0.1436
89634080	-0.0560	-0.2434	-0.9690
89634081	0.0397	-0.4299	0.5999
89634082	-0.0128	0.0055	-0.0856
89634083	-0.1531	0.1928	0.2185
89634084	-0.1504	-0.1803	-0.8162
89634085	-0.2519	0.4901	-1.1205
89634086	-0.3110	0.2556	-0.8020
89634087	0.0856	-0.0150	-1.0826
89634088	0.0580	0.1488	-0.8920
89634089	0.7797	1.1405	-1.5577
89634090	0.4038	0.3080	-1.2459
89634091	0.3344	-0.1585	-0.7189
89634092	0.6166	0.5989	-1.1590
89634093	0.6842	-0.1471	-1.3269
89634094	1.5249	0.8457	-1.8941
89634095	1.8816	1.2609	-0.1138
89634096	1.8697	0.9947	-0.7525
89634097	1.4973	0.5858	-0.1371
89634098	1.6514	0.7105	-1.4402
89634099	2.0892	1.0258	-0.9392
89634100	1.8805	1.3736	-0.8945
89634101	2.2471	1.2569	-1.0032
89634102	2.1065	0.9223	-1.4251
89634103	1.9005	1.2867	-1.1592
89634104	1.9655	1.4177	-0.8695
89634105	1.6514	0.9744	-0.0115
89634106	1.7593	0.8152	-0.5227
89634107	1.9145	0.8188	0.4747
89634108	1.5392	1.0379	-0.7650
89634109	1.5052	0.9670	-0.6957
89634110	1.6349	1.0356	0.5764
89634111	1.1863	0.5164	-1.3776
89634112	1.5367	0.5005	0.0080
89634113	1.0151	0.4838	0.1650
89634114	1.6069	0.3878	0.3960
89634115	1.2680	0.7245	-0.4323
89634116	0.6243	0.5780	-0.5731
89634117	0.4926	0.1688	-0.3515
89634118	0.4502	0.4410	-0.0530
89634119	-0.1438	0.1599	-0.6066
89634120	-0.1261	-0.0943	-1.1771
89634121	-0.4221	-0.3626	-0.9629
89634122	-0.6920	-0.1532	-1.2484
89634123	-0.9553	-0.7275	-1.1166
89634124	-1.5537	-1.1463	-1.0600
89634125	-1.3228	-0.9962	-0.7129
89634126	-1.5693	-1.2324	-0.1091
89634127	-1.6530	-0.9829	-0.4053
89634128	-2.1198	-1.2973	-0.0215
89634129	-2.7587	-2.2046	-0.6189
89634130	-2.9175	-2.3434	-0.3372
89634131	-2.7963	-1.4693	-0.3189
89634132	-3.2663	-1.7336	-0.2534
89634133	-3.9188	-2.3011	0.7882
89634134	-3.6727	-1.8709	-0.8737
89634135	-4.0639	-2.1928	-0.2523
89634136	-4.2146	-2.3714	-1.6528
89634137	-4.1194	-2.5347	-0.2883
89634138	-3.8868	-2.1627	0.2469
89634139	-4.1512	-2.7605	-0.5382
89634140	-3.7012	-2.1658	-0.8813
89634141	-3.0057	-1.0732	-0.4796
89634142	-3.3190	-1.8205	-0.8766
89634143	-2.9419	-2.0082	0.4185
89634144	-2.2596	-1.0328	0.5836
89634145	-2.0138	-0.8646	1.3112
89634146	-2.0276	-0.5367	-0.2177
89634147	-0.8362	0.2539	-0.7623
89634148	-0.5319	0.4762	-0.4196
89634149	-0.0464	0.5234	-0.6022
89634150	0.6403	1.3406	-0.9319
89634151	1.7527	2.3079	-1.6968
89634152	1.9848	2.1892	-1.5332
89634153	2.2171	1.9985	-0.6319
89634154	2.8483	3.0676	-0.4091
89634155	2.4967	2.7854	-0.2901
89634156	2.9889	2.7350	-0.6505
89634157	2.6840	2.7050	-0.3706
89634158	2.7594	2.5267	-1.2068
89634159	2.4338	2.5542	-0.1147
89634160	2.4388	2.7691	0.0882
89634161	1.7289	2.8947	-0.1602
89634162	0.9870	1.7900	-0.9984
89634163	0.1798	1.3856	-1.4797
89634164	0.0286	1.0970	-2.0656
89634165	-1.0147	0.1938	-2.1519
89634166	-2.2131	-0.3545	-0.7781
89634167	-2.9226	-1.1408	-1.4774
89634168	-3.3992	-1.3038	-1.8490
89634169	-3.7812	-2.1433	-1.4658
89634170	-4.5284	-2.9864	-0.1926
89634171	-5.5139	-3.2652	-0.2183
89634172	-5.0987	-3.3552	-1.2447
89634173	-5.4540	-3.1527	-0.7436
89634174	-5.2158	-3.3422	-1.0083
89634175	-5.0734	-3.0605	-1.6798
89634176	-4.4890	-3.1934	-1.7098
89634177	-3.2650	-2.4428	-1.6681
89634178	-2.2354	-1.6159	-3.2416
89634179	-1.5161	-1.2459	-2.2130
89634180	0.1022	-0.2217	-1.8147
89634181	1.3290	0.0556	-2.7885
89634182	1.8302	0.6082	-2.9723
89634183	3.0844	1.1386	-1.5026
89634184	3.7153	1.5803	-1.8469
89634185	4.7849	2.1670	-2.1697
89634186	4.8503	1.4190	-0.8912
89634187	5.3040	2.1470	-0.7119
89634188	5.2449	1.9523	0.1340
89634189	4.8650	1.1314	-0.2982
89634190	4.1080	0.9816	1.4309
89634191	2.7281	0.7551	-0.0734
89634192	1.2944	-0.4199	-0.3689
89634193	0.2579	-0.5972	1.4987
89634194	-1.6081	-2.2466	2.0333
89634195	-2.7477	-1.9597	0.9661
89634196	-3.6000	-2.5830	0.8375
89634197	-4.6715	-3.2879	0.6750
89634198	-5.3305	-3.6276	0.1544
89634199	-5.3382	-2.8620	0.2079
89634200	-5.2975	-2.3375	0.3546
89634201	-4.7347	-1.7378	-1.2494
89634202	-4.2494	-0.8447	-0.1913
89634203	-2.9616	-0.2317	0.6270
89634204	-1.4899	0.8551	-1.9219
89634205	0.0252	1.6217	-1.3092
89634206	1.5857	2.4663	-1.1827
89634207	3.0626	2.8656	-1.6786
89634208	3.9630	3.1803	-1.9221
89634209	4.8487	3.2722	-1.5547
89634210	4.7476	2.9783	-1.5249
89634211	4.3268	1.8141	0.1122
89634212	3.2565	0.9626	-1.2100
89634213	2.1741	0.3545	0.4383
89634214	0.0369	-0.5225	0.1301
89634215	-1.4625	-1.2052	-0.5602
89634216	-2.6093	-1.7005	-0.1538
89634217	-3.7669	-1.7777	-0.4388
89634218	-4.4486	-2.1351	0.3118
89634219	-3.9983	-1.2645	-0.4396
89634220	-3.7165	-0.6018	-1.4371
89634221	-1.9696	0.4583	-1.3303
89634222	-0.5693	1.7131	-2.3225
89634223	1.1984	2.4862	-1.9154
89634224	2.4127	2.7234	-2.2285
89634225	3.0148	2.1472	-2.3998
89634226	2.5567	0.7882	-2.0191
89634227	1.9226	0.2018	-1.1674
89634228	0.2595	-1.1388	-0.9264
89634229	-1.3367	-2.1020	-0.0363
89634230	-2.3415	-2.5600	-1.2047
89634231	-2.0983	-2.2189	-0.7153
89634232	-1.2710	-1.2172	-0.6580
89634233	0.2198	-0.1305	-0.8412
89634234	1.2438	0.8464	-1.2147
89634235	2.0077	1.4710	-2.2683
89634236	2.5487	1.9637	-0.6755
89634237	1.8122	1.6677	-1.3868
89634238	1.0510	1.0044	1.1812
89634239	0.2793	0.3271	1.2407
89634240	-0.7495	0.0004	0.8140
89634241	-1.1634	0.1327	1.0055
89634242	-1.5724	-0.2411	0.1090
89634243	-1.7628	0.2723	0.1705
89634244	-1.1394	0.5178	-0.7709
89634245	-1.5965	-0.0362	-1.9635
89634246	-0.7582	0.0798	-1.5507
89634247	-0.7686	0.1743	-2.3456
89634248	-0.5650	-0.5735	-3.1770
89634249	-0.6834	-0.7340	-2.2844
89634250	-0.5827	-0.2859	-1.2874
89634251	-0.6367	-0.1839	-1.4210
89634252	-0.4944	-0.5966	-2.4368
89634253	-0.1109	-0.5237	-1.9937
89634254	-0.0008	-0.8432	-1.2789
89634255	0.8123	-0.1993	-0.8610
89634256	1.5612	0.7119	-0.1216
89634257	1.0511	0.0664	-1.1867
89634258	1.5804	-0.1245	0.2468
89634259	1.5791	0.5218	1.2995
89634260	1.4395	0.5201	1.1453
89634261	0.4949	0.4249	2.3589
89634262	-0.2699	0.7168	1.1627
89634263	-1.4223	0.1876	0.6016
89634264	-1.6785	0.2550	0.8457
89634265	-2.0798	0.0645	-0.4016
89634266	-2.0428	0.9094	-1.1766
89634267	-1.8099	0.3804	-0.7921
89634268	-1.7471	0.5137	-0.8067
89634269	-1.5785	0.4275	-2.4848
89634270	-1.1454	0.6107	-2.7850
89634271	-0.4990	0.2243	-3.0014
89634272	0.4024	0.4160	-2.7392
89634273	0.7217	-0.4765	-2.5036
89634274	1.3665	-0.1127	-2.0860
89634275	1.3517	-0.6882	-2.1688
89634276	1.6461	-1.0373	-1.0939
89634277	1.3303	-1.2517	-0.7109
89634278	0.8642	-1.0523	0.5858
89634279	-0.2306	-1.1347	1.5543
89634280	-0.2362	-0.2671	1.4258
89634281	-0.7665	-0.2748	1.4172
89634282	-0.9640	0.0215	1.3344
89634283	-1.0408	1.2538	0.5234
89634284	-0.8509	1.7756	-0.0429
89634285	-0.8673	1.3481	-1.1639
89634286	-1.0601	1.5446	-2.2711
89634287	-1.0924	0.7792	-1.7870
89634288	-1.0100	0.6438	-2.7479
89634289	-0.7511	0.5050	-3.9155
89634290	-0.4298	0.0382	-2.3146
89634291	0.2246	-0.7126	-1.7591
89634292	0.1551	-1.0214	-1.7072
89634293	0.6228	-1.6878	-0.6698
89634294	0.7872	-1.9799	0.3081
89634295	0.5321	-1.7265	-0.4487
89634296	1.0589	-1.2681	0.1147
89634297	0.3378	-0.4961	0.8476
89634298	0.2379	0.0447	1.6198
89634299	-0.4812	0.6740	0.4151
89634300	-0.7576	1.4284	0.8665
89634301	-1.1333	1.8005	0.1251
89634302	-1.3599	1.1415	0.5876
89634303	-1.2834	1.6335	-0.0035
89634304	-1.2990	1.1179	-0.6709
89634305	-1.0554	0.5127	-0.6265
89634306	-1.1108	0.1423	-1.5604
89634307	-0.5776	-0.1832	-1.9592
89634308	-0.3621	-0.3967	-2.0022
89634309	0.2498	-0.8713	-2.6058
89634310	-0.0050	-0.7922	-2.2646
89634311	0.9054	-0.2584	-1.6426
89634312	0.7268	-0.4270	-1.3006
89634313	0.3973	-0.5283	0.0318
89634314	0.3781	0.2306	0.0916
89634315	0.4404	0.1855	-0.3871
89634316	0.0269	0.0941	0.1972
89634317	-0.5481	0.2922	0.0919
89634318	-0.5000	0.4034	-0.4080
89634319	-0.8576	0.0726	0.0788
89634320	-0.8142	0.5696	-0.2774
89634321	-1.0056	0.9797	-1.4310
89634322	-0.8438	0.7257	-1.1839
89634323	-0.9397	0.8178	-1.4926
89634324	-0.6891	1.1300	-2.1483
89634325	-0.4885	1.0636	-2.0953
89634326	0.1541	0.8327	-2.7037
89634327	0.4768	0.8330	-2.1949
89634328	0.5972	0.5753	-2.4800
89634329	0.5128	0.0322	-1.8439
89634330	0.3558	-0.7079	-1.3621
89634331	0.5882	-0.5424	-0.0288
89634332	0.1889	0.3001	-0.2386
89634333	-0.2876	0.4532	0.5966
89634334	-0.1779	0.5360	1.2389
89634335	-0.7230	-0.0642	0.4172
89634336	-0.9768	0.0818	-0.5339
89634337	-0.7296	0.5910	0.4387
89634338	-0.8983	0.7907	-0.0996
89634339	-0.8496	0.6465	-0.7804
89634340	-0.7498	0.6378	-0.4920
89634341	-0.5179	0.2228	-0.4222
89634342	-0.4504	0.0737	0.1912
89634343	0.0507	0.7147	-1.1386
89634344	-0.0921	0.4185	-0.7183
89634345	-0.2176	0.3124	-0.6639
89634346	-0.6669	-0.3907	0.7306
89634347	-0.3424	0.3206	-0.3451
89634348	-0.3323	0.1373	-0.1612
89634349	-0.3877	0.3901	-0.6325
89634350	0.1076	0.6595	-1.1102
89634351	0.0686	0.4144	-0.7112
89634352	-0.0845	0.3848	-0.5860
89634353	-0.2129	-0.1999	-0.9913
89634354	-0.4243	-0.3069	-0.5344
89634355	-0.3679	0.0218	-0.5577
89634356	-0.6893	-0.4264	-0.2551
89634357	-1.5194	-0.5811	-0.9280
89634358	-0.8853	0.1093	-0.5119
89634359	-0.6007	-0.2516	-0.4656
89634360	-0.9904	0.2748	-1.2193
89634361	-0.5811	0.0237	-0.7464
89634362	-0.2117	-0.5302	-0.2311
89634363	-0.2850	-0.5436	-1.2126
89634364	-0.4250	-0.1577	-0.7513
89634365	-0.3174	-0.1514	-0.7564
89634366	-0.4087	0.1783	-0.6093
89634367	-0.6760	0.1522	-0.9403
89634368	-0.6331	0.2101	-0.9553
89634369	-0.7799	0.0517	-2.0224
89634370	-0.1122	0.0503	-0.5136
89634371	-0.4141	0.3452	-1.1859
89634372	-0.0767	-0.2300	-0.3129
89634373	0.2703	-0.4193	-1.1591
89634374	0.0496	-0.6636	-0.2862
89634375	-0.0473	-0.5879	-0.4090
89634376	0.0120	-0.5945	-1.5457
89634377	-0.2677	-0.4884	-1.8907
89634378	-0.4159	-0.4643	-1.9053
89634379	-0.9274	-0.4026	-0.5588
89634380	-0.5339	0.6175	-1.0590
89634381	-0.6230	0.2447	-1.2760
89634382	-0.6092	0.2147	-1.2475
89634383	-0.5185	0.2058	-1.0855
89634384	-0.6532	0.2730	-0.8043
89634385	-0.5148	-0.1246	-0.2810
89634386	-0.9459	0.2179	-1.3966
89634387	-1.0449	-0.1704	-0.6238
89634388	-0.5395	-0.2095	0.0156
89634389	-0.8011	-0.6211	0.0134
89634390	-0.4652	0.2508	-0.4611
89634391	-0.6983	-0.1874	0.0193
89634392	-0.4370	-0.2240	-0.7331
89634393	-0.0627	0.2188	-0.6547
89634394	-0.1223	0.1598	-1.1736
89634395	-0.3218	0.0697	-1.3598
89634396	0.0875	0.6308	-0.7901
89634397	-0.2898	0.5239	-1.4448
89634398	-0.1420	0.5245	-0.7961
89634399	-0.1253	0.3217	-0.7052
89634400	-0.5871	-0.3139	-0.1385
89634401	-0.4187	0.0176	-0.9117
89634402	-0.0523	0.2053	-0.8608
89634403	-0.6184	0.0197	-0.3357
89634404	-0.4482	-0.1437	-0.8057
89634405	-0.3324	-0.0537	-1.4925
89634406	-0.7390	0.7134	-0.0297
89634407	-0.8757	-0.1849	-1.4620
89634408	-0.7038	0.5162	0.0131
89634409	-0.6519	-0.0985	-0.6544
89634410	-0.5061	-0.2751	-0.6518
89634411	-0.1762	-0.0969	-0.9348
89634412	-0.6013	-0.4982	-0.9436
89634413	-0.1643	0.0501	-2.5820
89634414	-0.1612	0.1841	-1.4587
89634415	-0.2023	0.0003	-0.9164
89634416	0.0416	0.6577	-0.8467
89634417	-0.5713	0.3887	-1.1836
89634418	-0.7544	0.1605	-1.0920
89634419	-0.8745	-0.6418	-0.7325
89634420	-0.6607	0.2220	-1.3858
89634421	-0.1074	0.9458	-0.6816
89634422	-0.2649	0.3176	-0.9718
89634423	-0.1353	0.0041	-0.9011
89634424	-0.3384	-0.3575	-1.2729
89634425	-0.6306	-0.4859	-0.9112
89634426	-0.5322	0.1519	-0.9745
89634427	-0.4895	-0.1210	-0.2885
89634428	-0.3056	-0.1212	-0.8663
89634429	-0.3473	-0.5824	-1.7145
89634430	-0.1350	-0.0072	-1.2366
89634431	-0.1747	-0.3017	-1.1662
89634432	-0.2464	0.2322	-0.5460
89634433	-0.1990	0.1728	-1.3892
89634434	-0.2619	0.0468	-0.7039
89634435	-0.5261	-0.4088	-2.4810
89634436	-0.7393	-0.6864	-0.7538
89634437	-0.5213	-0.0927	-1.4537
89634438	-0.9599	-0.2337	-1.4433
89634439	-0.8182	-0.3104	-0.9841
89634440	-0.4915	0.6210	-1.2820
89634441	-0.3620	0.3108	-0.8325
89634442	-0.3049	0.1323	-1.2245
89634443	-0.2615	0.3726	-1.8284
89634444	-0.1591	0.0256	-1.0059
89634445	-0.1379	0.0023	-0.7079
89634446	-0.1708	-0.5579	-0.3731
89634447	0.0148	-0.4491	-1.8100
89634448	0.1027	-0.4609	-0.7859
89634449	-0.2049	0.0964	-0.4669
89634450	0.1277	0.4195	-0.9444
89634451	-0.2402	0.8561	-1.4364
89634452	-0.3533	0.8757	-0.9790
89634453	-0.3814	0.3369	-1.0751
89634454	-0.1347	0.5036	-1.5264
89634455	-0.1568	0.5889	-1.5800
89634456	-0.5555	0.0364	-0.8092
89634457	-0.3743	-0.2593	-0.2663
89634458	-0.2868	-0.9592	-0.0612
89634459	-0.5252	-0.7042	-0.5494
89634460	-0.5126	-0.3726	-1.2797
89634461	-0.4871	-0.1259	-1.1069
89634462	0.1192	-0.3831	-0.6500
89634463	0.0628	0.0169	-0.9248
89634464	0.0000	0.0000	0.0000
89634465	0.0000	0.0000	0.0000
89634466	0.0000	0.0000	0.0000
89634467	0.0000	0.0000	0.0000
89634468	0.0000	0.0000	0.0000
89634469	0.0000	0.0000	0.0000
89634470	0.0000	0.0000	0.0000
89634471	0.0000	0.0000	0.0000
89634472	0.0000	0.0000	0.0000
89634473	0.0000	0.0000	0.0000
89634474	0.0000	0.0000	0.0000
89634475	0.0000	0.0000	0.0000
89634476	0.0000	0.0000	0.0000
89634477	0.0000	0.0000	0.0000
89634478	0.0000	0.0000	0.0000
89634479	0.0000	0.0000	0.0000
89634480	0.0000	0.0000	0.0000
89634481	0.0000	0.0000	0.0000
89634482	0.0000	0.0000	0.0000
89634483	0.0000	0.0000	0.0000
89634484	0.0000	0.0000	0.0000
89634485	0.0000	0.0000	0.0000
89634486	0.0000	0.0000	0.0000
89634487	0.0000	0.0000	0.0000
89634488	0.0000	0.0000	0.0000
89634489	0.0000	0.0000	0.0000
89634490	0.0000	0.0000	0.0000
89634491	0.0000	0.0000	0.0000
89634492	0.0000	0.0000	0.0000
89634493	0.0000	0.0000	0.0000
89634494	0.0000	0.0000	0.0000
89634495	0.0000	0.0000	0.0000
89634496	0.0000	0.0000	0.0000
89634497	0.0000	0.0000	0.0000
89634498	0.0000	0.0000	0.0000
89634499	0.0000	0.0000	0.0000
89634500	0.0000	0.0000	0.0000
89634501	0.0000	0.0000	0.0000
89634502	0.0000	0.0000	0.0000
89634503	0.0000	0.0000	0.0000
89634504	0.0000	0.0000	0.0000
89634505	0.0000	0.0000	0.0000
89634506	0.0000	0.0000	0.0000
89634507	0.0000	0.0000	0.0000
89634508	0.0000	0.0000	0.0000
89634509	0.0000	0.0000	0.0000
89634510	0.0000	0.0000	0.0000
89634511	0.0000	0.0000	0.0000
89634512	0.0000	0.0000	0.0000
89634513	0.0000	0.0000	0.0000
89634514	0.0000	0.0000	0.0000
89634515	0.0000	0.0000	0.0000
89634516	0.0000	0.0000	0.0000
89634517	0.0000	0.0000	0.0000
89634518	0.0000	0.0000	0.0000
89634519	0.0000	0.0000	0.0000
89634520	0.0000	0.0000	0.0000
89634521	0.0000	0.0000	0.0000
89634522	0.0000	0.0000	0.0000
89634523	0.0000	0.0000	0.0000
89634524	0.0000	0.0000	0.0000
89634525	0.0000	0.0000	0.0000
89634526	0.0000	0.0000	0.0000
89634527	0.0000	0.0000	0.0000
89634528	0.0000	0.0000	0.0000
89634529	0.0000	0.0000	0.0000
89634530	0.0000	0.0000	0.0000
89634531	0.0000	0.0000	0.0000
89634532	0.0000	0.0000	0.0000
89634533	0.0000	0.0000	0.0000
89634534	0.0000	0.0000	0.0000
89634535	0.0000	0.0000	0.0000
89634536	0.0000	0.0000	0.0000
89634537	0.0000	0.0000	0.0000
89634538	0.0000	0.0000	0.0000
89634539	0.0000	0.0000	0.0000
89634540	0.0000	0.0000	0.0000
89634541	0.0000	0.0000	0.0000
89634542	0.0000	0.0000	0.0000
89634543	0.0000	0.0000	0.0000
89634544	0.0000	0.0000	0.0000
89634545	0.0000	0.0000	0.0000
89634546	0.0000	0.0000	0.0000
89634547	0.0000	0.0000	0.0000
89634548	0.0000	0.0000	0.0000
89634549	0.0000	0.0000	0.0000
89634550	0.0000	0.0000	0.0000
89634551	0.0000	0.0000	0.0000
89634552	0.0000	0.0000	0.0000
89634553	0.0000	0.0000	0.0000
89634554	0.0000	0.0000	0.0000
89634555	0.0000	0.0000	0.0000
89634556	0.0000	0.0000	0.0000
89634557	0.0000	0.0000	0.0000
89634558	0.0000	0.0000	0.0000
89634559	0.0000	0.0000	0.0000
89634560	0.0000	0.0000	0.0000
89634561	0.0000	0.0000	0.0000
