89633311	0.9256	0.3052	-0.6731
89633312	1.0653	0.2066	-0.9503
89633313	0.7434	-0.0254	-0.6833
89633314	0.8157	-0.1805	-0.0828
89633315	0.9271	-0.0080	-0.1238
89633316	0.9681	0.0115	-0.1569
89633317	0.9449	-0.1303	-0.1521
89633318	0.9717	-0.0610	-0.0294
89633319	0.7617	0.1891	-0.3580
89633320	0.5662	0.2066	-0.6927
89633321	0.7974	0.2031	-0.6869
89633322	0.7505	0.4190	-0.1874
89633323	0.8314	0.5671	-0.2342
89633324	0.5925	0.1794	-0.8834
89633325	0.7334	0.0293	-0.9860
89633326	0.7246	0.0506	-0.8043
89633327	0.7807	0.1889	-0.5797
89633328	0.7895	0.1711	-0.1932
89633329	0.7267	-0.2634	-0.1757
89633330	0.6478	-0.4193	-0.5494
89633331	0.9515	-0.0786	0.5195
89633332	0.5717	-0.0753	-0.0599
89633333	0.4405	-0.0567	-0.4898
89633334	0.4410	-0.1591	-1.0217
89633335	0.5594	0.2036	-0.9737
89633336	0.5677	0.2114	-0.4428
89633337	0.5041	0.0261	-0.4450
89633338	0.4984	0.0111	-0.3801
89633339	0.7898	-0.0019	-0.0265
89633340	0.5253	-0.4784	-0.8650
89633341	0.7106	-0.0357	-0.5512
89633342	0.6723	-0.1314	-0.6846
89633343	0.6462	-0.2112	-0.5190
89633344	0.7760	0.0770	-0.3705
89633345	0.6792	-0.3629	-0.6536
89633346	0.6992	0.0181	-0.5404
89633347	0.6881	0.0974	-0.8164
89633348	0.6388	0.1834	-0.9068
89633349	0.6368	-0.0699	-1.0399
89633350	0.8941	0.1918	-0.6019
89633351	0.7202	0.0457	-0.3489
89633352	0.9119	0.0222	-0.1071
89633353	0.9880	0.0862	0.1584
89633354	0.7268	0.0719	-0.4811
89633355	1.0247	-0.0796	-0.1426
89633356	0.8309	0.2743	0.3094
89633357	0.9744	0.0304	0.5911
89633358	0.7971	-0.2246	-0.2893
89633359	0.8062	-0.0902	0.1672
89633360	0.9079	-0.0078	0.0446
89633361	0.6443	-0.0668	-0.2137
89633362	0.7833	0.0847	0.1294
89633363	0.7555	0.1386	0.0168
89633364	0.5850	0.1483	-0.3743
89633365	1.0433	0.2069	-0.1204
89633366	0.6492	0.3709	-0.5066
89633367	0.6797	0.5056	-0.2320
89633368	0.4902	-0.3017	-0.7076
89633369	0.4542	-0.0085	-0.5755
89633370	0.6342	-0.3273	-0.9374
89633371	0.5833	-0.1321	-0.2682
89633372	0.5954	-0.2378	-0.1960
89633373	0.7627	-0.2945	-0.4829
89633374	0.4149	-0.2930	-1.2573
89633375	0.5138	-0.0545	-0.4858
89633376	0.5923	0.0234	-1.1332
89633377	0.9274	-0.0222	-0.8448
89633378	0.7674	-0.0320	-1.5775
89633379	0.9274	0.2372	-0.9247
89633380	0.5396	0.0554	-1.3810
89633381	0.8282	0.1104	-0.5403
89633382	0.5763	-0.1050	-1.2580
89633383	0.5903	-0.3850	-1.9965
89633384	0.9589	-0.3072	-0.4928
89633385	0.7556	-0.1414	-1.0202
89633386	0.8098	-0.1760	-0.3969
89633387	0.7464	-0.3310	-1.1115
89633388	0.6930	-0.5908	-1.2428
89633389	0.5872	-0.2859	-1.2574
89633390	0.3307	-0.2982	-1.5267
89633391	0.6850	-0.5334	-1.3615
89633392	0.7265	-0.7634	-2.1475
89633393	0.6272	0.0449	-1.1430
89633394	0.5887	-0.5644	-1.8403
89633395	0.7137	-0.5334	-1.3503
89633396	0.9898	0.1272	-0.3555
89633397	0.8946	0.0354	-0.2917
89633398	0.8741	-0.0252	-0.2947
89633399	0.4076	-0.7551	-1.6752
89633400	0.7139	-0.5964	-0.7877
89633401	0.7309	-0.4309	-0.3757
89633402	0.5416	-0.4329	-0.6007
89633403	0.4711	-0.5294	-1.3190
89633404	0.6710	-0.6865	-1.2091
89633405	0.7579	-0.7252	-0.5103
89633406	0.7416	-0.7369	-0.9511
89633407	0.5896	-0.5980	-0.6129
89633408	0.4196	-0.2135	-0.6498
89633409	0.5287	-0.5228	-0.0349
89633410	0.4279	-0.3915	-0.0342
89633411	0.6518	-0.9581	-1.1033
89633412	0.3749	-0.8485	-0.6256
89633413	0.6504	-0.6924	0.0676
89633414	0.4146	-0.5835	-0.3860
89633415	0.4201	-0.3088	0.3437
89633416	0.4537	-0.3525	0.0548
89633417	0.6478	-0.1988	0.5281
89633418	0.3438	-0.5639	-0.7436
89633419	0.3926	-0.1174	0.1802
89633420	0.2883	-0.2081	-0.5800
89633421	0.7223	-0.4245	-0.8067
89633422	0.6521	-0.3491	-0.7059
89633423	0.1620	-0.8131	-2.1961
89633424	0.3982	-0.7136	-2.0047
89633425	0.5965	-0.4886	-0.6381
89633426	0.6334	-0.6712	-1.0892
89633427	0.4662	-0.7400	-0.8315
89633428	0.5441	-0.7546	-1.0740
89633429	0.8427	-0.2367	-0.0519
89633430	0.4116	-0.5216	-0.6449
89633431	0.6756	-0.5116	-0.7390
89633432	0.5227	-0.7278	-1.3627
89633433	0.7803	-0.3442	-1.3314
89633434	0.6793	-0.5216	-1.4342
89633435	0.4428	-0.1538	-1.2134
89633436	0.5993	-0.1919	-1.5258
89633437	0.2575	-0.4970	-2.4102
89633438	0.4981	-0.6134	-2.2152
89633439	0.3885	-0.7002	-2.4524
89633440	0.5011	-0.4791	-1.5569
89633441	0.4000	-0.4027	-1.5168
89633442	0.3497	-0.4620	-1.3375
89633443	0.3844	-0.7424	-0.2392
89633444	0.8228	-0.4164	-0.1937
89633445	0.5119	-0.7473	-0.4434
89633446	0.4936	-0.7488	-0.2344
89633447	0.4632	-0.9354	-1.1114
89633448	0.3491	-0.6121	-1.0429
89633449	0.7029	-0.5204	-1.3268
89633450	0.3260	-0.4689	-1.4585
89633451	0.4189	-0.4982	-1.4545
89633452	0.2003	-0.4781	-1.5835
89633453	0.3051	-0.5694	-1.1952
89633454	0.4055	-0.7668	-1.4561
89633455	0.5563	-0.5965	-0.8693
89633456	0.5124	-0.4572	-1.1522
89633457	0.2908	-0.5321	-0.9155
89633458	0.5056	-0.7079	-0.7465
89633459	0.3969	-0.9421	-1.3992
89633460	0.5724	-0.6585	-0.7366
89633461	0.4598	-0.8973	-0.5152
89633462	0.5799	-0.8902	-1.6621
89633463	0.3670	-0.5985	-1.0703
89633464	0.4879	-0.7929	-1.0774
89633465	0.5239	-0.4895	-0.9542
89633466	0.5622	-0.7278	-1.1249
89633467	0.3707	-0.3746	-0.6062
89633468	0.1126	-0.8553	-2.0293
89633469	0.2668	-0.7101	-1.5723
89633470	0.1436	-0.7482	-1.2035
89633471	0.3824	-0.7410	-1.2209
89633472	0.4134	-0.6865	-1.3731
89633473	0.3072	-1.0664	-1.5387
89633474	0.2272	-0.9675	-1.6073
89633475	0.2324	-0.7948	-1.3379
89633476	0.2950	-0.8568	-0.5548
89633477	0.4129	-0.7616	-1.0854
89633478	0.1147	-0.5188	-1.0683
89633479	0.2176	-0.5555	-1.4992
89633480	0.3558	-0.5494	-1.1697
89633481	0.1999	-0.6821	-1.1096
89633482	0.3355	-0.9059	-1.4142
89633483	0.2495	-0.3611	-0.8265
89633484	0.4010	-0.7734	-0.9687
89633485	0.3438	-0.6889	-0.4020
89633486	0.3960	-0.4007	-0.5154
89633487	0.3545	-0.4824	-0.0893
89633488	0.1578	-0.4818	-0.8643
89633489	0.0429	-0.7570	-1.1959
89633490	0.2937	-0.2561	-0.6181
89633491	-0.1419	-0.7027	-1.4049
89633492	-0.0589	-0.4766	-1.7930
89633493	0.0125	-0.8781	-1.5161
89633494	0.2057	-0.6979	-0.4942
89633495	0.1906	-0.6937	-0.7019
89633496	0.3533	-0.6743	-0.1423
89633497	0.1880	-0.6967	-0.6838
89633498	0.2178	-0.7135	-0.2498
89633499	-0.1101	-0.9303	-0.3202
89633500	0.2874	-0.3195	-0.0421
89633501	0.1903	-1.0095	-1.0828
89633502	0.3327	-0.5443	-0.5723
89633503	0.1691	-0.7860	-1.4946
89633504	0.1237	-0.6475	-1.0547
89633505	0.2455	-0.9113	-1.1305
89633506	0.1888	-0.7699	-1.2667
89633507	0.3371	-1.0246	-0.4603
89633508	0.5165	-0.9185	-0.6667
89633509	0.1154	-1.0186	-0.9794
89633510	0.3822	-0.6416	-0.1028
89633511	0.2150	-0.9132	-0.5863
89633512	0.3674	-0.6261	-0.1238
89633513	0.4049	-0.6925	-0.3463
89633514	0.1066	-0.6181	-0.0712
89633515	0.0934	-0.8604	-0.2255
89633516	0.4092	-0.6040	0.3156
89633517	0.2859	-0.9651	0.0926
89633518	0.1506	-1.0252	-0.1577
89633519	-0.0056	-1.2091	-0.8280
89633520	0.1712	-0.6225	-0.1011
89633521	0.0421	-1.0693	-0.5317
89633522	0.2937	-0.7949	0.5904
89633523	0.1871	-0.8200	0.0734
89633524	0.0098	-0.9669	0.0755
89633525	0.0054	-0.7655	0.1993
89633526	0.0383	-0.7765	-0.1625
89633527	-0.1292	-0.9102	-0.8412
89633528	0.0790	-0.7362	-0.1610
89633529	0.1228	-1.1835	-0.5813
89633530	0.0983	-0.7289	-0.1339
89633531	-0.1278	-0.9295	-0.1734
89633532	0.1713	-0.4709	0.4565
89633533	0.2257	-1.0937	0.0071
89633534	0.4477	-1.0785	-0.0610
89633535	0.1844	-1.1513	-0.5254
89633536	0.3714	-1.0334	0.1616
89633537	0.4574	-0.8924	-0.2810
89633538	0.0661	-0.7778	-0.5507
89633539	0.5271	-1.0905	-0.0012
89633540	0.4004	-1.2363	-0.0506
89633541	0.5657	-1.2045	0.1855
89633542	0.3402	-1.1725	-0.3483
89633543	0.1125	-1.2594	-0.5086
89633544	0.1139	-1.0018	-0.3376
89633545	0.1711	-1.2633	-0.1270
89633546	0.2082	-0.8664	0.5977
89633547	-0.0194	-0.9112	-0.0083
89633548	-0.0609	-1.0684	-0.2271
89633549	-0.0362	-0.8197	0.2215
89633550	0.0710	-1.1794	-0.0335
89633551	0.3586	-0.9580	0.1908
89633552	0.1871	-1.0552	0.3902
89633553	0.1271	-1.1548	0.1425
89633554	0.0701	-1.0889	0.1394
89633555	0.2134	-1.2238	0.2858
89633556	0.1277	-0.8885	-0.0796
89633557	0.0139	-0.8082	0.2954
89633558	0.1958	-0.3445	0.4021
89633559	0.0437	-0.7986	-0.3507
89633560	0.2036	-0.7455	-0.2112
89633561	-0.0540	-0.9068	-0.2544
89633562	-0.0582	-0.6517	0.5278
89633563	0.0224	-0.6725	-0.1250
89633564	0.3570	-1.1524	-0.0324
89633565	0.5301	-0.5361	1.1423
89633566	-0.0152	-0.6681	0.4416
89633567	-0.2065	-1.0800	0.0403
89633568	0.0947	-0.4927	0.0056
89633569	0.0863	-0.8961	0.0239
89633570	0.2467	-0.8631	0.2176
89633571	0.1241	-0.4402	0.7994
89633572	0.0209	-0.6624	0.3035
89633573	0.0670	-0.4840	0.1723
89633574	-0.0418	-0.6124	0.5623
89633575	0.0087	-0.9359	0.2971
89633576	-0.1118	-1.0808	-0.1447
89633577	-0.1322	-0.9267	-0.0212
89633578	-0.0094	-0.6956	-0.1437
89633579	-0.0025	-1.0098	-0.6519
89633580	0.1877	-0.6289	0.5311
89633581	0.0730	-0.6666	0.2844
89633582	0.1398	-0.5030	0.1484
89633583	0.2286	-0.7536	0.5531
89633584	0.1570	-0.8441	0.4464
89633585	0.0317	-0.7976	0.3789
89633586	0.3486	-0.6465	0.4051
89633587	0.0387	-0.6124	0.7825
89633588	0.1093	-0.7446	0.5353
89633589	-0.0937	-0.6952	-0.1507
89633590	-0.1216	-0.8730	-0.7747
89633591	-0.0598	-0.8366	0.0080
89633592	0.0468	-0.6091	0.1676
89633593	-0.1415	-0.9241	0.6190
89633594	-0.0092	-0.6629	-0.0715
89633595	-0.0506	-0.8454	-0.4192
89633596	0.3149	-0.7454	0.8694
89633597	0.0882	-0.8815	0.3919
89633598	0.2554	-1.0478	0.6748
89633599	0.1012	-0.9981	0.7362
89633600	0.2059	-1.1590	0.4658
89633601	0.1152	-0.7418	0.6356
89633602	-0.1292	-1.0828	0.1178
89633603	-0.0178	-0.9696	0.4647
89633604	-0.1470	-1.2577	-0.0394
89633605	0.0624	-1.0741	-0.1582
89633606	0.0295	-0.8554	-0.0503
89633607	0.0218	-1.0068	0.3546
89633608	0.1630	-0.5962	0.0506
89633609	0.0715	-0.8891	-0.5372
89633610	-0.0524	-1.0159	0.3607
89633611	0.3200	-0.6717	1.0954
89633612	0.0199	-1.1588	-0.1556
89633613	-0.0367	-0.5791	0.3283
89633614	-0.1208	-0.9325	-0.0748
89633615	0.1157	-0.6699	0.4134
89633616	0.0018	-1.5795	-0.6766
89633617	0.0852	-1.1202	0.6565
89633618	0.0589	-1.4063	0.0100
89633619	0.1104	-1.0624	0.3069
89633620	-0.1958	-1.1868	-0.6062
89633621	0.3004	-1.1428	1.1060
89633622	0.3403	-0.9894	0.8044
89633623	0.5158	-1.4202	0.1260
89633624	0.3186	-0.7025	-0.1820
89633625	0.2587	-1.1297	-0.2283
89633626	0.3321	-0.9712	0.1883
89633627	0.2647	-0.8104	0.5153
89633628	-0.0134	-0.8635	0.4983
89633629	0.1539	-1.1226	0.5214
89633630	0.0301	-1.2562	0.8649
89633631	0.1983	-1.1461	0.6771
89633632	0.3598	-1.0874	1.1263
89633633	0.2263	-1.2155	0.5511
89633634	-0.0297	-0.7852	0.9224
89633635	-0.2870	-1.1283	0.2108
89633636	0.2576	-0.8572	1.1425
89633637	0.3041	-1.1483	0.5290
89633638	-0.1365	-0.7555	0.1281
89633639	0.1868	-0.9090	0.2043
89633640	0.3858	-0.9555	1.0987
89633641	0.1621	-1.0539	0.4199
89633642	0.0716	-1.0910	0.7650
89633643	0.3335	-1.3212	0.2610
89633644	0.2830	-0.9427	1.4340
89633645	0.0147	-1.0097	0.9018
89633646	-0.1923	-1.5477	-0.4715
89633647	0.1496	-1.1255	-0.0559
89633648	0.2126	-1.0674	0.8970
89633649	-0.0192	-0.9736	0.4954
89633650	0.1972	-1.1362	1.0086
89633651	0.3755	-0.6444	1.3351
89633652	0.1175	-0.9484	0.5840
89633653	0.1483	-1.4167	-0.0289
89633654	-0.0491	-0.7341	1.3087
89633655	-0.1969	-1.0753	0.3499
89633656	0.2871	-0.7519	0.6108
89633657	0.5647	-1.0939	0.4310
89633658	0.3543	-1.0093	0.4372
89633659	0.4470	-0.7993	0.1692
89633660	0.3152	-0.4419	0.5027
89633661	-0.0130	-1.0951	-0.6726
89633662	0.5998	-0.6428	0.6384
89633663	0.0652	-0.7189	0.6543
89633664	0.1708	-0.8472	0.5430
89633665	-0.1858	-0.4922	0.4021
89633666	0.0362	-1.0419	-0.5841
89633667	-0.1766	-0.7142	0.3516
89633668	-0.1535	-0.8724	-0.1278
89633669	0.0966	-0.8255	0.6306
89633670	-0.1634	-0.7866	0.8023
89633671	-0.0075	-1.0863	0.2841
89633672	0.2504	-1.0042	0.8288
89633673	-0.2015	-1.2125	0.7681
89633674	0.3471	-0.3923	2.8072
89633675	0.3051	-1.0707	0.6080
89633676	0.3978	-0.7177	1.3901
89633677	0.2385	-0.9113	1.2136
89633678	-0.3045	-0.8606	0.4540
89633679	0.2276	-1.2570	-0.5522
89633680	0.1735	-0.6259	0.9935
89633681	0.4103	-0.2752	1.8020
89633682	0.0042	-0.7498	0.1908
89633683	0.0722	-0.8054	0.7114
89633684	-0.0394	-0.9573	0.4643
89633685	-0.0108	-0.5991	1.2992
89633686	0.0808	-1.0019	0.7876
89633687	0.3062	-0.3722	1.7282
89633688	0.1479	-0.9550	1.4916
89633689	-0.1129	-1.1342	0.6331
89633690	0.2141	-1.5953	-0.7293
89633691	0.2453	-0.2496	1.1727
89633692	0.0860	-1.0681	-0.4873
89633693	0.1625	-0.0015	1.7477
89633694	0.1684	-0.4514	-0.8720
89633695	0.1572	-0.8047	-1.1210
89633696	0.4126	-0.0988	0.9389
89633697	0.2457	0.0713	2.1098
89633698	0.4295	0.1496	2.2741
89633699	0.0917	-1.4734	-0.9499
89633700	-0.1845	-0.3874	0.7870
89633701	0.5565	0.0567	2.4050
89633702	0.6527	-0.4890	1.6306
89633703	0.3351	-0.7933	1.1048
89633704	0.4279	-0.1377	1.8306
89633705	0.5393	-0.5313	1.4399
89633706	0.4704	0.1115	2.0579
89633707	0.4352	-0.1214	1.6851
89633708	0.5613	-0.1271	1.5980
89633709	0.3247	-0.6105	0.0357
89633710	0.2420	-0.1565	0.4360
89633711	0.4204	0.0892	1.8179
89633712	0.5270	-0.0208	1.5578
89633713	0.1728	-0.1702	0.4805
89633714	-0.0124	-0.3207	0.7746
89633715	0.1234	-0.2197	1.1872
89633716	0.4532	-0.7025	0.4409
89633717	0.7833	-0.4009	1.9618
89633718	0.5802	-0.7904	1.2897
89633719	0.3792	-0.5536	0.8509
89633720	0.4033	-1.2532	-0.4722
89633721	0.7958	-0.8597	0.8877
89633722	0.6892	-0.7377	0.6946
89633723	0.6523	-0.9285	0.7628
89633724	0.3488	-1.0360	0.4150
89633725	0.4611	-1.0059	0.1930
89633726	0.5106	-1.0758	0.1442
89633727	0.3833	-1.2194	-0.4313
89633728	0.4134	-0.6870	0.9246
89633729	0.3098	-0.9644	-0.6746
89633730	0.2557	-0.9248	-0.1331
89633731	0.3930	-0.8481	0.3367
89633732	0.1601	-1.3181	-0.9176
89633733	0.4935	-1.0883	-0.7289
89633734	0.1662	-1.1344	-0.5430
89633735	0.8034	-0.6286	0.9830
89633736	0.5449	-0.8964	1.1677
89633737	0.5640	-0.6136	0.6647
89633738	0.3122	-0.8698	-0.2382
89633739	0.4955	-0.9725	0.3533
89633740	0.5169	-1.2884	0.0102
89633741	0.4925	-1.1134	0.1345
89633742	0.5687	-1.3057	-0.2262
89633743	0.3919	-1.1712	-0.4007
89633744	0.2576	-1.0841	-0.8526
89633745	0.6269	-1.1307	-0.0395
89633746	0.5030	-0.8881	0.5169
89633747	0.7611	-0.7643	0.5354
89633748	0.1930	-0.7424	0.5655
89633749	0.2692	-0.9548	0.0147
89633750	0.0890	-0.8790	-0.0875
89633751	0.8108	-0.4826	0.9685
89633752	0.6000	-0.7519	0.9255
89633753	0.2268	-1.0232	-0.4612
89633754	0.4021	-0.8428	0.1852
89633755	0.2101	-0.6816	-0.1191
89633756	0.4527	-0.8650	0.1973
89633757	0.5670	-0.6955	0.2671
89633758	0.5162	-0.8793	0.5556
89633759	0.4974	-0.7557	0.6367
89633760	0.2729	-0.7269	0.5292
89633761	0.5269	-0.7458	0.1653
89633762	0.5328	-0.8833	0.8102
89633763	0.7275	-0.7952	1.3443
89633764	0.3807	-0.9753	0.7020
89633765	0.3456	-1.2092	0.4748
89633766	0.1236	-1.3410	-0.7563
89633767	0.6214	-1.0584	0.4720
89633768	0.4855	-0.5416	1.1559
89633769	0.7058	-0.4527	1.0478
89633770	0.4153	-0.3326	0.7418
89633771	0.0699	-0.2397	0.1528
89633772	0.2311	-0.3489	-0.0128
89633773	0.3172	-0.4433	-0.8834
89633774	0.4558	0.1223	1.1674
89633775	0.5771	0.2092	0.9839
89633776	0.7758	0.2585	1.0647
89633777	0.5846	-0.0848	-0.1189
89633778	0.4116	0.2072	0.6024
89633779	0.4512	-0.1303	-0.1342
89633780	0.4676	-0.3440	0.4550
89633781	0.6052	-0.2864	1.2560
89633782	0.3986	-0.2770	0.8106
89633783	0.5091	-0.1257	1.1632
89633784	0.1371	-0.4975	-0.1658
89633785	0.2760	-0.3102	0.2862
89633786	0.5620	-0.6309	0.1679
89633787	0.5548	-0.0299	0.5093
89633788	0.3569	-0.1591	-0.0649
89633789	0.4336	-0.1627	0.0111
89633790	0.4334	-0.2843	0.1863
89633791	0.0715	-0.4749	-0.5343
89633792	0.2150	-0.6118	-0.3387
89633793	0.1462	-0.7235	-0.2077
89633794	0.3126	-0.4191	0.1540
89633795	0.4434	-0.5416	0.2801
89633796	0.2729	-0.5823	0.9251
89633797	0.4671	-0.6422	0.7543
89633798	0.0188	-0.6130	0.8394
89633799	0.2351	-0.5480	0.4882
89633800	0.4037	-0.2757	1.2781
89633801	0.1640	-0.1849	0.8005
89633802	0.1982	0.1765	1.3847
89633803	0.3331	0.2651	1.5995
89633804	0.0411	-0.1778	1.1066
89633805	0.1140	-0.1882	0.7627
89633806	0.1518	0.0874	1.4919
89633807	0.2352	-0.0266	1.8688
89633808	-0.0581	-0.0593	1.5660
89633809	0.3076	-0.2448	1.3079
89633810	0.2393	-0.3032	1.0078
89633811	0.1222	-0.2771	1.0838
89633812	0.1812	-0.6198	0.9868
89633813	0.3981	-0.4159	1.5015
89633814	0.3757	-0.4452	1.3392
89633815	0.5651	-0.6497	0.9607
89633816	0.4761	-0.4798	0.9128
89633817	-0.1274	-0.4860	0.4165
89633818	0.0686	-0.2671	0.4297
89633819	-0.0316	-0.8723	-0.0129
89633820	-0.0293	-0.4422	0.5719
89633821	0.1623	-0.5696	0.6151
89633822	0.1666	-0.3757	1.0332
89633823	0.2979	-0.6780	0.5952
89633824	0.1631	-0.5202	0.3472
89633825	-0.0315	-0.6050	-0.2807
89633826	0.1473	-0.1439	0.1804
89633827	0.3575	-0.6453	0.0636
89633828	0.5483	-0.4757	0.1274
89633829	0.2850	-0.3828	0.0910
89633830	0.1211	-0.4177	-0.1376
89633831	-0.3539	-0.6362	-0.5079
89633832	0.2050	-0.3673	1.7852
89633833	0.4004	-0.5515	1.2812
89633834	0.0696	-0.6527	1.0822
89633835	0.1527	-0.6944	0.1878
89633836	0.0988	-0.7322	-0.3847
89633837	0.3486	0.0374	1.1193
89633838	0.0886	-0.7376	0.3527
89633839	-0.2597	-0.9414	-0.0273
89633840	0.0885	-0.6762	-0.2906
89633841	0.2232	-0.3423	0.5539
89633842	0.2168	-0.4918	0.1474
89633843	-0.0620	-0.5920	0.0696
89633844	-0.1235	-0.6718	-0.5253
89633845	-0.2304	-0.5388	0.8051
89633846	0.0983	-0.6924	1.3039
89633847	-0.2053	-1.1047	-0.9551
89633848	0.3469	-0.4704	2.1648
89633849	0.1951	-0.6667	2.1022
89633850	0.1484	-0.0598	2.8962
89633851	0.0330	-1.3133	-1.0457
89633852	0.0446	-0.3657	2.2767
89633853	-0.3626	-1.1774	-0.9614
89633854	0.2021	0.1326	2.7789
89633855	-0.0432	-0.4728	0.2552
89633856	0.1855	-0.4257	0.2328
89633857	0.0501	-0.6637	-0.1865
89633858	0.0986	-0.3148	0.6466
89633859	0.0510	-0.5094	-0.3793
89633860	-0.2132	-0.5748	0.2608
89633861	-0.2379	-0.6179	-0.1871
89633862	-0.0204	-0.2862	0.1698
89633863	0.2238	-0.4547	0.5492
89633864	-0.2429	-0.6756	0.1943
89633865	-0.1321	-0.1090	2.4477
89633866	-0.1759	-0.8475	-0.4969
89633867	-0.1029	-0.6399	-0.1938
89633868	0.2679	-0.6458	0.2961
89633869	-0.2166	-0.7717	0.0327
89633870	-0.1182	-0.7517	0.2632
89633871	0.0449	-0.5319	0.4167
89633872	0.0750	-0.5238	0.7458
89633873	-0.1634	-0.6206	0.3372
89633874	-0.1820	-0.7546	0.4466
89633875	-0.1311	-0.1749	2.7202
89633876	-0.1674	-0.9929	-0.1632
89633877	-0.1572	-0.7761	-0.3532
89633878	0.0793	-0.3075	2.3547
89633879	-0.0006	-0.1378	2.1671
89633880	-0.2186	-1.3154	-1.2702
89633881	-0.2532	-1.1231	-1.0499
89633882	0.0851	-0.2392	1.5040
89633883	0.5507	0.2504	2.3425
89633884	0.0475	-0.9400	-1.4223
89633885	-0.1975	-0.9949	-1.8208
89633886	0.0679	-0.8944	-1.3597
89633887	0.2763	0.2124	1.7301
89633888	0.7346	-0.0076	2.1141
89633889	0.2655	-0.4161	0.0877
89633890	0.0131	-0.5777	-0.0350
89633891	0.3589	-0.2171	1.0756
89633892	-0.0109	-0.3996	-0.3211
89633893	-0.2657	-0.0132	0.5592
89633894	-0.0104	-0.3557	0.5283
89633895	0.1404	-0.5189	-0.1447
89633896	0.0889	-0.5546	0.1285
89633897	-0.2594	-0.1351	1.4502
89633898	-0.0825	-0.6422	0.0990
89633899	0.4122	-0.3509	3.2197
89633900	0.6117	-0.3302	1.0196
89633901	0.2382	-1.0710	-0.3348
89633902	0.1255	-0.5956	-0.1395
89633903	0.2764	-0.7828	0.0146
89633904	0.6138	0.2740	3.9792
89633905	-0.0597	-0.7161	-0.1997
89633906	-0.0617	-0.2585	1.2985
89633907	-0.1755	-1.2180	-1.0917
89633908	0.2713	-0.1068	2.3767
89633909	0.2568	-0.0625	2.6859
89633910	0.2741	0.4412	3.4251
89633911	0.1045	-0.6747	-1.0317
89633912	0.3684	-0.5289	-0.4880
89633913	0.1609	-0.4293	-0.8833
89633914	0.1824	-0.3305	-0.9382
89633915	0.1068	-0.5995	-1.0179
89633916	0.0798	0.0895	2.4155
89633917	0.1246	-0.0903	2.2862
89633918	0.1699	-0.3863	2.5217
89633919	0.3453	-0.2175	2.8641
89633920	0.0307	0.0644	1.9977
89633921	-0.2486	-0.3893	1.2557
89633922	-0.4482	-0.6314	-1.2123
89633923	0.2267	0.4824	2.5165
89633924	0.5312	-0.2205	0.2773
89633925	0.6896	-0.0593	1.0449
89633926	0.2594	-0.2191	0.3772
89633927	0.1287	-0.0310	0.1707
89633928	0.0922	-0.4096	-0.5483
89633929	0.4330	0.2126	2.6348
89633930	0.6354	-0.5440	-0.1526
89633931	0.5809	-0.0372	2.5907
89633932	0.4117	-0.1397	2.0456
89633933	0.2301	-0.7565	-0.2367
89633934	0.3852	-0.2638	2.2919
89633935	0.2822	-0.5063	-0.3381
89633936	0.1531	-0.0217	1.9713
89633937	0.0572	-0.0406	1.3708
89633938	-0.0493	-1.0246	-1.5135
89633939	0.1697	-0.1496	1.6437
89633940	0.6220	0.0443	2.7623
89633941	-0.0236	-0.6775	-1.2622
89633942	0.6261	0.2678	3.3378
89633943	0.2310	-0.6939	-1.0851
89633944	0.5759	0.2834	2.7410
89633945	0.0771	-0.9352	-1.3162
89633946	0.2115	-0.1962	1.7042
89633947	0.3040	0.2186	1.8360
89633948	0.2070	-0.1326	1.7327
89633949	0.4377	0.0036	1.6548
89633950	0.2174	-0.3410	1.0468
89633951	0.3944	0.1656	1.4223
89633952	0.5853	0.1351	1.4095
89633953	0.4683	-0.2347	1.1776
89633954	0.4859	-0.2672	0.8497
89633955	0.2067	-0.3189	0.4270
89633956	0.5957	-0.0297	1.0494
89633957	0.7248	-0.0586	1.7073
89633958	0.1259	-0.2808	1.0768
89633959	0.3790	-0.4076	1.5382
89633960	0.5478	-0.1470	2.0483
89633961	0.2900	-0.6741	1.0877
89633962	0.4773	-0.4187	1.8571
89633963	0.2992	-0.5574	1.6605
89633964	-0.0097	-0.5548	0.9418
89633965	0.1742	-0.4287	0.9471
89633966	0.2085	-0.3964	1.4898
89633967	0.2150	-0.3139	0.9137
89633968	0.5304	0.0910	0.8987
89633969	0.4059	-0.2752	-0.0592
89633970	0.4457	0.0460	0.1856
89633971	0.3845	-0.1803	0.7920
89633972	0.6397	-0.0240	1.0848
89633973	0.4056	-0.4165	0.5250
89633974	0.2458	-0.4793	0.4378
89633975	0.3438	-0.4846	1.2878
89633976	0.5152	-0.0322	1.3585
89633977	0.5089	-0.3326	1.6036
89633978	0.2620	-0.2959	0.2537
89633979	0.4024	-0.5426	0.3810
89633980	0.2093	-0.3662	0.7768
89633981	0.3167	0.1215	0.9201
89633982	0.3271	0.5255	0.5702
89633983	0.6314	0.3031	0.0645
89633984	0.6191	0.0053	0.3694
89633985	0.5298	0.1154	0.2402
89633986	0.4242	0.2018	0.1021
89633987	0.6218	0.4233	0.3664
89633988	0.5063	0.3822	0.5767
89633989	0.3359	-0.1152	0.3539
89633990	0.5824	0.0621	0.6098
89633991	0.3833	-0.1606	0.1616
89633992	0.0955	0.1951	-0.2828
89633993	0.3792	0.2506	0.5816
89633994	0.5405	0.2348	0.7970
89633995	0.3446	-0.2594	0.0465
89633996	0.6062	-0.1886	0.4166
89633997	0.4613	-0.0480	0.6170
89633998	0.1033	-0.0288	0.1528
89633999	0.6151	-0.0866	0.6787
89634000	0.9799	0.0368	1.8895
89634001	0.3929	-0.4537	0.4859
89634002	0.3518	-0.3741	0.3085
89634003	0.1454	-0.1440	0.4244
89634004	0.2845	-0.2836	0.2352
89634005	0.3385	-0.2064	0.5577
89634006	0.4448	-0.1966	1.1992
89634007	0.1247	-0.1877	0.3894
89634008	0.4337	0.0470	0.8104
89634009	0.2404	-0.1810	0.5246
89634010	0.2975	-0.3403	0.5418
89634011	0.2077	-0.4383	0.3997
89634012	0.5403	-0.0062	0.7957
89634013	0.0955	-0.5706	0.3712
89634014	0.4689	0.0123	0.6816
89634015	0.3707	0.2343	1.1138
89634016	0.3431	0.0395	0.5415
89634017	0.1537	-0.3529	0.7508
89634018	-0.0081	-0.1678	-0.0118
89634019	-0.0472	-0.3295	0.4157
89634020	0.2370	-0.0418	1.1296
89634021	-0.0847	-0.2358	0.2907
89634022	0.4736	0.1189	1.2318
89634023	-0.1471	-0.2878	-0.4145
89634024	0.2423	0.0112	0.4659
89634025	-0.0180	-0.3917	-0.0571
89634026	0.3217	-0.2237	0.6783
89634027	0.6720	-0.2175	1.0023
89634028	0.1736	-0.3187	0.7459
89634029	0.3062	-0.2046	0.7798
89634030	0.1491	-0.0678	0.7367
89634031	0.1670	-0.2609	0.4733
89634032	-0.0175	0.0847	0.9013
89634033	0.0881	-0.1720	0.8016
89634034	0.3245	0.1360	1.3224
89634035	0.2443	-0.1664	1.1348
89634036	0.1740	-0.1843	0.6602
89634037	0.2217	-0.3026	1.4482
89634038	0.0767	-0.1721	1.2118
89634039	0.1228	-0.3599	0.6359
89634040	-0.0896	-0.4707	0.3797
89634041	0.0895	-0.4047	0.7207
89634042	0.2861	-0.3143	0.9726
89634043	0.2762	-0.2785	1.0894
89634044	0.2498	-0.3283	0.5904
89634045	0.1603	-0.4291	-0.2290
89634046	-0.0489	0.0403	-0.1238
89634047	0.3101	-0.2099	0.0932
89634048	0.2178	-0.0229	-0.0871
89634049	0.2510	0.0416	0.2339
89634050	0.0311	0.2028	-0.0398
89634051	0.2937	0.2739	0.5513
89634052	0.2658	0.0836	-0.2304
89634053	0.1026	-0.2925	0.0969
89634054	0.3942	-0.1499	0.6574
89634055	0.4414	-0.1574	0.6376
89634056	0.4883	0.0605	0.6524
89634057	0.5015	0.0751	0.7901
89634058	-0.1095	-0.3198	0.2586
89634059	0.2107	-0.4460	0.6309
89634060	0.4437	-0.3100	0.9905
89634061	-0.0631	-0.3306	0.1106
89634062	-0.1730	-0.1475	1.1316
89634063	0.2494	-0.5448	1.1664
89634064	0.3627	-0.4693	1.0910
89634065	0.2410	-0.3231	0.5772
89634066	-0.2033	-0.2564	0.1417
89634067	-0.1109	-0.3669	0.1629
89634068	0.2006	-0.2429	1.6147
89634069	0.1516	-0.2093	0.6123
89634070	0.1929	-0.1026	0.9512
89634071	0.2509	-0.0695	0.6854
89634072	-0.1957	-0.3388	-0.2487
89634073	0.2990	-0.2788	0.8393
89634074	0.2354	-0.0080	0.8959
89634075	0.2343	0.0191	1.1585
89634076	-0.0029	-0.1127	0.6187
89634077	-0.2141	-0.4764	0.4839
89634078	-0.0580	-0.2612	0.9488
89634079	-0.4580	-0.7338	0.5159
89634080	0.5363	-0.4179	2.0044
89634081	0.2006	-0.5859	0.6701
89634082	0.2970	-0.3289	1.1373
89634083	-0.1396	-0.4317	0.5345
89634084	0.4050	-0.1860	1.0480
89634085	0.2476	-0.2114	0.6557
89634086	0.0257	-0.1975	0.3389
89634087	-0.2071	-0.0761	-0.0673
89634088	-0.3954	-0.1055	0.4681
89634089	-0.1613	0.0649	0.3723
89634090	0.1687	0.1181	1.4704
89634091	0.0636	-0.3010	0.9570
89634092	0.0970	-0.0241	1.0666
89634093	0.2646	0.0397	0.8153
89634094	-0.3278	-0.5026	0.3408
89634095	0.1055	0.0396	0.8685
89634096	0.2850	0.0456	1.3138
89634097	-0.2592	-0.1346	-0.1676
89634098	0.1573	0.0836	0.9835
89634099	0.5478	0.2146	1.2087
89634100	0.4099	-0.1426	1.0506
89634101	0.0720	0.2893	0.6231
89634102	-0.1055	0.0741	0.1617
89634103	0.1620	-0.0530	-0.1034
89634104	0.0105	-0.2394	-0.1149
89634105	0.3699	0.2280	0.8276
89634106	0.5473	-0.1133	1.1030
89634107	0.2077	0.1256	-0.1224
89634108	0.3940	0.0927	0.0064
89634109	0.4100	0.0542	-0.1479
89634110	0.5233	0.1718	-0.0083
89634111	0.3876	0.0143	-0.4712
89634112	0.8178	0.2687	0.6110
89634113	1.2908	0.2491	1.0809
89634114	1.1300	0.4168	1.0747
89634115	0.4161	-0.0136	-0.2456
89634116	0.6638	0.3466	0.0952
89634117	0.7045	0.1564	0.2099
89634118	1.0363	0.7694	0.7618
89634119	0.7786	0.5273	-0.0944
89634120	0.9203	0.6777	-0.5324
89634121	1.0954	0.9667	-0.2492
89634122	0.9711	0.9357	0.3112
89634123	1.3675	0.7606	0.1664
89634124	1.6313	0.5987	0.5160
89634125	2.2680	1.0041	1.8131
89634126	2.4480	0.9106	1.4806
89634127	1.9326	0.9866	0.9563
89634128	1.9058	0.7832	0.4552
89634129	2.0613	1.0955	0.4919
89634130	2.1910	1.1358	0.6108
89634131	1.4416	0.9309	-0.2529
89634132	1.6525	0.8623	0.1200
89634133	1.6399	0.9929	-0.2478
89634134	1.6252	0.7693	0.0650
89634135	1.5810	0.9323	0.6317
89634136	1.4144	0.6984	0.9072
89634137	1.9094	1.0765	1.5907
89634138	1.5324	0.7614	0.9790
89634139	1.5770	0.5254	1.3127
89634140	1.1968	0.6038	0.5634
89634141	1.3605	0.4520	0.3424
89634142	1.2814	0.5452	0.3548
89634143	0.8159	0.4611	0.4025
89634144	1.2642	0.4172	0.2189
89634145	0.8503	0.2937	-0.1811
89634146	0.7428	0.1149	0.1170
89634147	0.9487	0.0790	-0.0919
89634148	0.9677	-0.2156	0.4458
89634149	1.0868	0.0139	0.6144
89634150	1.1610	0.1258	0.4315
89634151	0.5186	-0.0016	-0.1401
89634152	0.7810	-0.2035	0.2321
89634153	0.4809	-0.1484	0.1198
89634154	0.2164	-0.1815	-0.1935
89634155	0.5200	0.2086	0.1845
89634156	0.6506	0.2124	0.8135
89634157	0.1930	-0.1740	-0.3234
89634158	-0.0453	-0.2859	-0.0087
89634159	-0.3450	-0.2287	-0.3275
89634160	-0.1685	-0.4621	-0.1253
89634161	-0.1263	-0.4990	0.3153
89634162	-0.3315	-0.4085	0.6070
89634163	-1.2558	-0.9897	-0.6084
89634164	-1.1163	-0.9889	-0.0440
89634165	-1.1588	-1.1691	0.2720
89634166	-1.0250	-1.2085	0.3186
89634167	-1.2709	-1.2512	-0.0979
89634168	-1.4867	-1.5001	0.4451
89634169	-1.5652	-1.6491	0.2081
89634170	-1.7659	-1.6273	0.5036
89634171	-1.9375	-1.4848	0.0613
89634172	-1.7189	-1.1725	0.8752
89634173	-2.3624	-1.4989	0.1631
89634174	-2.2115	-1.5609	0.4898
89634175	-2.3337	-1.4928	0.2425
89634176	-2.1322	-1.0762	1.2873
89634177	-2.3153	-1.5397	-0.0544
89634178	-1.9869	-1.4229	0.7685
89634179	-2.0539	-1.6022	-0.1380
89634180	-1.9691	-1.3787	0.2561
89634181	-1.6352	-1.2147	-0.1604
89634182	-1.4362	-1.1448	0.1740
89634183	-1.0347	-1.1474	0.0059
89634184	-1.1233	-1.1164	-0.1681
89634185	-0.5236	-0.6912	0.3549
89634186	-0.3948	-0.7358	-0.4196
89634187	-0.2267	-0.6894	-0.3067
89634188	-0.0223	-0.6695	-0.5387
89634189	0.5869	-0.1535	0.1058
89634190	1.0606	-0.1646	0.2561
89634191	1.0089	0.1212	-0.1492
89634192	1.1755	0.1923	-0.4481
89634193	1.4242	0.3173	0.3046
89634194	1.1722	0.1641	-0.4987
89634195	1.8150	0.6367	-0.0254
89634196	1.9062	0.6052	-0.2800
89634197	2.2584	0.8029	0.6059
89634198	2.7105	0.7454	0.6516
89634199	2.5449	0.6890	0.7706
89634200	2.5700	0.7815	0.3688
89634201	2.5426	0.8517	1.0547
89634202	2.3574	1.1121	0.8827
89634203	2.0985	1.1702	0.7188
89634204	2.1869	1.2016	0.9019
89634205	2.0100	1.2599	1.1787
89634206	1.3404	1.3740	0.6725
89634207	0.6179	0.7803	-0.0763
89634208	0.5410	0.6945	0.1308
89634209	0.4886	0.8916	1.0637
89634210	0.0520	0.5201	0.4852
89634211	-0.1003	0.3488	1.3541
89634212	-0.7875	-0.0952	0.9899
89634213	-1.0146	-0.2998	1.3148
89634214	-1.3069	-0.3914	1.4388
89634215	-1.5342	-0.3834	1.7639
89634216	-1.8191	-1.0035	1.0412
89634217	-2.0428	-1.1304	1.2879
89634218	-2.3246	-0.7596	1.3830
89634219	-2.8878	-1.2114	-0.0868
89634220	-2.7967	-1.3755	0.3729
89634221	-2.6763	-1.3288	0.8251
89634222	-2.6263	-1.2475	0.8006
89634223	-2.1540	-1.0955	0.6965
89634224	-1.7993	-1.1815	0.7147
89634225	-1.6007	-1.1277	0.7649
89634226	-1.2915	-1.4382	0.1565
89634227	-0.7333	-1.0327	0.3073
89634228	-0.0375	-0.6363	0.7492
89634229	0.3522	-0.1690	1.0652
89634230	1.3505	0.0248	1.3434
89634231	1.1660	-0.3136	-0.1169
89634232	1.8072	0.3224	1.0440
89634233	2.3389	0.5090	0.6265
89634234	2.4849	0.7832	0.2095
89634235	3.0096	0.9883	0.7282
89634236	3.0624	0.9397	0.7504
89634237	2.9419	0.7297	0.4730
89634238	2.9398	0.8606	0.4042
89634239	2.8324	0.7768	0.7650
89634240	3.1113	1.0418	1.1183
89634241	2.6950	1.2629	1.6353
89634242	2.1409	0.8301	1.6746
89634243	1.1203	0.5957	1.0869
89634244	0.4543	0.3771	0.9037
89634245	0.2203	0.0733	1.3475
89634246	-0.6828	-0.0493	1.4303
89634247	-0.8868	-0.2182	2.3391
89634248	-1.8374	-0.5485	2.2024
89634249	-2.1733	-1.0610	1.9619
89634250	-2.6068	-1.1936	1.8489
89634251	-2.8552	-1.1459	1.6708
89634252	-2.8533	-0.7999	2.1278
89634253	-2.6843	-0.9114	2.3906
89634254	-2.4485	-0.6568	1.4138
89634255	-2.2509	-0.7532	1.4108
89634256	-1.8266	-0.3045	0.8377
89634257	-1.4292	0.0758	0.0487
89634258	-0.4599	0.1971	0.6284
89634259	0.2775	0.4415	0.4600
89634260	0.9418	1.0439	0.3828
89634261	1.9070	1.2644	-0.3281
89634262	2.5632	1.5362	-0.0612
89634263	3.1669	1.9521	0.5679
89634264	3.5356	2.3106	0.0900
89634265	3.8130	1.7542	-1.0389
89634266	3.6300	1.7778	-0.4513
89634267	3.5141	1.3438	-0.5390
89634268	3.0610	0.8720	0.2169
89634269	1.9304	0.2371	-0.1231
89634270	0.9070	-0.3187	-0.2258
89634271	-0.4666	-1.0273	0.1296
89634272	-1.5452	-1.8325	0.9358
89634273	-2.7238	-2.5112	1.3019
89634274	-4.3405	-3.3235	0.6946
89634275	-4.8090	-3.5542	1.2265
89634276	-4.5976	-3.4611	1.5890
89634277	-3.9733	-2.8522	1.4928
89634278	-3.0340	-2.1042	1.2969
89634279	-0.8337	-0.5428	1.4939
89634280	1.1034	0.8637	0.9810
89634281	3.3451	2.6143	0.7631
89634282	5.4129	3.5862	0.9080
89634283	7.2224	4.9405	1.1532
89634284	7.2814	4.5101	0.8733
89634285	6.9501	4.2544	0.9913
89634286	5.6413	2.8171	1.5157
89634287	3.5212	0.7400	1.8061
89634288	-0.0072	-1.8204	1.1635
89634289	-2.6162	-3.8565	2.2679
89634290	-5.0110	-5.2094	2.6870
89634291	-7.5226	-5.6171	1.6374
89634292	-8.2004	-5.5499	1.9821
89634293	-8.0744	-4.6039	1.5047
89634294	-6.5180	-2.5957	1.5304
89634295	-4.1910	-0.3339	1.1045
89634296	-1.1599	2.5861	-0.0396
89634297	2.6006	5.2963	-0.2243
89634298	5.9344	6.9922	-0.2193
89634299	8.0441	7.1465	-0.2917
89634300	8.6176	6.0881	-0.1892
89634301	7.6704	4.3804	0.1605
89634302	5.0140	1.7336	0.2115
89634303	2.5059	-0.5577	1.0537
89634304	-0.7301	-3.2766	0.6610
89634305	-3.5432	-4.9812	0.7489
89634306	-5.0384	-5.7017	0.5718
89634307	-5.0755	-4.6981	0.8845
89634308	-3.7611	-3.1438	0.8456
89634309	-2.1212	-1.3944	0.9750
89634310	0.0469	0.2360	0.9542
89634311	1.3875	0.7995	0.7234
89634312	2.2458	1.1625	0.8343
89634313	2.6139	1.2937	1.0827
89634314	2.6160	1.4142	1.1888
89634315	2.2399	1.2491	1.8251
89634316	1.3538	0.8559	1.4151
89634317	0.6138	0.3731	1.2988
89634318	-0.1171	0.7307	1.4011
89634319	-0.3806	1.0589	1.1771
89634320	-0.2945	1.1750	0.6908
89634321	-0.4019	0.9609	0.3770
89634322	0.5161	0.9305	0.6332
89634323	0.2789	0.5833	-0.0487
89634324	0.4519	-0.0015	-0.3227
89634325	0.6023	-0.3226	0.1431
89634326	0.2680	-0.2922	0.5302
89634327	0.3019	0.0903	1.1328
89634328	-0.1047	-0.0489	0.7295
89634329	-0.4096	0.3200	0.6098
89634330	0.0322	1.2652	1.1371
89634331	-0.0287	1.3240	0.7142
89634332	0.4245	1.4463	0.2520
89634333	0.6715	1.3098	-0.1149
89634334	1.1009	0.4716	-0.1613
89634335	1.3819	0.0386	0.2389
89634336	1.5217	-0.2274	0.3350
89634337	1.0785	-0.0785	0.6703
89634338	0.8643	-0.0356	1.4796
89634339	-0.2463	0.2519	1.0869
89634340	-0.2156	0.7806	2.3702
89634341	-0.6833	1.2652	2.7545
89634342	-1.0080	1.8522	2.1370
89634343	-1.3346	1.9579	1.5396
89634344	-0.8396	1.6333	0.7284
89634345	-0.6896	1.1427	-0.4000
89634346	0.0821	1.0953	0.0401
89634347	1.0242	0.7503	-0.4060
89634348	1.6087	0.3723	-0.2787
89634349	2.2355	0.0426	-0.1441
89634350	2.1511	-0.7677	0.4078
89634351	2.0828	-1.1994	0.7116
89634352	1.7996	-1.0473	1.7019
89634353	1.2713	-0.8356	2.3205
89634354	0.1391	-0.4075	2.2713
89634355	-0.6707	-0.1698	2.3168
89634356	-1.1317	0.2760	1.7029
89634357	-1.4785	0.5269	0.8978
89634358	-1.0545	1.0492	0.6504
89634359	-0.1944	1.5380	1.2178
89634360	-0.3019	1.0753	0.1532
89634361	0.1341	0.8034	0.0026
89634362	0.2516	0.2562	0.2033
89634363	0.2439	0.5582	0.4108
89634364	0.1294	0.0135	0.4980
89634365	-0.0236	-0.1677	0.0391
89634366	0.1732	0.1701	0.2756
89634367	0.4566	0.4266	0.6730
89634368	0.7153	0.2259	0.0406
89634369	0.9152	0.1991	0.2045
89634370	0.7825	0.3860	0.6682
89634371	0.4671	0.0861	0.2943
89634372	0.8617	0.1471	1.1999
89634373	0.9863	0.0120	1.0404
89634374	0.9911	-0.0515	1.4316
89634375	0.7147	-0.2392	1.9833
89634376	0.8265	-0.3467	1.8767
89634377	0.2298	-0.0692	2.6922
89634378	-0.3355	-0.1624	2.0726
89634379	-1.1807	0.1155	1.9932
89634380	-1.0102	0.3121	2.1940
89634381	-1.4317	0.0604	1.0610
89634382	-0.4451	0.4083	1.6262
89634383	-0.1201	1.0771	1.0122
89634384	-0.0347	0.9271	0.4874
89634385	0.0079	0.7098	0.1444
89634386	0.3460	0.6190	0.0148
89634387	0.6960	0.6017	-0.4818
89634388	0.7229	0.1791	-0.1735
89634389	1.0078	-0.0990	0.1389
89634390	1.6485	0.1105	1.7567
89634391	1.0227	-0.4624	1.3849
89634392	0.8086	-0.7316	1.2008
89634393	0.5302	-0.5165	1.5206
89634394	0.7483	-0.0058	2.5070
89634395	0.3314	-0.2270	2.1602
89634396	0.3561	0.1629	2.5458
89634397	-0.1675	0.0952	2.1837
89634398	-0.4147	0.1041	1.7441
89634399	-0.4132	-0.2355	1.2823
89634400	-0.1298	0.1350	1.5333
89634401	-0.0914	0.2770	0.8935
89634402	0.3316	0.7937	0.9149
89634403	0.7408	0.6883	0.8637
89634404	0.6765	0.4104	0.9627
89634405	0.1426	-0.1785	0.2085
89634406	0.0939	-0.0934	0.5032
89634407	0.4716	0.1196	0.8336
89634408	0.5871	0.2719	0.8582
89634409	1.0024	0.3724	0.6545
89634410	1.3344	0.4411	1.3155
89634411	1.1395	0.5527	1.6818
89634412	0.6333	0.2216	1.3269
89634413	0.1930	0.0816	1.2882
89634414	-0.3151	-0.0694	1.1246
89634415	-0.0889	0.2485	1.5104
89634416	-0.2890	0.1107	0.9008
89634417	0.1636	0.0428	0.8989
89634418	0.3176	-0.0949	0.9202
89634419	0.2801	-0.2087	0.8327
89634420	0.2223	-0.2196	0.8843
89634421	0.3807	-0.3835	1.0967
89634422	0.6781	-0.3373	0.8622
89634423	0.5188	-0.5045	0.6341
89634424	0.6462	-0.1364	1.0735
89634425	0.1487	0.3390	0.8622
89634426	0.2077	0.3171	1.4733
89634427	0.0903	0.2131	1.3515
89634428	-0.0482	-0.3836	0.3471
89634429	0.5641	-0.2618	0.7564
89634430	0.5844	-0.0851	0.7911
89634431	0.3380	0.2697	0.4407
89634432	0.4071	0.9582	1.3400
89634433	0.0220	0.6713	1.0346
89634434	-0.1879	0.0368	0.7631
89634435	0.2782	-0.3771	1.3279
89634436	0.3249	-0.5436	1.0866
89634437	0.4460	-0.4525	1.7523
89634438	-0.3680	-0.9068	0.8823
89634439	0.0953	-0.6533	1.5342
89634440	0.2864	-0.2508	1.5354
89634441	0.0584	-0.4333	0.9999
89634442	0.4349	-0.1367	1.3807
89634443	0.2694	0.0778	1.8211
89634444	-0.0471	-0.2370	1.1859
89634445	-0.2122	-0.1925	0.8765
89634446	0.2867	0.0235	1.2660
89634447	0.7227	0.1319	1.0169
89634448	0.3484	-0.5193	-0.2467
89634449	0.0169	-0.5745	-0.2683
89634450	0.2577	-0.5731	0.4180
89634451	0.2576	-0.3847	1.0145
89634452	-0.0089	-0.3836	1.3085
89634453	-0.3518	-0.4969	0.5291
89634454	0.1000	-0.4482	1.2568
89634455	-0.0414	-0.4590	1.8449
89634456	0.0890	-0.3282	1.8040
89634457	-0.1426	-0.6554	1.9521
89634458	0.1107	-0.6837	2.2850
89634459	-0.0105	-0.7004	1.3994
89634460	0.2030	-0.2306	2.0959
89634461	-0.1268	-0.2079	1.6436
89634462	0.0489	-0.1711	1.9047
89634463	0.0302	-0.5479	2.1012
89634464	0.0000	0.0000	0.0000
89634465	0.0000	0.0000	0.0000
89634466	0.0000	0.0000	0.0000
89634467	0.0000	0.0000	0.0000
89634468	0.0000	0.0000	0.0000
89634469	0.0000	0.0000	0.0000
89634470	0.0000	0.0000	0.0000
89634471	0.0000	0.0000	0.0000
89634472	0.0000	0.0000	0.0000
89634473	0.0000	0.0000	0.0000
89634474	0.0000	0.0000	0.0000
89634475	0.0000	0.0000	0.0000
89634476	0.0000	0.0000	0.0000
89634477	0.0000	0.0000	0.0000
89634478	0.0000	0.0000	0.0000
89634479	0.0000	0.0000	0.0000
89634480	0.0000	0.0000	0.0000
89634481	0.0000	0.0000	0.0000
89634482	0.0000	0.0000	0.0000
89634483	0.0000	0.0000	0.0000
89634484	0.0000	0.0000	0.0000
89634485	0.0000	0.0000	0.0000
89634486	0.0000	0.0000	0.0000
89634487	0.0000	0.0000	0.0000
89634488	0.0000	0.0000	0.0000
89634489	0.0000	0.0000	0.0000
89634490	0.0000	0.0000	0.0000
89634491	0.0000	0.0000	0.0000
89634492	0.0000	0.0000	0.0000
89634493	0.0000	0.0000	0.0000
89634494	0.0000	0.0000	0.0000
89634495	0.0000	0.0000	0.0000
89634496	0.0000	0.0000	0.0000
89634497	0.0000	0.0000	0.0000
89634498	0.0000	0.0000	0.0000
89634499	0.0000	0.0000	0.0000
89634500	0.0000	0.0000	0.0000
89634501	0.0000	0.0000	0.0000
89634502	0.0000	0.0000	0.0000
89634503	0.0000	0.0000	0.0000
89634504	0.0000	0.0000	0.0000
89634505	0.0000	0.0000	0.0000
89634506	0.0000	0.0000	0.0000
89634507	0.0000	0.0000	0.0000
89634508	0.0000	0.0000	0.0000
89634509	0.0000	0.0000	0.0000
89634510	0.0000	0.0000	0.0000
89634511	0.0000	0.0000	0.0000
89634512	0.0000	0.0000	0.0000
89634513	0.0000	0.0000	0.0000
89634514	0.0000	0.0000	0.0000
89634515	0.0000	0.0000	0.0000
89634516	0.0000	0.0000	0.0000
89634517	0.0000	0.0000	0.0000
89634518	0.0000	0.0000	0.0000
89634519	0.0000	0.0000	0.0000
89634520	0.0000	0.0000	0.0000
89634521	0.0000	0.0000	0.0000
89634522	0.0000	0.0000	0.0000
89634523	0.0000	0.0000	0.0000
89634524	0.0000	0.0000	0.0000
89634525	0.0000	0.0000	0.0000
89634526	0.0000	0.0000	0.0000
89634527	0.0000	0.0000	0.0000
89634528	0.0000	0.0000	0.0000
89634529	0.0000	0.0000	0.0000
89634530	0.0000	0.0000	0.0000
89634531	0.0000	0.0000	0.0000
89634532	0.0000	0.0000	0.0000
89634533	0.0000	0.0000	0.0000
89634534	0.0000	0.0000	0.0000
89634535	0.0000	0.0000	0.0000
89634536	0.0000	0.0000	0.0000
89634537	0.0000	0.0000	0.0000
89634538	0.0000	0.0000	0.0000
89634539	0.0000	0.0000	0.0000
89634540	0.0000	0.0000	0.0000
89634541	0.0000	0.0000	0.0000
89634542	0.0000	0.0000	0.0000
89634543	0.0000	0.0000	0.0000
89634544	0.0000	0.0000	0.0000
89634545	0.0000	0.0000	0.0000
89634546	0.0000	0.0000	0.0000
89634547	0.0000	0.0000	0.0000
89634548	0.0000	0.0000	0.0000
89634549	0.0000	0.0000	0.0000
89634550	0.0000	0.0000	0.0000
89634551	0.0000	0.0000	0.0000
89634552	0.0000	0.0000	0.0000
89634553	0.0000	0.0000	0.0000
89634554	0.0000	0.0000	0.0000
89634555	0.0000	0.0000	0.0000
89634556	0.0000	0.0000	0.0000
89634557	0.0000	0.0000	0.0000
89634558	0.0000	0.0000	0.0000
89634559	0.0000	0.0000	0.0000
89634560	0.0000	0.0000	0.0000
89634561	0.0000	0.0000	0.0000
