89633311	1.4036	-0.3473	-0.1158
89633312	1.2706	-0.4754	-0.2064
89633313	1.3403	-0.6077	-0.0711
89633314	1.3910	-0.5793	-0.4205
89633315	1.2649	-0.8428	-0.4938
89633316	1.3419	-0.7768	-0.4867
89633317	1.2758	-0.6543	-0.4222
89633318	1.3052	-0.8237	-0.4103
89633319	1.2641	-0.6733	-0.1956
89633320	1.0641	-0.5397	0.1531
89633321	1.1208	-0.4951	0.1570
89633322	1.1090	-0.3633	-0.0418
89633323	0.9722	-0.2571	0.0753
89633324	0.9068	-0.0673	-0.0540
89633325	1.0346	-0.2181	0.1145
89633326	0.9864	-0.5633	-0.0914
89633327	1.0624	-0.2730	0.5070
89633328	1.1721	-0.3392	0.3744
89633329	1.3584	-0.5764	0.1929
89633330	1.3899	-0.2375	-0.1441
89633331	1.4257	-0.6389	0.0757
89633332	1.1867	-0.5969	0.1080
89633333	1.2507	-0.2803	0.2331
89633334	0.9086	-0.2975	0.2318
89633335	0.9160	-0.2068	-0.1112
89633336	0.9525	-0.1591	0.2075
89633337	0.7080	-0.2820	-0.0603
89633338	0.8472	-0.3390	0.0779
89633339	1.1006	-0.5501	-0.1159
89633340	1.0396	-0.4818	-0.4477
89633341	1.0215	-0.5925	-0.6242
89633342	1.1423	-0.6681	-0.7502
89633343	1.2110	-0.7129	-0.6747
89633344	1.1880	-0.8837	-0.9667
89633345	1.2939	-0.8417	-1.0011
89633346	1.2563	-0.7135	-0.8483
89633347	1.1450	-0.6411	-0.6258
89633348	1.0291	-0.7984	-0.7684
89633349	0.8349	-1.0704	-0.7975
89633350	0.9838	-1.2661	-0.6851
89633351	1.1373	-1.1240	-0.5567
89633352	1.1168	-1.1565	-0.4825
89633353	0.9355	-1.0985	-0.1434
89633354	1.0000	-1.0380	-0.1113
89633355	1.0975	-0.9695	-0.0332
89633356	1.1097	-0.9539	-0.1408
89633357	1.1938	-0.9890	0.0438
89633358	1.2326	-0.7244	0.3552
89633359	1.2253	-0.6621	0.4611
89633360	1.2313	-0.5349	0.0489
89633361	1.1248	-0.2516	0.1066
89633362	1.1900	-0.3368	0.0465
89633363	1.1636	-0.0441	0.1587
89633364	0.9925	0.0532	0.2589
89633365	1.0777	0.1124	0.5922
89633366	0.8490	-0.0925	0.3830
89633367	0.8702	-0.3547	-0.0245
89633368	1.0728	-0.3042	-0.3219
89633369	1.0487	-0.2544	-0.2493
89633370	0.9054	-0.3671	-0.5971
89633371	1.0021	-0.4565	-0.1653
89633372	1.0404	-0.3730	-0.4847
89633373	1.0346	-0.4393	-0.6938
89633374	0.9487	-0.2144	-0.5818
89633375	1.1496	-0.1532	-0.7568
89633376	1.1318	0.0279	-0.4663
89633377	1.1180	0.0183	-0.6845
89633378	1.1028	-0.1048	-0.8407
89633379	1.1401	-0.1180	-1.2072
89633380	1.2035	-0.1355	-1.2921
89633381	1.1550	0.0843	-0.9613
89633382	1.1250	0.0445	-0.9954
89633383	1.1728	-0.0661	-1.2198
89633384	1.1922	-0.3956	-1.0986
89633385	0.9390	-0.4310	-0.9359
89633386	1.0599	-0.6696	-0.7853
89633387	1.0658	-0.6083	-0.5614
89633388	1.0731	-0.5828	-0.4130
89633389	0.9236	-0.6274	-0.2869
89633390	0.7944	-0.7551	-0.3924
89633391	0.9095	-0.7373	-0.5601
89633392	0.7679	-0.7199	-0.5039
89633393	0.7280	-0.7084	-0.2911
89633394	0.7514	-0.6184	-0.0411
89633395	0.9087	-0.4260	-0.2843
89633396	0.8264	-0.5183	-0.0778
89633397	0.8205	-0.6445	-0.2361
89633398	0.8446	-0.5676	-0.0372
89633399	0.8397	-0.5327	0.1168
89633400	0.8420	-0.7657	0.3157
89633401	0.8703	-1.0653	0.4905
89633402	0.7330	-0.9883	0.4711
89633403	0.7000	-0.9865	0.5431
89633404	0.7480	-1.1061	0.1659
89633405	0.8515	-1.1483	0.0047
89633406	0.6835	-0.9767	-0.1756
89633407	0.7595	-0.9598	-0.0336
89633408	0.7946	-0.8549	-0.1083
89633409	0.8931	-1.2124	0.1023
89633410	0.8446	-0.8880	0.0040
89633411	0.8785	-0.6648	0.1248
89633412	0.8594	-0.7686	0.1348
89633413	0.8512	-0.8718	0.3422
89633414	0.6691	-0.8450	0.6366
89633415	0.6806	-0.9258	0.2993
89633416	0.7643	-0.7730	0.5277
89633417	0.7504	-0.5852	0.3139
89633418	0.7243	-0.6220	-0.0717
89633419	0.7506	-0.6993	-0.3413
89633420	0.5875	-0.8764	-0.2034
89633421	0.7580	-0.7271	-0.4326
89633422	0.6159	-0.5432	-0.5049
89633423	0.5526	-0.2981	-0.4719
89633424	0.5410	-0.3578	0.0832
89633425	0.7841	-0.4162	0.2806
89633426	0.6297	-0.6348	0.4494
89633427	0.7137	-0.6013	0.5191
89633428	0.6868	-0.4876	0.6237
89633429	0.7723	-0.5956	1.0324
89633430	0.9246	-0.4427	1.0339
89633431	0.9166	-0.4261	0.7945
89633432	0.9814	-0.1695	0.4356
89633433	0.8219	-0.1206	0.2431
89633434	0.7172	-0.2663	0.1997
89633435	0.5691	-0.0638	0.2381
89633436	0.6374	-0.2195	0.2582
89633437	0.4683	-0.0555	0.0103
89633438	0.5344	0.0399	-0.1718
89633439	0.3919	-0.1060	-0.2590
89633440	0.5076	-0.2863	-0.1998
89633441	0.3083	-0.4731	-0.1927
89633442	0.3992	-0.8491	0.1128
89633443	0.1676	-1.1640	0.4638
89633444	0.1471	-1.2025	0.5979
89633445	0.2601	-1.2392	0.5485
89633446	0.3269	-1.4566	0.7545
89633447	0.2432	-1.0081	0.4477
89633448	0.3358	-0.7569	0.7532
89633449	0.2680	-0.6897	0.6969
89633450	0.2891	-0.4419	0.0876
89633451	0.4400	-0.2565	0.1265
89633452	0.4126	-0.2664	0.2585
89633453	0.4574	-0.5493	0.0232
89633454	0.5509	-0.5171	-0.3553
89633455	0.6224	-0.4320	0.0941
89633456	0.4618	-0.5908	0.4064
89633457	0.6463	-0.3229	0.8506
89633458	0.6223	-0.5307	0.6088
89633459	0.6865	-0.4621	0.3801
89633460	0.6765	-0.6865	0.2880
89633461	0.7029	-0.8953	-0.1737
89633462	0.7901	-0.7852	-0.1524
89633463	0.7837	-0.6390	-0.0976
89633464	0.7259	-0.6036	-0.1409
89633465	0.5773	-0.5767	0.2586
89633466	0.5429	-0.8191	0.3267
89633467	0.3544	-0.8755	0.1261
89633468	0.2148	-0.8929	0.0675
89633469	0.1970	-0.7730	0.1722
89633470	0.2766	-0.7528	0.4959
89633471	0.4078	-0.9263	0.5037
89633472	0.3270	-0.9410	0.1952
89633473	0.2659	-0.7229	0.4353
89633474	0.1861	-1.0491	0.7019
89633475	0.1742	-0.8699	0.7175
89633476	0.2288	-0.9969	0.8317
89633477	0.1177	-0.8256	0.6484
89633478	0.0392	-0.8363	0.5912
89633479	-0.0283	-0.7979	0.4127
89633480	0.1374	-0.7754	0.2529
89633481	0.1973	-0.8744	0.1525
89633482	0.2653	-0.7627	0.1062
89633483	0.2283	-0.8735	0.2931
89633484	0.3269	-0.8769	0.1500
89633485	0.2915	-0.9638	0.4190
89633486	0.3061	-1.1238	0.1039
89633487	0.4374	-1.1329	0.5147
89633488	0.2410	-0.9519	0.5804
89633489	0.2387	-0.7927	-0.0043
89633490	0.2796	-1.0565	0.4476
89633491	0.0685	-0.9562	0.6363
89633492	0.0383	-0.9435	0.5248
89633493	0.0650	-0.8708	0.1723
89633494	0.1527	-0.9460	0.2588
89633495	0.1480	-0.7727	0.7002
89633496	0.1589	-1.0251	0.8933
89633497	0.0821	-0.8126	0.9625
89633498	-0.0188	-1.1435	0.9817
89633499	-0.0565	-0.9754	0.5387
89633500	0.0487	-1.0434	0.4253
89633501	-0.0155	-0.9125	0.4691
89633502	-0.1117	-1.0417	0.4640
89633503	-0.0679	-0.7951	0.5661
89633504	-0.0292	-1.1133	0.4168
89633505	0.0301	-1.0461	0.0523
89633506	0.1904	-1.2161	-0.0435
89633507	0.3923	-1.3242	0.2158
89633508	0.4312	-0.9753	-0.2789
89633509	0.5512	-0.7238	0.0389
89633510	0.4779	-0.8442	-0.2344
89633511	0.3422	-0.8448	0.0518
89633512	0.4747	-0.9296	-0.2685
89633513	0.3818	-0.8249	-0.4349
89633514	0.2258	-0.9089	-0.4238
89633515	0.2028	-0.7476	-0.1781
89633516	0.2183	-1.0375	-0.0135
89633517	0.3187	-0.9550	-0.0972
89633518	0.2785	-0.6842	0.1185
89633519	0.1491	-0.7566	0.1809
89633520	0.0560	-0.7106	0.2826
89633521	0.1753	-0.8183	0.0730
89633522	0.2824	-0.8514	-0.0031
89633523	0.2479	-0.8371	0.1343
89633524	0.1788	-0.7085	0.1054
89633525	0.1179	-0.7285	0.2585
89633526	-0.0297	-0.8151	0.4820
89633527	0.0827	-0.7920	0.6215
89633528	-0.0109	-0.6760	0.6134
89633529	-0.0575	-0.6196	0.5417
89633530	-0.0709	-0.8283	1.0102
89633531	-0.0167	-0.7218	0.7362
89633532	0.0082	-0.7907	0.9577
89633533	0.1178	-0.8725	0.8370
89633534	0.3010	-1.0096	0.9538
89633535	0.2350	-1.1443	0.7664
89633536	0.4151	-1.3131	0.9459
89633537	0.3489	-1.2605	0.8296
89633538	0.1298	-1.1831	0.7517
89633539	0.3151	-1.3563	0.5406
89633540	0.3016	-1.3838	0.3304
89633541	0.3632	-1.2184	0.1803
89633542	0.3966	-1.1821	0.1947
89633543	0.3181	-1.2855	-0.1087
89633544	0.3304	-1.2806	-0.4759
89633545	0.3317	-1.1753	-0.1625
89633546	0.3622	-1.2659	-0.2951
89633547	0.3584	-0.9349	-0.1189
89633548	0.4439	-0.8876	-0.0572
89633549	0.4273	-0.9618	-0.1138
89633550	0.5314	-0.8718	-0.3114
89633551	0.4415	-0.7758	0.0516
89633552	0.4595	-0.7710	0.4031
89633553	0.5929	-0.8712	0.4956
89633554	0.6459	-1.0271	0.5336
89633555	0.7295	-1.0449	0.2655
89633556	0.5556	-0.8266	0.5905
89633557	0.5210	-0.7923	0.1849
89633558	0.4427	-0.8656	0.0811
89633559	0.5070	-0.6244	-0.2580
89633560	0.4414	-0.7393	-0.0751
89633561	0.5037	-0.7345	-0.0597
89633562	0.3469	-0.5790	0.1044
89633563	0.2421	-0.4296	0.4559
89633564	0.3318	-0.7227	0.3466
89633565	0.3082	-0.8696	0.5222
89633566	0.3463	-0.7343	0.5639
89633567	0.2973	-0.8299	0.2538
89633568	0.3184	-0.7253	0.3383
89633569	0.3429	-0.5472	0.1521
89633570	0.4235	-0.9039	0.2359
89633571	0.2530	-0.5899	0.3479
89633572	0.3994	-0.5848	0.2166
89633573	0.2350	-0.2619	0.1918
89633574	0.2477	-0.1299	0.1556
89633575	0.3174	-0.4500	0.1034
89633576	0.3510	-0.7414	0.3883
89633577	0.3104	-0.6784	0.3191
89633578	0.2885	-0.8813	-0.0068
89633579	0.3459	-0.7676	0.1990
89633580	0.2251	-1.1327	-0.0351
89633581	0.3213	-1.4153	0.2395
89633582	0.2064	-1.4116	0.3360
89633583	0.2670	-1.6486	0.1326
89633584	0.3125	-1.6019	0.0017
89633585	0.1717	-1.4549	-0.0417
89633586	0.1000	-1.6613	0.1165
89633587	-0.0820	-1.3771	0.2240
89633588	0.0546	-1.3626	0.2698
89633589	0.0541	-1.0988	-0.1126
89633590	0.1995	-0.9133	0.0619
89633591	0.2996	-0.9040	0.0827
89633592	0.3139	-1.1445	-0.1166
89633593	0.3719	-1.0541	-0.0913
89633594	0.4722	-1.0477	0.1339
89633595	0.3888	-0.9365	0.3705
89633596	0.3550	-1.2470	0.3200
89633597	0.3616	-1.2459	0.3533
89633598	0.3868	-1.2347	0.1946
89633599	0.3301	-0.8556	0.1033
89633600	0.3858	-0.9276	-0.0407
89633601	0.3372	-0.7848	-0.1344
89633602	0.3402	-0.7434	-0.1129
89633603	0.4174	-0.7701	-0.2785
89633604	0.3779	-0.7712	-0.5255
89633605	0.3156	-1.1069	-0.4598
89633606	0.1434	-1.5188	-0.1677
89633607	0.2989	-1.4013	-0.1830
89633608	0.2104	-1.2528	0.3445
89633609	0.3648	-1.0554	0.4280
89633610	0.3497	-1.0505	0.0883
89633611	0.4069	-0.9232	0.0398
89633612	0.4696	-0.9289	0.0063
89633613	0.4021	-0.9780	-0.0930
89633614	0.3010	-0.9882	-0.2467
89633615	0.3962	-1.1246	0.0822
89633616	0.3493	-1.2175	-0.3812
89633617	0.3292	-1.4857	-0.2883
89633618	0.3443	-1.4937	-0.0956
89633619	0.2862	-1.3598	0.0445
89633620	0.2901	-1.4711	0.0919
89633621	0.5555	-1.5163	-0.2204
89633622	0.4788	-1.3490	-0.2938
89633623	0.4289	-1.2499	-0.2102
89633624	0.3447	-1.2134	-0.0072
89633625	0.4177	-1.1637	-0.3062
89633626	0.4067	-1.2736	-0.2099
89633627	0.4813	-1.2588	-0.1640
89633628	0.3854	-1.1104	0.0291
89633629	0.2778	-1.4265	-0.3130
89633630	0.2293	-1.3589	-0.1995
89633631	0.4124	-1.4152	-0.1144
89633632	0.4811	-1.4312	-0.6286
89633633	0.4313	-1.4151	-0.9384
89633634	0.4747	-0.9017	-0.9960
89633635	0.4813	-0.8729	-0.8212
89633636	0.4118	-1.1591	-0.4648
89633637	0.3736	-1.2816	-0.7420
89633638	0.1800	-1.0695	-0.5678
89633639	0.2990	-1.2372	-0.5449
89633640	0.5505	-1.0115	-0.5152
89633641	0.5052	-1.1244	-0.4582
89633642	0.4926	-1.3768	-0.4558
89633643	0.4653	-1.4636	-0.3729
89633644	0.3101	-1.7024	-0.0196
89633645	0.1766	-1.5641	-0.2413
89633646	0.4620	-1.3353	-0.2798
89633647	0.4402	-1.1354	-0.4384
89633648	0.5282	-1.1145	-0.3183
89633649	0.5282	-0.8859	-0.7083
89633650	0.7487	-0.9550	-0.5928
89633651	0.7592	-0.7837	-0.5645
89633652	0.5501	-0.7309	-0.8861
89633653	0.5651	-0.8619	-0.5687
89633654	0.3795	-1.0474	-0.4369
89633655	0.3100	-0.7114	-0.7209
89633656	0.5048	-0.8389	-0.8925
89633657	0.6064	-0.9036	-0.8129
89633658	0.6109	-0.7494	-1.0384
89633659	0.6682	-0.6102	-0.8393
89633660	0.6062	-0.6760	-0.8862
89633661	0.4118	-0.9626	-0.9617
89633662	0.3001	-1.1135	-0.7750
89633663	-0.0180	-1.1722	-0.5742
89633664	-0.0812	-0.8993	-0.3869
89633665	-0.0827	-0.9853	-0.5355
89633666	-0.2220	-1.2218	-0.3211
89633667	-0.3970	-1.2435	-0.0176
89633668	-0.2997	-1.3132	-0.1074
89633669	-0.1182	-1.3331	-0.1560
89633670	-0.0128	-1.2244	0.0543
89633671	0.2340	-1.3999	0.1415
89633672	0.5902	-1.2701	-0.3800
89633673	0.5118	-1.2297	-0.1832
89633674	0.5064	-1.2525	0.7476
89633675	0.3779	-1.2551	0.9593
89633676	0.3359	-1.4181	0.7340
89633677	0.3650	-1.2346	0.6637
89633678	0.3280	-1.0804	0.2474
89633679	0.4694	-0.8160	0.2798
89633680	0.5242	-0.9532	0.2962
89633681	0.5132	-0.9237	0.3976
89633682	0.3367	-1.0146	0.6948
89633683	0.2945	-0.7894	0.8813
89633684	0.4100	-0.9877	1.0891
89633685	0.5737	-0.9891	0.6079
89633686	0.5431	-0.8472	0.6392
89633687	0.6147	-0.8632	0.7871
89633688	0.4563	-1.1530	0.5516
89633689	0.3708	-1.1096	0.5496
89633690	0.4231	-1.1519	0.2432
89633691	0.2048	-1.2672	0.7513
89633692	0.1422	-1.1725	0.8278
89633693	0.1610	-1.1582	0.6896
89633694	0.1983	-1.1782	0.6897
89633695	0.1419	-0.9467	0.5476
89633696	0.1364	-1.0973	0.2779
89633697	0.2365	-1.0648	0.5175
89633698	0.2609	-1.0013	0.1866
89633699	0.4575	-0.6090	-0.2266
89633700	0.3775	-0.6764	-0.1005
89633701	0.5901	-1.0545	-0.0437
89633702	0.7213	-0.7232	-0.3196
89633703	0.7901	-0.5667	-0.1141
89633704	0.8211	-0.5262	-0.0504
89633705	0.8275	-0.5025	-0.1230
89633706	0.7541	-0.4855	0.0457
89633707	0.7702	-0.3232	0.2915
89633708	0.6878	-0.4893	0.1257
89633709	0.5746	-0.3291	-0.5005
89633710	0.6482	-0.1852	-0.4547
89633711	0.6560	-0.3031	-0.3156
89633712	0.5103	-0.3571	-0.3488
89633713	0.3272	-0.5392	0.5261
89633714	0.4619	-0.4287	0.7054
89633715	0.4274	-0.6778	0.3791
89633716	0.7057	-0.7140	0.1108
89633717	0.7982	-0.8226	-0.3551
89633718	0.7835	-0.8648	-0.3536
89633719	0.6550	-0.6106	-0.0815
89633720	0.7482	-0.5745	-0.1760
89633721	0.8015	-0.6368	-0.0040
89633722	0.7639	-0.9730	0.0183
89633723	0.9789	-1.0284	-0.3087
89633724	0.9362	-0.8103	-0.1662
89633725	1.0452	-0.7158	-0.0327
89633726	1.0022	-0.7506	-0.1220
89633727	0.8221	-0.5472	0.1505
89633728	0.8802	-0.4853	0.1600
89633729	1.0295	-0.2809	0.0906
89633730	1.1886	-0.1321	0.0761
89633731	1.0616	-0.2058	-0.0228
89633732	0.9876	-0.0390	0.3735
89633733	0.9586	-0.2299	0.2909
89633734	0.8947	-0.4342	0.4636
89633735	1.0476	-0.7557	0.4703
89633736	0.9471	-0.9037	0.9442
89633737	0.8501	-0.9241	0.9528
89633738	0.7863	-0.8760	0.5779
89633739	0.7969	-1.0734	0.5428
89633740	0.7769	-1.0116	0.4677
89633741	0.8074	-1.0712	0.2175
89633742	0.7963	-0.8793	0.1660
89633743	0.7738	-0.8835	0.4698
89633744	0.7107	-0.9365	0.5534
89633745	0.6869	-0.9602	0.5536
89633746	0.5884	-1.0888	0.9577
89633747	0.6600	-1.2633	0.9519
89633748	0.4061	-0.9945	1.5032
89633749	0.3639	-0.9997	1.5027
89633750	0.3814	-0.8428	1.3534
89633751	0.5475	-0.7314	1.4223
89633752	0.5839	-0.6645	1.6124
89633753	0.5433	-0.4756	1.0153
89633754	0.6594	-0.3841	0.6459
89633755	0.4644	-0.5763	0.8003
89633756	0.4488	-0.7269	0.8159
89633757	0.4500	-0.7333	1.0163
89633758	0.5526	-0.9664	0.9909
89633759	0.4885	-1.1248	0.5119
89633760	0.5138	-1.0057	0.7152
89633761	0.4465	-1.0331	0.3616
89633762	0.6004	-0.9924	0.1177
89633763	0.4791	-1.1766	0.3196
89633764	0.4541	-1.0420	0.1036
89633765	0.5130	-1.2218	-0.1957
89633766	0.6153	-0.9690	-0.5597
89633767	0.5396	-1.2557	-0.8752
89633768	0.5009	-1.1164	-0.7914
89633769	0.5629	-1.0119	-0.9167
89633770	0.4492	-1.0440	-0.8292
89633771	0.3417	-0.9375	-0.9574
89633772	0.2627	-1.1790	-0.8732
89633773	0.1778	-1.1812	-0.8903
89633774	0.3921	-1.1339	-0.8665
89633775	0.4561	-1.1049	-0.6178
89633776	0.5046	-0.8593	-0.3140
89633777	0.4389	-1.1505	-0.5704
89633778	0.4881	-0.9825	-0.3684
89633779	0.3885	-1.0514	-0.3382
89633780	0.4989	-0.8883	-0.3510
89633781	0.5938	-1.1841	-0.4969
89633782	0.4379	-1.5251	-0.1517
89633783	0.3350	-1.5136	0.1376
89633784	0.3421	-1.4233	0.5878
89633785	0.3372	-1.3947	0.5816
89633786	0.4325	-1.5300	0.5259
89633787	0.5828	-1.2774	0.5723
89633788	0.3578	-1.1666	0.7141
89633789	0.2357	-1.0112	0.4025
89633790	0.3485	-1.3020	-0.0024
89633791	0.4570	-0.8393	-0.1323
89633792	0.3760	-0.6356	-0.0910
89633793	0.6857	-0.5596	-0.2636
89633794	0.6630	-0.8302	-0.2895
89633795	0.5425	-0.9097	-0.0407
89633796	0.5795	-0.9267	-0.2212
89633797	0.6534	-0.7372	0.0184
89633798	0.5661	-0.9241	0.5065
89633799	0.3915	-0.8669	1.1761
89633800	0.2175	-0.9640	1.5591
89633801	0.2350	-0.8421	1.3791
89633802	0.2010	-0.8236	1.2865
89633803	0.3491	-0.7327	1.3661
89633804	0.2238	-0.7659	1.4703
89633805	0.4388	-0.4538	1.1230
89633806	0.4074	-0.4713	1.4095
89633807	0.5222	-0.7147	1.0641
89633808	0.4090	-0.5443	0.9448
89633809	0.2685	-0.4536	0.9031
89633810	0.4299	-0.5597	0.8218
89633811	0.4633	-0.5129	0.5121
89633812	0.3409	-1.0488	0.2848
89633813	0.3518	-1.0560	0.4645
89633814	0.3230	-1.0144	0.9472
89633815	0.2644	-0.9101	0.6000
89633816	0.3821	-0.8435	0.4785
89633817	0.4904	-0.5644	0.3571
89633818	0.4009	-0.4515	0.4298
89633819	0.2416	-0.4374	0.0809
89633820	0.3609	-0.2277	0.1127
89633821	0.3987	-0.4638	0.1188
89633822	0.1278	-0.6372	0.5012
89633823	0.3107	-0.6837	0.1618
89633824	0.4859	-0.6381	-0.4134
89633825	0.2046	-0.7981	-0.2974
89633826	0.3687	-1.0826	-0.4249
89633827	0.2323	-1.2892	-0.4086
89633828	0.3730	-1.3585	-0.3732
89633829	0.1497	-1.3822	0.0515
89633830	-0.0843	-1.3222	0.6468
89633831	-0.0430	-1.0211	0.0755
89633832	-0.0519	-1.0233	0.2636
89633833	0.1072	-1.2689	0.3759
89633834	0.1674	-0.7836	-0.0025
89633835	0.0194	-0.8805	-0.0130
89633836	0.0209	-0.8236	0.2173
89633837	-0.0886	-1.2279	0.5303
89633838	0.1143	-1.0725	0.0223
89633839	0.0769	-1.1046	0.2259
89633840	0.0095	-1.1341	0.1565
89633841	-0.0206	-1.2980	-0.0715
89633842	-0.2579	-1.4214	0.5032
89633843	-0.1672	-1.4562	0.3867
89633844	-0.0565	-1.3398	0.2755
89633845	0.0806	-0.9686	0.2893
89633846	0.0513	-1.0867	0.4904
89633847	0.1925	-1.0209	0.3067
89633848	0.3382	-1.1935	-0.0453
89633849	0.2888	-0.9764	0.0993
89633850	0.1120	-1.1378	-0.2611
89633851	0.1564	-0.9700	-0.3473
89633852	0.0630	-0.8948	-0.2565
89633853	-0.0271	-0.6905	-0.2266
89633854	-0.0226	-0.8892	0.0794
89633855	0.0708	-0.8545	0.1623
89633856	0.1550	-0.8225	0.3305
89633857	0.0964	-1.0158	0.4052
89633858	0.0636	-1.2459	0.8454
89633859	-0.0545	-1.2678	1.2837
89633860	0.0965	-1.3330	1.3006
89633861	0.1116	-1.4403	0.8037
89633862	0.1543	-1.7311	1.2711
89633863	0.2168	-1.7975	0.5865
89633864	0.2961	-1.7697	0.3234
89633865	0.2930	-1.5671	0.4500
89633866	0.3037	-1.4617	0.2579
89633867	-0.0317	-1.8062	0.7593
89633868	0.4226	-1.4573	0.2678
89633869	0.2493	-1.5549	0.0290
89633870	0.3700	-1.2986	0.0118
89633871	0.3306	-1.6831	0.4905
89633872	0.2876	-1.8525	0.5259
89633873	0.0748	-1.8415	0.6611
89633874	0.0951	-1.6431	0.7961
89633875	-0.0115	-1.6299	0.3793
89633876	0.1625	-1.2097	-0.1421
89633877	0.1510	-1.0439	-0.5197
89633878	0.1808	-1.5293	-0.2247
89633879	0.0585	-1.3945	0.0187
89633880	0.3176	-1.0800	-0.2068
89633881	0.3800	-1.5131	-0.9054
89633882	0.4909	-1.1840	-1.5572
89633883	0.3790	-1.2140	-1.4482
89633884	0.5159	-1.0001	-1.6436
89633885	0.2273	-0.7574	-1.2702
89633886	0.3406	-0.8682	-1.4132
89633887	0.2181	-1.0008	-1.2375
89633888	0.1138	-1.1561	-0.9614
89633889	0.0619	-1.0273	-0.9653
89633890	0.1491	-0.8055	-0.5313
89633891	0.1369	-0.8434	-0.2701
89633892	-0.1550	-1.1539	0.0816
89633893	-0.3033	-1.4361	0.1478
89633894	-0.0091	-1.7618	-0.0651
89633895	0.0827	-1.7726	-0.0340
89633896	0.3955	-1.5106	-0.7865
89633897	0.2245	-1.1198	-0.8935
89633898	0.3425	-1.0286	-0.8489
89633899	0.5040	-1.2612	-1.1143
89633900	0.5887	-1.1490	-1.1328
89633901	0.5183	-0.7806	-1.3222
89633902	0.5157	-0.5638	-1.1716
89633903	0.4463	-0.6712	-1.2569
89633904	0.5115	-0.6164	-1.2712
89633905	0.4618	-0.6097	-1.2032
89633906	0.3975	-0.5993	-0.9519
89633907	0.2777	-0.6548	-0.6271
89633908	0.5487	-0.4662	-1.1448
89633909	0.6226	-0.5509	-1.2012
89633910	0.7542	-0.7153	-1.5304
89633911	0.5307	-0.8713	-0.9981
89633912	0.4296	-0.8010	-1.6874
89633913	0.2282	-0.6893	-1.1866
89633914	0.0184	-0.8511	-0.9783
89633915	0.1029	-0.9345	-0.4915
89633916	-0.0083	-0.7618	-0.7271
89633917	0.2401	-1.0076	-0.7296
89633918	0.1661	-0.9198	-0.6117
89633919	0.1805	-1.1191	-0.4033
89633920	0.1750	-0.9107	0.0133
89633921	0.2358	-0.7948	0.0099
89633922	0.0810	-1.0247	0.0746
89633923	0.2106	-1.2445	0.1568
89633924	0.2303	-1.1286	0.0215
89633925	0.4069	-0.9657	0.0330
89633926	0.3592	-0.7126	0.2645
89633927	0.3757	-0.4091	-0.0566
89633928	0.1642	-0.7003	0.2181
89633929	0.4826	-0.8761	-0.0594
89633930	0.4241	-0.9764	0.3425
89633931	0.4535	-0.8851	0.3075
89633932	0.3651	-0.6815	0.1013
89633933	0.3109	-1.0467	0.2251
89633934	0.2906	-0.9789	0.3545
89633935	0.1237	-0.9500	0.6621
89633936	-0.0660	-0.9628	0.2180
89633937	-0.1054	-1.2130	0.6774
89633938	0.0690	-1.1759	0.0457
89633939	0.0806	-1.2026	0.2671
89633940	0.3887	-0.9853	-0.0615
89633941	0.2088	-0.8762	-0.0864
89633942	0.1310	-1.2550	-0.0241
89633943	0.2047	-1.1463	0.2081
89633944	0.1732	-1.1596	0.5645
89633945	0.1037	-1.1722	0.3793
89633946	0.3421	-0.9416	0.0505
89633947	0.4349	-0.9553	0.1117
89633948	0.3540	-0.9706	0.2380
89633949	0.4263	-1.2957	-0.1745
89633950	0.5985	-1.2370	-0.4639
89633951	0.6486	-1.0082	-0.9196
89633952	0.5854	-0.9052	-1.2728
89633953	0.6228	-0.8112	-1.5587
89633954	0.8734	-0.5371	-1.8499
89633955	0.8479	-0.3128	-2.0860
89633956	0.9593	-0.4534	-2.0798
89633957	0.8794	-0.7535	-1.8259
89633958	0.6777	-0.9329	-1.4838
89633959	0.7001	-1.2210	-1.6323
89633960	0.7232	-1.3007	-1.0562
89633961	0.8132	-1.3834	-1.1883
89633962	0.7384	-1.2949	-1.3973
89633963	0.6297	-1.3008	-1.0679
89633964	0.6816	-1.1503	-1.4166
89633965	0.5421	-1.1631	-0.9776
89633966	0.5289	-1.1395	-1.1983
89633967	0.4814	-1.0614	-1.0798
89633968	0.3768	-1.1992	-0.8071
89633969	0.4036	-0.8750	-1.0237
89633970	0.2726	-0.8585	-1.7085
89633971	0.3199	-1.0568	-1.3418
89633972	0.3091	-1.3208	-1.1037
89633973	0.3502	-1.2924	-1.0978
89633974	0.1319	-1.3503	-0.9963
89633975	0.4212	-1.3161	-0.9483
89633976	0.4962	-1.0686	-0.8786
89633977	0.5476	-1.1002	-1.4449
89633978	0.5551	-0.7399	-1.1889
89633979	0.6078	-0.7418	-1.3157
89633980	0.7876	-0.6936	-1.6896
89633981	0.6510	-0.5707	-1.5468
89633982	0.7022	-0.3325	-1.4623
89633983	0.7685	-0.1989	-2.0198
89633984	0.8259	-0.2280	-1.8441
89633985	0.6017	-0.4677	-1.4670
89633986	0.4939	-0.4060	-1.6756
89633987	0.7301	-0.3233	-1.7498
89633988	0.6990	-0.3297	-1.7360
89633989	0.5693	-0.4650	-1.8360
89633990	0.6568	-0.5499	-1.5611
89633991	0.7512	-0.5164	-1.5032
89633992	0.4356	-0.4778	-1.6208
89633993	0.5320	-0.8888	-1.9178
89633994	0.5314	-0.8307	-2.1684
89633995	0.3892	-0.9008	-1.5678
89633996	0.4352	-1.3436	-1.6176
89633997	0.4163	-1.3619	-1.4902
89633998	0.3281	-1.3596	-1.3945
89633999	0.5655	-1.5305	-1.7322
89634000	0.7642	-1.5039	-1.7082
89634001	0.5588	-1.2992	-1.5827
89634002	0.5142	-1.3590	-1.5061
89634003	0.5589	-1.3815	-1.2030
89634004	0.6461	-1.2863	-1.3373
89634005	0.7371	-1.0701	-1.3005
89634006	0.9751	-0.9197	-1.6764
89634007	0.7722	-0.8519	-0.8125
89634008	0.8390	-1.2603	-0.9845
89634009	0.9890	-1.1896	-1.1702
89634010	0.8768	-1.4576	-1.0499
89634011	0.9298	-1.3145	-0.7934
89634012	0.8390	-1.4657	-0.8692
89634013	0.9982	-1.1757	-0.8668
89634014	1.1492	-1.0151	-0.6016
89634015	1.4138	-0.6940	-0.7185
89634016	1.4305	-0.4747	-0.5261
89634017	1.7790	0.1037	-1.1828
89634018	1.7502	0.5067	-0.9695
89634019	1.9157	0.6883	-1.2199
89634020	1.9549	0.8722	-0.9843
89634021	2.0634	1.1858	-1.1434
89634022	2.4658	0.9169	-1.1452
89634023	2.4568	0.7992	-0.9187
89634024	2.6567	0.3732	-0.9717
89634025	2.7814	0.3874	-0.7876
89634026	2.7793	0.2377	-0.0927
89634027	2.9792	0.2101	-0.1631
89634028	3.1915	0.7233	-0.5787
89634029	3.1566	0.7087	-0.7347
89634030	2.9707	0.9306	-0.5411
89634031	3.1843	1.2618	-0.9836
89634032	2.9928	1.4307	-0.8367
89634033	3.2581	1.5227	-0.7296
89634034	3.1907	1.4255	-0.7200
89634035	3.0300	1.1960	-0.7255
89634036	2.8611	0.8067	-0.2060
89634037	2.6666	0.3569	-0.5265
89634038	2.3346	0.1104	0.3123
89634039	1.9657	-0.4047	0.4871
89634040	1.5426	-0.8600	1.0738
89634041	1.1681	-1.4456	0.9014
89634042	0.8643	-1.5815	0.5742
89634043	0.3307	-1.9497	1.0542
89634044	0.0653	-2.2134	0.6437
89634045	-0.3919	-2.3723	0.4748
89634046	-0.8196	-2.6442	1.1338
89634047	-0.7406	-2.6198	0.6917
89634048	-1.1819	-2.9584	0.5241
89634049	-1.7148	-3.1593	0.3920
89634050	-2.0164	-3.2095	0.6036
89634051	-2.0452	-3.2577	0.7763
89634052	-2.3837	-3.2485	1.0905
89634053	-2.4011	-3.3638	0.7689
89634054	-2.6397	-3.1451	1.2430
89634055	-2.5741	-3.0662	0.9291
89634056	-2.7677	-3.0005	1.2727
89634057	-2.6542	-2.8546	1.1252
89634058	-2.6866	-2.5618	1.5234
89634059	-2.6590	-2.4488	1.7057
89634060	-2.3009	-2.3817	1.6015
89634061	-2.1653	-1.5736	1.2722
89634062	-1.7636	-1.4453	1.5323
89634063	-1.3483	-1.0018	1.6329
89634064	-0.8915	-0.2357	0.9067
89634065	-0.6126	-0.1098	1.1937
89634066	-0.1941	0.4062	0.9217
89634067	0.3262	0.7785	0.0895
89634068	1.0359	1.1289	-0.0375
89634069	1.3606	1.6910	-0.2649
89634070	1.6824	1.7775	-0.1295
89634071	1.8916	1.8905	-0.2459
89634072	1.9308	2.2204	-0.5626
89634073	2.2615	2.1717	-0.6239
89634074	2.1868	2.0994	-0.8102
89634075	1.8248	1.6604	-1.0636
89634076	1.5474	1.1528	-1.0817
89634077	1.1387	0.5175	-1.5381
89634078	0.5115	-0.3815	-1.2034
89634079	0.0424	-0.9063	-1.8318
89634080	-0.4348	-1.7803	-2.0573
89634081	-1.2731	-2.5889	-2.0326
89634082	-1.7960	-3.0232	-2.4864
89634083	-2.3398	-3.5620	-2.4905
89634084	-2.6409	-4.0322	-2.6497
89634085	-3.1800	-4.3489	-1.9525
89634086	-3.2655	-4.2776	-2.0963
89634087	-3.2033	-4.4046	-2.0787
89634088	-3.1711	-4.5073	-1.7909
89634089	-2.4667	-4.1282	-2.1142
89634090	-1.8208	-3.9710	-2.2627
89634091	-0.8121	-3.2060	-2.3152
89634092	0.2807	-2.4664	-2.3815
89634093	1.4833	-1.5399	-2.5917
89634094	2.3956	-0.8094	-2.3979
89634095	3.4465	0.0634	-2.3710
89634096	4.3872	0.7419	-2.2323
89634097	5.1043	1.5210	-2.1485
89634098	5.4344	2.1118	-1.9196
89634099	5.6579	2.4301	-1.3029
89634100	5.4092	2.3726	-1.3822
89634101	4.7776	2.1270	-1.4678
89634102	3.5419	1.5508	-1.2223
89634103	2.4650	0.2607	-0.9757
89634104	1.0258	-0.3275	-1.1662
89634105	-0.4643	-1.6643	-0.9826
89634106	-1.6624	-2.5337	-1.7164
89634107	-3.1996	-3.6164	-1.7288
89634108	-3.9321	-4.4835	-1.4148
89634109	-4.4754	-4.9916	-1.8475
89634110	-4.4850	-4.8819	-1.2272
89634111	-4.0882	-4.7357	-0.8539
89634112	-3.3576	-4.1456	-0.4353
89634113	-2.1337	-3.3675	-0.2817
89634114	-0.6978	-2.4132	-0.2053
89634115	0.6831	-1.0924	0.1805
89634116	2.0155	0.1697	0.1502
89634117	3.0842	0.9079	0.7302
89634118	4.1643	1.7825	0.2096
89634119	4.4475	2.4298	-0.0383
89634120	4.3100	2.4273	0.0608
89634121	3.6786	2.1683	-0.4721
89634122	2.6322	1.7322	-0.3908
89634123	1.5349	0.3785	-1.2919
89634124	0.3875	-0.5484	-1.8338
89634125	-0.6074	-1.6886	-2.8302
89634126	-1.6286	-2.5039	-3.2500
89634127	-2.3635	-3.5274	-2.8961
89634128	-2.5251	-4.1108	-2.7467
89634129	-1.7695	-4.5185	-2.5057
89634130	-1.0351	-4.4793	-1.8139
89634131	0.0555	-3.8496	-1.1121
89634132	0.9766	-2.9334	-0.9943
89634133	1.2195	-2.5165	0.0056
89634134	1.1937	-1.8139	-0.0151
89634135	0.7408	-1.3261	0.3600
89634136	0.3443	-0.4763	0.2833
89634137	0.0817	0.0671	0.2073
89634138	-0.0231	0.6407	0.0452
89634139	0.3878	1.4232	-0.2796
89634140	0.4054	1.9614	-0.4726
89634141	0.9105	2.4830	-1.9223
89634142	0.9372	2.4069	-1.8242
89634143	0.9398	1.9414	-2.8135
89634144	0.6591	1.0420	-2.8697
89634145	0.3023	0.0870	-3.5174
89634146	-0.0070	-1.3723	-3.7686
89634147	-0.1888	-2.7427	-3.3808
89634148	-0.1824	-3.7107	-3.0678
89634149	-0.1336	-4.2080	-2.3099
89634150	-0.2389	-4.1312	-1.7988
89634151	-0.2684	-3.7244	-1.1388
89634152	0.2363	-3.3558	0.0513
89634153	0.4094	-2.7079	1.1484
89634154	0.5033	-2.0046	2.1199
89634155	0.4292	-1.5336	2.7774
89634156	0.4582	-0.9555	2.5745
89634157	0.1944	-0.2223	2.5827
89634158	-0.0050	0.0317	1.5567
89634159	-0.2785	0.7683	0.9215
89634160	-0.1098	0.8743	-0.1821
89634161	-0.1099	0.8881	-1.1455
89634162	-0.0822	0.5289	-2.3680
89634163	-0.0066	0.3234	-3.2571
89634164	0.4863	-0.1173	-3.7409
89634165	0.6581	-0.8694	-3.7929
89634166	0.7275	-1.7161	-3.4487
89634167	0.3811	-2.2574	-3.0413
89634168	0.3538	-2.6445	-2.6847
89634169	0.1038	-2.9276	-1.9781
89634170	0.0158	-3.0094	-1.1566
89634171	-0.2865	-2.8143	-0.5491
89634172	-0.3718	-3.0216	0.1979
89634173	-0.4860	-2.6788	0.3003
89634174	-0.2825	-2.3452	0.3307
89634175	-0.1321	-1.6158	0.1376
89634176	-0.2356	-1.0718	0.1911
89634177	0.2018	-0.1582	-0.6018
89634178	0.5126	0.2512	-1.0369
89634179	0.8441	0.6056	-1.2128
89634180	1.0218	0.7067	-1.8989
89634181	0.5529	0.5172	-2.1097
89634182	0.3281	-0.0829	-2.5410
89634183	0.0894	-0.6794	-3.1264
89634184	-0.0528	-0.9867	-3.0668
89634185	-0.0442	-1.0903	-3.4885
89634186	-0.1578	-1.6850	-2.4940
89634187	0.2379	-2.1260	-2.5155
89634188	0.2895	-2.4056	-1.8796
89634189	0.4427	-2.4995	-1.1954
89634190	0.7949	-2.2370	-0.9102
89634191	0.8996	-1.3131	-1.1867
89634192	0.8876	-0.7979	-1.3264
89634193	1.1065	-0.4010	-1.1360
89634194	0.8856	0.1863	-0.9596
89634195	0.6423	0.3634	-0.8520
89634196	0.5362	0.6049	-1.1795
89634197	0.1216	-0.0304	-1.1059
89634198	0.1858	-0.6878	-1.5799
89634199	-0.2421	-1.0855	-1.9633
89634200	-0.3912	-1.8714	-2.2893
89634201	-0.5584	-1.8000	-2.2441
89634202	-0.5216	-2.1619	-1.5060
89634203	-0.4515	-2.5020	-1.0453
89634204	-0.1318	-2.3562	-0.8585
89634205	0.1017	-2.3900	-0.2684
89634206	0.1521	-1.9771	-0.2989
89634207	0.0658	-1.0824	-0.4295
89634208	0.0268	-0.3377	-0.4355
89634209	0.2686	0.2105	-0.6243
89634210	0.0615	0.0509	-0.8023
89634211	-0.1629	-0.2377	-1.1154
89634212	-0.3262	-0.3048	-1.6608
89634213	-0.3589	-0.5644	-1.6821
89634214	-0.3015	-0.8567	-2.0411
89634215	-0.2249	-1.6366	-1.8732
89634216	0.1819	-1.7906	-1.9580
89634217	0.3831	-1.5283	-2.0491
89634218	0.5891	-1.4781	-1.4231
89634219	0.7776	-1.3890	-1.4926
89634220	0.7984	-0.9376	-1.2848
89634221	0.7469	-0.5568	-0.6736
89634222	0.4822	-0.2882	-0.7732
89634223	-0.0345	-0.4305	0.1793
89634224	-0.1260	-0.0806	-0.1043
89634225	-0.3986	-0.3746	-0.5258
89634226	-0.5664	-0.2475	-1.0183
89634227	-0.6307	-0.3408	-1.9428
89634228	-0.6486	-0.9939	-1.8713
89634229	-0.5920	-1.4016	-2.1850
89634230	-0.1224	-2.0230	-2.3106
89634231	0.2220	-1.9713	-2.1633
89634232	0.6721	-2.2352	-1.6580
89634233	0.7533	-2.3050	-0.9120
89634234	0.6736	-1.8852	-0.4304
89634235	0.8400	-0.9993	-0.7280
89634236	0.7002	-0.2437	-0.5239
89634237	0.2316	0.0512	-0.1775
89634238	-0.1840	0.6685	-0.5230
89634239	-0.4034	1.0861	-0.7856
89634240	-0.4284	0.9612	-1.6985
89634241	-0.7788	0.6136	-1.9390
89634242	-0.5135	0.1203	-2.7020
89634243	-0.2390	-0.1209	-2.8895
89634244	0.0623	-0.7829	-3.0992
89634245	0.4407	-1.2231	-2.9519
89634246	0.6341	-1.7090	-2.3086
89634247	1.1147	-1.7727	-2.1304
89634248	0.9768	-2.2622	-0.9561
89634249	0.7945	-1.8434	-0.4911
89634250	0.3855	-1.3212	0.2509
89634251	0.1919	-1.1786	-0.0379
89634252	-0.2045	-1.1206	0.1082
89634253	-0.4324	-0.8195	-0.3506
89634254	-0.5934	-1.1086	-0.3934
89634255	-0.5010	-1.1996	-0.6812
89634256	-0.3579	-1.5105	-0.5373
89634257	-0.0332	-1.5119	-0.8321
89634258	0.2854	-2.1093	-0.7502
89634259	0.5404	-1.9962	-0.7583
89634260	0.6349	-1.7474	-0.7241
89634261	0.6211	-1.5096	-0.5920
89634262	0.9722	-1.1105	-1.0859
89634263	0.9414	-0.4390	-1.2554
89634264	0.6772	-0.2183	-1.3140
89634265	0.4544	0.0093	-1.8258
89634266	0.1598	-0.0281	-1.7587
89634267	-0.1046	-0.0754	-1.7180
89634268	-0.0695	-0.4749	-2.2928
89634269	0.0957	-0.6266	-2.8671
89634270	0.0144	-0.4804	-2.8473
89634271	0.0508	-0.7119	-2.9422
89634272	0.3515	-0.7356	-2.7633
89634273	0.6104	-0.5428	-2.6950
89634274	0.6756	-0.1387	-2.6248
89634275	0.4812	-0.1803	-2.4069
89634276	0.3124	-0.5909	-2.3822
89634277	0.1478	-0.5315	-2.0508
89634278	0.1718	-0.5344	-2.1414
89634279	0.2265	-0.7308	-1.5179
89634280	0.1518	-0.5846	-1.9591
89634281	0.1831	-0.4633	-1.9485
89634282	0.4350	-0.2876	-1.8650
89634283	0.4484	-0.3949	-1.7947
89634284	0.4561	-0.6843	-1.4849
89634285	0.4968	-0.7138	-1.7010
89634286	0.4602	-0.6994	-1.7538
89634287	0.3675	-1.1959	-0.8899
89634288	0.1878	-1.0550	-0.9104
89634289	0.2686	-0.9384	-0.9310
89634290	0.1216	-0.9220	-1.1431
89634291	-0.1967	-0.7962	-0.9648
89634292	-0.1347	-1.2875	-0.6303
89634293	-0.2044	-1.1733	-0.8621
89634294	0.0487	-1.2429	-1.0621
89634295	0.4179	-1.0252	-1.0243
89634296	0.5981	-1.1992	-1.1713
89634297	0.6824	-1.1613	-1.0943
89634298	0.4809	-1.4412	-1.1532
89634299	0.3447	-1.4837	-0.9222
89634300	0.4548	-1.3750	-1.0253
89634301	0.3970	-1.2382	-0.8993
89634302	0.2583	-0.8056	-1.3332
89634303	0.5203	-0.1517	-1.6757
89634304	0.2819	-0.2025	-1.6935
89634305	0.2961	0.1782	-1.4674
89634306	0.2792	0.5642	-1.8550
89634307	0.5318	0.8110	-2.4560
89634308	0.5033	0.7329	-2.2393
89634309	0.3458	0.4251	-1.9981
89634310	0.3398	-0.0202	-1.7088
89634311	0.3882	-0.3293	-1.7057
89634312	0.2224	-0.3424	-1.9763
89634313	0.2111	-0.6744	-1.3476
89634314	0.0791	-0.8268	-1.2225
89634315	0.1303	-0.7711	-1.3380
89634316	-0.0446	-0.8711	-0.7743
89634317	0.0916	-0.9203	-1.1451
89634318	0.0513	-0.9186	-0.9253
89634319	0.1756	-0.7241	-1.2885
89634320	0.5188	-0.5580	-1.3764
89634321	0.4392	-0.4030	-1.6994
89634322	0.3983	-0.3802	-1.5666
89634323	-0.0283	-0.7020	-0.8911
89634324	-0.0937	-0.5671	-1.1751
89634325	0.0108	-0.7793	-1.0225
89634326	-0.1081	-0.7557	-0.6365
89634327	0.1339	-0.8067	-0.5277
89634328	0.3112	-0.5316	-1.1034
89634329	0.5338	-0.2367	-1.4166
89634330	0.6694	-0.3794	-1.4140
89634331	0.8541	-0.2989	-1.4732
89634332	0.9194	0.1112	-1.6153
89634333	1.0006	0.4780	-1.9590
89634334	0.9673	0.2603	-1.3181
89634335	0.6966	-0.0359	-1.4574
89634336	0.4705	-0.0061	-1.0305
89634337	0.3888	-0.1829	-1.1682
89634338	0.1949	-0.2913	-1.5364
89634339	-0.0358	-0.1265	-1.4903
89634340	0.0039	-0.1218	-1.3268
89634341	0.1109	-0.6331	-0.5779
89634342	0.1287	-0.5297	-0.6256
89634343	0.2201	-0.1829	-0.7173
89634344	0.3497	0.0090	-1.3190
89634345	0.7656	0.1255	-1.8475
89634346	0.5154	-0.3615	-1.2618
89634347	0.7236	-0.4257	-1.7014
89634348	0.5574	-0.5298	-1.4007
89634349	0.5569	-0.4263	-1.5942
89634350	0.5016	-0.4213	-1.6543
89634351	0.4263	-0.1886	-1.8989
89634352	0.2876	-0.5867	-2.0268
89634353	0.3162	-0.6504	-1.8450
89634354	0.4437	-0.7895	-1.5413
89634355	0.5457	-0.7042	-1.5183
89634356	0.3187	-0.6947	-1.4241
89634357	0.0313	-0.5588	-0.8688
89634358	0.0777	-0.4858	-1.1338
89634359	0.3776	-0.5546	-1.2708
89634360	0.3129	-0.5018	-1.6066
89634361	0.4444	-0.7371	-1.4990
89634362	0.5200	-0.8943	-1.9515
89634363	0.5574	-0.9327	-1.5366
89634364	0.0909	-1.0004	-1.6144
89634365	0.0629	-0.6012	-1.5492
89634366	0.0913	-0.6019	-1.2444
89634367	-0.0416	-1.0087	-0.9771
89634368	0.1354	-1.0143	-0.6604
89634369	0.5238	-1.0937	-0.8564
89634370	0.6368	-1.2273	-0.7315
89634371	0.5421	-0.9971	-1.2440
89634372	0.6164	-0.9228	-1.1499
89634373	0.6718	-0.8784	-1.0178
89634374	0.7607	-0.9776	-0.6345
89634375	0.4668	-1.0540	-1.1465
89634376	0.2391	-1.0024	-1.2254
89634377	-0.0470	-1.1257	-0.9764
89634378	-0.1081	-1.3087	-1.4068
89634379	-0.0666	-1.2099	-1.1929
89634380	-0.0155	-1.2552	-1.2795
89634381	-0.0245	-1.3338	-1.3685
89634382	0.3510	-1.2192	-2.2304
89634383	0.4554	-1.1711	-2.2300
89634384	0.4315	-1.1320	-2.3867
89634385	0.5724	-1.1660	-2.3878
89634386	0.5319	-1.2269	-1.7970
89634387	0.4026	-1.1085	-1.6176
89634388	0.3650	-0.8950	-1.4898
89634389	0.1803	-0.9994	-1.2096
89634390	0.2353	-0.9298	-1.1963
89634391	0.2364	-0.5291	-1.3268
89634392	0.1999	-0.4682	-1.4893
89634393	0.2358	-0.3408	-1.3493
89634394	0.4205	-0.6169	-1.4044
89634395	0.2498	-0.6376	-1.7472
89634396	0.2238	-0.7823	-1.6935
89634397	0.2191	-0.8817	-2.0215
89634398	0.1649	-0.9257	-1.8988
89634399	0.2418	-0.9615	-2.2321
89634400	0.3258	-0.8442	-2.1890
89634401	0.4575	-1.1319	-1.8757
89634402	0.3765	-1.1675	-1.5566
89634403	0.2611	-0.8894	-1.0880
89634404	0.2135	-0.7202	-1.2795
89634405	0.3931	-0.1724	-1.3532
89634406	0.6313	-0.0071	-1.3358
89634407	0.5383	0.0933	-1.0423
89634408	0.6500	0.1934	-1.5610
89634409	0.6802	-0.0370	-1.5310
89634410	0.4727	-0.2508	-1.6307
89634411	0.6517	-0.5136	-1.3026
89634412	0.3675	-0.5468	-0.7881
89634413	0.3723	-0.3834	-1.2397
89634414	0.2123	-0.4237	-1.1585
89634415	0.0209	-0.4988	-0.8751
89634416	0.0735	-0.2903	-0.8937
89634417	0.1215	-0.3134	-1.2468
89634418	0.3028	-0.2950	-1.0906
89634419	0.1680	-0.4231	-1.1880
89634420	0.3796	-0.2910	-1.4800
89634421	0.3702	-0.3272	-1.5567
89634422	0.3543	-0.6435	-1.5724
89634423	0.4997	-0.5285	-1.8449
89634424	0.5481	-0.7571	-1.7797
89634425	0.2428	-1.1361	-0.8396
89634426	0.4315	-1.3952	-0.7656
89634427	0.3874	-1.4092	-0.7970
89634428	0.1880	-1.2481	-0.9324
89634429	0.3157	-1.6067	-0.9660
89634430	0.3381	-1.3792	-1.2058
89634431	0.3614	-1.2982	-1.2575
89634432	0.2887	-1.4057	-1.4412
89634433	0.0775	-1.4825	-0.6013
89634434	0.1500	-1.3628	-1.1047
89634435	0.0864	-1.3232	-1.4430
89634436	0.0057	-1.4788	-0.6658
89634437	0.0781	-1.6940	-1.0456
89634438	-0.1781	-1.5185	-1.0238
89634439	-0.0238	-1.3073	-1.1556
89634440	0.2705	-0.8576	-1.2683
89634441	0.3154	-0.9143	-1.1670
89634442	0.4082	-0.7660	-1.2462
89634443	0.5937	-0.2655	-1.8024
89634444	0.5159	-0.4133	-1.6675
89634445	0.6281	-0.6705	-1.5104
89634446	0.4272	-0.4633	-1.6662
89634447	0.5604	-0.2993	-1.7776
89634448	0.2883	-0.6767	-1.5762
89634449	0.2193	-0.5675	-1.2452
89634450	0.1764	-0.7763	-1.0890
89634451	0.0838	-1.3767	-0.6800
89634452	0.1334	-1.5412	-0.4182
89634453	0.1385	-1.3575	0.0340
89634454	0.4301	-1.5299	-0.5366
89634455	0.1534	-1.5210	-0.1065
89634456	0.4963	-1.2816	-0.3398
89634457	0.4212	-1.2938	-0.3785
89634458	0.6458	-1.1210	-0.5844
89634459	0.6880	-0.8689	-1.1411
89634460	0.3087	-0.8896	-0.5198
89634461	0.2554	-0.5916	-0.4824
89634462	0.2533	-0.8558	-0.4313
89634463	0.5833	-0.9067	-0.7213
89634464	0.0000	0.0000	0.0000
89634465	0.0000	0.0000	0.0000
89634466	0.0000	0.0000	0.0000
89634467	0.0000	0.0000	0.0000
89634468	0.0000	0.0000	0.0000
89634469	0.0000	0.0000	0.0000
89634470	0.0000	0.0000	0.0000
89634471	0.0000	0.0000	0.0000
89634472	0.0000	0.0000	0.0000
89634473	0.0000	0.0000	0.0000
89634474	0.0000	0.0000	0.0000
89634475	0.0000	0.0000	0.0000
89634476	0.0000	0.0000	0.0000
89634477	0.0000	0.0000	0.0000
89634478	0.0000	0.0000	0.0000
89634479	0.0000	0.0000	0.0000
89634480	0.0000	0.0000	0.0000
89634481	0.0000	0.0000	0.0000
89634482	0.0000	0.0000	0.0000
89634483	0.0000	0.0000	0.0000
89634484	0.0000	0.0000	0.0000
89634485	0.0000	0.0000	0.0000
89634486	0.0000	0.0000	0.0000
89634487	0.0000	0.0000	0.0000
89634488	0.0000	0.0000	0.0000
89634489	0.0000	0.0000	0.0000
89634490	0.0000	0.0000	0.0000
89634491	0.0000	0.0000	0.0000
89634492	0.0000	0.0000	0.0000
89634493	0.0000	0.0000	0.0000
89634494	0.0000	0.0000	0.0000
89634495	0.0000	0.0000	0.0000
89634496	0.0000	0.0000	0.0000
89634497	0.0000	0.0000	0.0000
89634498	0.0000	0.0000	0.0000
89634499	0.0000	0.0000	0.0000
89634500	0.0000	0.0000	0.0000
89634501	0.0000	0.0000	0.0000
89634502	0.0000	0.0000	0.0000
89634503	0.0000	0.0000	0.0000
89634504	0.0000	0.0000	0.0000
89634505	0.0000	0.0000	0.0000
89634506	0.0000	0.0000	0.0000
89634507	0.0000	0.0000	0.0000
89634508	0.0000	0.0000	0.0000
89634509	0.0000	0.0000	0.0000
89634510	0.0000	0.0000	0.0000
89634511	0.0000	0.0000	0.0000
89634512	0.0000	0.0000	0.0000
89634513	0.0000	0.0000	0.0000
89634514	0.0000	0.0000	0.0000
89634515	0.0000	0.0000	0.0000
89634516	0.0000	0.0000	0.0000
89634517	0.0000	0.0000	0.0000
89634518	0.0000	0.0000	0.0000
89634519	0.0000	0.0000	0.0000
89634520	0.0000	0.0000	0.0000
89634521	0.0000	0.0000	0.0000
89634522	0.0000	0.0000	0.0000
89634523	0.0000	0.0000	0.0000
89634524	0.0000	0.0000	0.0000
89634525	0.0000	0.0000	0.0000
89634526	0.0000	0.0000	0.0000
89634527	0.0000	0.0000	0.0000
89634528	0.0000	0.0000	0.0000
89634529	0.0000	0.0000	0.0000
89634530	0.0000	0.0000	0.0000
89634531	0.0000	0.0000	0.0000
89634532	0.0000	0.0000	0.0000
89634533	0.0000	0.0000	0.0000
89634534	0.0000	0.0000	0.0000
89634535	0.0000	0.0000	0.0000
89634536	0.0000	0.0000	0.0000
89634537	0.0000	0.0000	0.0000
89634538	0.0000	0.0000	0.0000
89634539	0.0000	0.0000	0.0000
89634540	0.0000	0.0000	0.0000
89634541	0.0000	0.0000	0.0000
89634542	0.0000	0.0000	0.0000
89634543	0.0000	0.0000	0.0000
89634544	0.0000	0.0000	0.0000
89634545	0.0000	0.0000	0.0000
89634546	0.0000	0.0000	0.0000
89634547	0.0000	0.0000	0.0000
89634548	0.0000	0.0000	0.0000
89634549	0.0000	0.0000	0.0000
89634550	0.0000	0.0000	0.0000
89634551	0.0000	0.0000	0.0000
89634552	0.0000	0.0000	0.0000
89634553	0.0000	0.0000	0.0000
89634554	0.0000	0.0000	0.0000
89634555	0.0000	0.0000	0.0000
89634556	0.0000	0.0000	0.0000
89634557	0.0000	0.0000	0.0000
89634558	0.0000	0.0000	0.0000
89634559	0.0000	0.0000	0.0000
89634560	0.0000	0.0000	0.0000
89634561	0.0000	0.0000	0.0000
