89633311	0.8754	0.1131	-0.9230
89633312	0.9440	0.2210	-1.0670
89633313	0.9694	-0.0978	-0.8121
89633314	1.0940	-0.2270	-0.8776
89633315	1.1307	-0.4551	-0.8098
89633316	1.0150	-0.1962	-0.7956
89633317	0.9816	-0.2922	-0.6032
89633318	0.8162	-0.5205	-0.8188
89633319	0.8258	-0.5382	-0.8161
89633320	0.7328	-0.3297	-1.0367
89633321	0.6530	-0.6515	-1.1563
89633322	0.5251	-0.3863	-1.2008
89633323	0.4294	-0.1803	-0.7905
89633324	0.3720	-0.2618	-0.8043
89633325	0.4973	-0.4334	-1.0869
89633326	0.4994	-0.4565	-1.6107
89633327	0.4601	-0.5123	-1.9626
89633328	0.4069	-0.3325	-1.7727
89633329	0.5377	-0.3051	-1.5614
89633330	0.5116	-0.2254	-1.6413
89633331	0.2653	-0.7476	-1.7804
89633332	0.2086	-0.7078	-2.0442
89633333	0.3337	-0.4265	-1.8009
89633334	0.0004	-0.5780	-1.8028
89633335	0.0149	-0.5150	-1.4431
89633336	0.0601	-0.4914	-1.2325
89633337	-0.0680	-0.6168	-1.2529
89633338	0.0008	-0.5142	-1.3118
89633339	0.2580	-0.5087	-1.4394
89633340	0.2798	-0.4955	-1.6146
89633341	0.3401	-0.6210	-2.2481
89633342	0.4032	-0.7163	-2.1194
89633343	0.4890	-1.0071	-2.2943
89633344	0.5320	-0.7581	-2.1592
89633345	0.5680	-0.7072	-2.5367
89633346	0.7525	-0.2192	-1.8760
89633347	0.7571	-0.0195	-1.9449
89633348	0.6858	0.0283	-2.0875
89633349	0.5351	0.1155	-2.2477
89633350	0.5697	-0.0276	-2.3389
89633351	0.6556	-0.1611	-2.3229
89633352	0.5999	0.0260	-2.3534
89633353	0.4816	-0.0655	-2.2159
89633354	0.5559	-0.3313	-2.8987
89633355	0.3586	-0.4537	-2.9008
89633356	0.3992	-0.4513	-2.9847
89633357	0.3627	-0.7738	-3.0153
89633358	0.4666	-0.5767	-2.9063
89633359	0.3888	-0.5818	-2.2569
89633360	0.5238	-0.4916	-2.3512
89633361	0.4318	-0.3621	-2.3184
89633362	0.4620	-0.3785	-1.8865
89633363	0.6446	-0.2144	-1.8991
89633364	0.4847	-0.0396	-2.2267
89633365	0.7032	0.0145	-2.5523
89633366	0.6165	-0.0015	-2.7804
89633367	0.5483	-0.1462	-2.8176
89633368	0.6761	-0.4898	-3.0376
89633369	0.4907	-0.3152	-2.4636
89633370	0.2501	-0.7891	-2.3823
89633371	0.2588	-0.5002	-2.0190
89633372	0.2800	-0.5531	-1.7436
89633373	0.2513	-0.7164	-1.9763
89633374	0.2803	-0.3302	-1.6502
89633375	0.2293	-0.3560	-1.4759
89633376	0.2682	-0.3608	-1.5520
89633377	0.1980	-0.3152	-1.2023
89633378	0.2430	-0.1736	-1.1336
89633379	0.3851	-0.4340	-1.3872
89633380	0.5165	-0.0944	-0.9512
89633381	0.5984	0.0255	-1.0178
89633382	0.6813	0.1146	-0.8821
89633383	0.8028	-0.2548	-1.0618
89633384	0.7573	-0.4936	-0.9006
89633385	0.5131	-0.5500	-0.7660
89633386	0.5120	-0.4719	-0.0170
89633387	0.5728	-0.2175	0.3418
89633388	0.8453	-0.1343	0.0395
89633389	0.8828	0.1472	0.2695
89633390	0.9065	0.1745	0.1500
89633391	0.8971	0.4397	0.1862
89633392	0.8373	0.4753	-0.0974
89633393	0.8132	0.5048	-0.0522
89633394	0.8085	0.6326	-0.2218
89633395	0.9457	0.5424	-0.6048
89633396	0.9111	0.5286	-0.4289
89633397	0.8342	0.2712	-1.1264
89633398	0.7624	0.0700	-1.6176
89633399	0.7597	-0.1194	-1.5442
89633400	0.7501	-0.0768	-1.7717
89633401	0.5875	-0.1983	-1.3169
89633402	0.4506	-0.3217	-0.7868
89633403	0.3031	-0.5719	-0.8052
89633404	0.1463	-0.9099	-0.4184
89633405	0.1541	-0.9160	-0.1296
89633406	0.0292	-0.9453	-0.1950
89633407	0.0588	-1.0618	0.1482
89633408	0.2934	-0.8578	-0.3752
89633409	0.3719	-0.9829	-0.5355
89633410	0.4466	-0.7009	-0.3253
89633411	0.6248	-0.5133	-0.3268
89633412	0.6290	-0.6003	-0.2988
89633413	0.5573	-0.4918	-0.1142
89633414	0.6440	-0.4905	-0.1869
89633415	0.7206	-0.2521	-0.2473
89633416	0.9252	0.2073	-0.0164
89633417	0.9892	0.3186	0.0596
89633418	0.9129	0.2610	0.1922
89633419	0.9765	0.3477	0.4469
89633420	0.8627	0.3411	0.7403
89633421	0.8246	0.4649	0.3810
89633422	0.5833	0.0679	-0.0343
89633423	0.4954	-0.1955	-0.4056
89633424	0.4247	-0.1172	-0.0019
89633425	0.5879	-0.3094	-0.4617
89633426	0.4607	-0.2318	-0.3835
89633427	0.3346	-0.1033	-0.2217
89633428	0.2013	-0.1426	-0.1195
89633429	0.1897	-0.6659	-0.8437
89633430	0.4602	-0.1056	-0.6907
89633431	0.4524	-0.1605	-0.7680
89633432	0.3996	0.1576	-1.0216
89633433	0.2502	-0.1897	-1.2320
89633434	0.3360	-0.1587	-0.6162
89633435	0.2256	0.0714	-0.9167
89633436	0.3533	0.0072	-1.2236
89633437	0.2931	-0.0296	-0.7747
89633438	0.1947	-0.2474	-0.6239
89633439	0.1628	-0.4810	-0.7280
89633440	0.2952	-0.4445	-0.4345
89633441	0.4332	-0.5022	-0.5089
89633442	0.5129	-0.3679	-0.2665
89633443	0.5274	-0.4068	-0.3958
89633444	0.6222	-0.2066	-0.1048
89633445	0.8335	-0.0984	-0.6465
89633446	0.5744	-0.1254	0.0673
89633447	0.6422	0.3312	-0.2479
89633448	0.6622	0.5043	-0.1539
89633449	0.5251	0.3106	-0.0716
89633450	0.4877	0.5240	-0.4090
89633451	0.4499	0.4074	-0.6010
89633452	0.3272	0.2792	-0.3967
89633453	0.3863	0.2081	-0.5353
89633454	0.3906	0.2478	-0.6159
89633455	0.3746	0.1318	-0.5281
89633456	0.2839	0.0889	-0.3785
89633457	0.3280	0.1481	-0.6089
89633458	0.2236	-0.2926	-0.7071
89633459	0.3020	-0.3627	-1.3613
89633460	0.1885	-0.5915	-1.4889
89633461	0.0922	-0.6211	-1.3021
89633462	0.3266	-0.4092	-1.4675
89633463	0.2093	-0.1803	-1.3218
89633464	0.1989	-0.2920	-1.3354
89633465	0.1871	-0.1030	-1.2871
89633466	0.2843	-0.0500	-1.2448
89633467	0.2025	-0.0330	-1.2058
89633468	0.2226	0.1765	-1.1771
89633469	0.0864	-0.0740	-1.0863
89633470	0.0506	-0.3127	-0.5889
89633471	0.0858	-0.4097	-0.8347
89633472	-0.0805	-0.4375	-0.6174
89633473	-0.0583	-0.3409	-0.8447
89633474	-0.1846	-0.3630	-0.5203
89633475	-0.0020	-0.4129	-0.5425
89633476	-0.0032	-0.5386	-0.8451
89633477	-0.0363	-0.6782	-0.4512
89633478	-0.2521	-0.6086	-0.0336
89633479	-0.2977	-0.5507	0.0571
89633480	-0.2580	-0.7690	-0.0511
89633481	-0.1541	-0.8256	0.0943
89633482	-0.1656	-0.8084	0.1676
89633483	-0.1965	-0.8315	0.2099
89633484	0.0555	-0.6298	0.1334
89633485	0.0761	-0.5884	0.0812
89633486	0.4503	-0.4901	-0.2811
89633487	0.6595	-0.3254	-0.6590
89633488	0.4966	-0.4309	-1.1251
89633489	0.4864	-0.1891	-1.2131
89633490	0.5193	-0.4622	-1.1593
89633491	0.4423	-0.1104	-1.0613
89633492	0.4647	0.0360	-1.0467
89633493	0.5047	0.0593	-1.1883
89633494	0.4230	-0.1892	-0.7661
89633495	0.3316	-0.2959	-0.7924
89633496	0.4729	-0.1638	-0.6729
89633497	0.3944	0.0110	-0.4124
89633498	0.4446	-0.2921	-0.4354
89633499	0.2171	-0.2487	-0.8221
89633500	0.2955	-0.2443	-0.6425
89633501	0.2262	-0.3711	-0.7947
89633502	0.2851	-0.4128	-1.1767
89633503	0.4067	-0.0793	-1.1944
89633504	0.5494	-0.0732	-1.3329
89633505	0.4529	-0.1874	-1.1925
89633506	0.6214	-0.3016	-1.0012
89633507	0.8862	-0.4073	-0.9284
89633508	0.6869	-0.4090	-1.0107
89633509	0.5603	-0.3083	-0.7038
89633510	0.5782	-0.3945	-0.5743
89633511	0.4457	-0.7179	-0.3748
89633512	0.3298	-0.7945	0.0262
89633513	0.2869	-0.6473	0.3226
89633514	0.3448	-0.7654	0.0973
89633515	0.4302	-0.7091	0.2681
89633516	0.4284	-0.7451	0.1564
89633517	0.5242	-0.8786	-0.0305
89633518	0.6167	-0.3580	-0.1198
89633519	0.4991	-0.3166	-0.6855
89633520	0.3509	-0.3064	-0.9941
89633521	0.3623	-0.6261	-1.5392
89633522	0.3968	-0.5943	-1.4321
89633523	0.3900	-0.5710	-1.5159
89633524	0.3436	-0.7526	-1.9751
89633525	0.4272	-0.5960	-1.9086
89633526	0.4665	-0.5806	-1.8530
89633527	0.5783	-0.6230	-1.6693
89633528	0.5544	-0.3803	-1.4380
89633529	0.6157	-0.4871	-1.7051
89633530	0.5699	-0.5572	-1.3901
89633531	0.4693	-0.5955	-0.8429
89633532	0.4838	-0.7380	-0.5645
89633533	0.4187	-0.8116	-0.1227
89633534	0.6165	-0.7139	0.0400
89633535	0.5804	-0.8853	0.0752
89633536	0.8513	-0.5989	0.2162
89633537	0.7408	-0.5032	0.3379
89633538	0.5865	-0.5483	0.2401
89633539	0.7114	-0.6596	-0.1328
89633540	0.6737	-0.7327	-0.1867
89633541	0.7662	-0.6278	-0.3636
89633542	0.6988	-0.3199	-0.2584
89633543	0.6686	-0.5337	-1.0329
89633544	0.8335	-0.4968	-1.2575
89633545	0.6528	-0.3022	-1.1599
89633546	0.6054	-0.3040	-1.1662
89633547	0.7614	0.2206	-1.2124
89633548	0.7775	0.1930	-1.3084
89633549	0.8518	0.2128	-1.2986
89633550	0.8343	0.0414	-1.9078
89633551	0.8159	0.2502	-1.5166
89633552	0.7539	0.3171	-1.9049
89633553	0.7809	0.6643	-1.2629
89633554	0.6971	0.4352	-1.2296
89633555	0.5023	0.3279	-0.9886
89633556	0.4747	0.5325	-0.5039
89633557	0.4135	0.8449	-0.7678
89633558	0.4662	0.8740	-0.7551
89633559	0.5742	1.1949	-1.2112
89633560	0.6097	1.0835	-0.8663
89633561	0.3583	0.7405	-0.4440
89633562	0.2542	0.5130	-0.5852
89633563	0.2535	0.6399	-0.9788
89633564	0.2042	0.2531	-0.8520
89633565	0.3119	-0.1159	-0.7905
89633566	0.3895	0.1168	-0.6258
89633567	0.4444	-0.0692	-0.8958
89633568	0.3404	-0.1489	-0.4987
89633569	0.2407	-0.1842	-0.6408
89633570	0.1809	-0.4550	-0.5746
89633571	0.0214	-0.7708	-0.9170
89633572	0.1114	-0.6841	-0.4738
89633573	-0.1567	-0.7206	-0.6642
89633574	-0.1192	-0.7524	-0.7144
89633575	-0.1521	-0.8586	-0.5813
89633576	-0.2349	-1.1734	-0.3960
89633577	-0.1975	-0.9458	-0.4149
89633578	0.0935	-0.6033	-0.5582
89633579	-0.0127	-0.4775	-0.8465
89633580	0.0183	-0.3396	-0.6720
89633581	0.1699	-0.1526	-0.2620
89633582	0.1849	0.1974	-0.0979
89633583	0.3273	-0.0079	-0.3554
89633584	0.6069	0.0483	-0.6660
89633585	0.4361	0.2882	-0.8721
89633586	0.4401	0.3636	-0.3577
89633587	0.4969	0.6302	-0.1976
89633588	0.4741	0.5123	-0.1285
89633589	0.3306	0.6385	-0.5984
89633590	0.2927	0.4864	-0.5194
89633591	0.3563	0.5240	-0.7296
89633592	0.5864	0.4174	-1.0685
89633593	0.5447	0.1676	-0.8422
89633594	0.6063	0.3143	-0.8706
89633595	0.5126	0.1021	-0.5147
89633596	0.1837	-0.7085	-0.4289
89633597	0.2271	-0.5711	-0.5948
89633598	0.3446	-0.6431	-0.3684
89633599	0.2340	-0.5090	-0.7958
89633600	-0.0183	-0.8504	-0.5590
89633601	-0.0044	-0.7010	-0.4709
89633602	-0.1407	-0.5754	-0.5324
89633603	-0.0898	-0.4804	-0.5440
89633604	-0.0534	-0.3055	-0.4610
89633605	-0.1870	-0.4298	-0.4186
89633606	-0.0389	-0.4655	-0.0627
89633607	0.1152	-0.3594	0.2576
89633608	0.1232	-0.2200	0.4595
89633609	0.0899	-0.2118	0.3949
89633610	-0.0035	-0.4884	0.3566
89633611	0.1423	-0.4008	0.0356
89633612	0.1718	-0.4406	0.1649
89633613	0.2090	-0.3031	-0.2540
89633614	0.0060	-0.3300	-0.3891
89633615	0.1302	-0.3039	-0.3133
89633616	0.0673	-0.4009	-0.8889
89633617	0.1402	-0.6065	-0.5106
89633618	0.1126	-0.6349	-0.4992
89633619	-0.1139	-0.6234	-0.4235
89633620	0.0116	-0.5853	-0.3288
89633621	0.1174	-0.6427	-0.7974
89633622	0.2323	-0.3092	-0.9299
89633623	0.1196	-0.3215	-0.9038
89633624	0.0584	-0.4038	-0.9683
89633625	0.0448	-0.2978	-0.6120
89633626	-0.0953	-0.6381	-0.5755
89633627	0.1851	-0.4797	-0.4624
89633628	0.3016	-0.1657	-0.5334
89633629	0.1807	-0.4286	-0.0743
89633630	0.2758	-0.2309	-0.2128
89633631	0.2495	-0.4055	0.2048
89633632	0.1590	-0.4888	0.0613
89633633	0.0907	-0.7955	-0.0840
89633634	0.1767	-0.5767	0.1148
89633635	0.5094	-0.1262	-0.1828
89633636	0.1345	-0.5430	0.1529
89633637	-0.0669	-0.8107	-0.1043
89633638	-0.2130	-0.6948	-0.3313
89633639	0.0087	-0.6901	-0.7819
89633640	-0.2268	-0.8725	-1.0738
89633641	-0.0364	-0.5323	-0.6484
89633642	-0.1829	-0.8571	-0.4339
89633643	-0.2134	-1.0215	-0.6885
89633644	-0.0754	-0.7162	-1.0416
89633645	-0.2598	-0.6363	-0.7225
89633646	-0.3523	-0.7973	-0.6586
89633647	-0.1193	-0.4640	-0.6767
89633648	-0.1044	-0.4285	-0.4278
89633649	0.1894	-0.1082	-0.3048
89633650	0.0977	-0.4481	0.0513
89633651	0.0913	-0.4784	-0.2018
89633652	-0.1624	-0.4941	-0.5156
89633653	-0.3178	-0.6499	-0.5992
89633654	-0.3983	-0.7418	-0.7536
89633655	-0.2179	-0.4244	-0.9835
89633656	-0.2088	-0.8548	-0.9469
89633657	-0.0595	-0.9364	-1.1053
89633658	0.0078	-0.5588	-0.7794
89633659	0.0912	-0.7762	-0.6785
89633660	0.3417	-0.4314	-0.6785
89633661	0.3087	-0.4012	-0.2452
89633662	0.1234	-0.5724	0.1233
89633663	-0.0341	-0.8155	0.0266
89633664	-0.0866	-0.9366	-0.1754
89633665	-0.3044	-1.0484	-0.0953
89633666	-0.2561	-0.8329	-0.0864
89633667	-0.3751	-0.5278	-0.0164
89633668	-0.1245	-0.1783	-0.0272
89633669	-0.1683	-0.4931	-0.0044
89633670	0.0362	-0.1089	0.1319
89633671	-0.0337	-0.5201	0.2467
89633672	0.0651	-0.8451	0.0009
89633673	0.1117	-0.3513	0.4102
89633674	0.1708	-0.4148	0.5172
89633675	0.3996	0.1912	0.6182
89633676	0.4787	0.2779	0.8648
89633677	0.1407	-0.2279	0.8680
89633678	0.1684	-0.0179	0.3979
89633679	0.2465	0.0548	0.7277
89633680	0.2200	0.1187	0.5654
89633681	0.3725	0.4451	0.5294
89633682	0.3353	0.5937	0.2858
89633683	0.1977	0.4727	0.4477
89633684	0.3036	0.3318	0.3454
89633685	0.1368	0.0234	0.0399
89633686	0.1272	-0.1099	-0.0037
89633687	0.0670	-0.0753	0.0413
89633688	0.0758	-0.1341	0.3587
89633689	-0.0957	-0.3614	0.2597
89633690	-0.0851	-0.3890	0.4501
89633691	0.2632	0.0576	0.2934
89633692	-0.0565	-0.3975	-0.2858
89633693	0.1938	-0.0182	0.2249
89633694	0.1511	0.2658	0.1770
89633695	0.2122	0.7182	0.4042
89633696	0.3867	0.6755	0.9827
89633697	0.4847	0.7807	1.0523
89633698	0.4241	0.7010	0.9101
89633699	0.3589	0.5962	0.7820
89633700	0.5998	0.6102	0.4572
89633701	0.4362	0.2484	0.8097
89633702	0.4313	0.3561	1.0336
89633703	0.4916	0.5333	1.1291
89633704	0.5695	0.3946	1.3517
89633705	0.5313	0.4486	1.1667
89633706	0.4492	0.3736	0.7113
89633707	0.5620	0.4113	0.6623
89633708	0.5121	0.4463	0.8011
89633709	0.8194	1.0720	0.4891
89633710	0.8148	1.3810	1.3016
89633711	0.9961	1.5378	0.8711
89633712	0.6794	1.2267	0.3059
89633713	0.6111	1.0733	0.8649
89633714	0.7873	1.2240	0.8386
89633715	0.9316	1.0492	1.0925
89633716	1.0988	0.9448	1.1914
89633717	1.1733	0.7368	1.3180
89633718	1.0072	0.3584	1.0389
89633719	0.9696	0.2925	0.7208
89633720	0.9925	0.1989	0.6561
89633721	0.9572	0.2347	0.9492
89633722	1.0438	0.1723	1.2091
89633723	1.2977	0.3384	0.8624
89633724	1.4332	0.6295	0.8882
89633725	1.2715	0.4372	0.5221
89633726	1.1999	0.5427	0.3683
89633727	1.0475	0.5953	0.4725
89633728	0.9998	0.5726	0.7201
89633729	1.0422	0.7126	0.7668
89633730	0.9449	0.4090	1.0250
89633731	1.0032	0.1855	0.9770
89633732	0.8608	0.1092	0.8505
89633733	1.1385	0.2926	1.0996
89633734	1.0622	0.3647	0.9736
89633735	1.3107	0.3040	0.7659
89633736	1.3119	0.5002	0.6275
89633737	1.1452	0.2505	0.4879
89633738	1.2225	0.0962	0.6064
89633739	1.0543	-0.1933	0.6906
89633740	1.0789	-0.1475	0.6018
89633741	0.9854	-0.1124	0.4258
89633742	1.0737	0.0614	-0.0442
89633743	1.2566	0.4077	0.2185
89633744	1.2120	0.3791	-0.0620
89633745	1.1476	0.4632	-0.1799
89633746	0.9338	0.2612	0.0392
89633747	1.0700	0.2658	-0.1706
89633748	1.0669	0.8284	-0.4789
89633749	1.0128	0.8745	-0.3744
89633750	1.1777	1.3032	-0.2487
89633751	1.0672	1.1022	-0.2317
89633752	1.0364	1.1420	-0.1772
89633753	1.0566	1.2207	-0.6786
89633754	1.1224	1.3977	-0.6390
89633755	0.8914	0.9675	-0.2313
89633756	0.9081	0.7477	-0.5828
89633757	1.2067	1.0961	-0.7435
89633758	1.2323	0.8504	-0.1913
89633759	1.1850	0.6588	-0.0828
89633760	1.0833	0.7350	-0.1293
89633761	0.7774	0.0257	-0.3651
89633762	0.7122	-0.2838	0.0169
89633763	0.7021	-0.2445	-0.0909
89633764	0.5004	-0.4656	-0.2381
89633765	0.5900	-0.6214	-0.3839
89633766	0.6632	-0.3459	-0.5190
89633767	0.5742	-0.5413	-0.5302
89633768	0.7952	0.0728	-0.3767
89633769	0.7522	0.3696	-0.1650
89633770	0.7791	0.4283	-0.1294
89633771	0.8681	0.8106	-0.0816
89633772	0.5749	0.2371	-0.4244
89633773	0.5992	0.5396	0.0894
89633774	0.7878	0.8221	0.0951
89633775	0.6382	0.8416	-0.2869
89633776	0.4852	0.7302	-0.3173
89633777	0.4181	0.6499	-0.5548
89633778	0.4906	0.8653	0.0757
89633779	0.4302	0.8230	0.4523
89633780	0.5646	1.0940	0.8078
89633781	0.6448	0.6609	0.4796
89633782	0.4257	0.5700	0.6085
89633783	0.6665	0.9190	0.4352
89633784	0.6622	0.7471	0.8078
89633785	0.5374	0.6311	0.7455
89633786	0.5739	0.5536	0.6186
89633787	0.5582	0.5012	0.1475
89633788	0.3002	0.2806	-0.0410
89633789	0.2157	0.3810	0.1817
89633790	0.2544	0.0744	0.0326
89633791	0.3738	0.2829	0.1637
89633792	0.3465	0.4384	0.6538
89633793	0.3905	0.3728	0.7998
89633794	0.5630	0.4077	0.5905
89633795	0.4768	0.0360	0.8457
89633796	0.3054	-0.1564	0.7210
89633797	0.2146	-0.0241	0.9804
89633798	0.1957	0.0665	0.5962
89633799	-0.0543	0.0132	0.8078
89633800	-0.1066	-0.3678	0.1709
89633801	-0.2572	-0.3720	-0.2836
89633802	-0.3407	-0.5996	-0.4664
89633803	-0.4160	-0.8557	-0.5761
89633804	-0.2091	-0.2006	-0.5396
89633805	-0.1222	-0.3151	-0.4528
89633806	-0.1675	-0.3718	-0.8243
89633807	-0.2967	-0.8418	-1.2454
89633808	-0.5905	-1.0542	-1.0813
89633809	-0.5987	-0.6137	-0.8512
89633810	-0.6681	-0.8038	-0.4471
89633811	-0.4643	-0.7882	-0.8327
89633812	-0.5891	-1.0661	-0.7220
89633813	-0.4296	-1.1712	-0.7367
89633814	-0.4048	-1.0116	-0.0141
89633815	-0.3327	-0.9108	-0.4598
89633816	-0.3953	-0.9269	-0.1060
89633817	-0.1923	-0.6069	-0.1977
89633818	-0.3002	-0.6306	0.1131
89633819	-0.3643	-0.6371	-0.4598
89633820	-0.3556	-0.7888	-0.6270
89633821	-0.2966	-0.7635	-0.3390
89633822	-0.4542	-0.7057	-0.1710
89633823	-0.3370	-0.7284	-0.1970
89633824	-0.1430	-0.5473	-0.1537
89633825	-0.3033	-0.6238	-0.4412
89633826	-0.4742	-1.0159	-0.3958
89633827	-0.5124	-1.1547	-0.6450
89633828	-0.4144	-1.1119	-0.3190
89633829	-0.6781	-1.3979	-0.3942
89633830	-0.7063	-1.0392	-0.2988
89633831	-0.7184	-0.8959	-0.9497
89633832	-0.4571	-0.6813	-0.8210
89633833	-0.6180	-0.8052	-0.7645
89633834	-0.5331	-0.2512	-1.1196
89633835	-0.3850	0.0253	-0.8283
89633836	-0.4546	0.0399	-0.8835
89633837	-0.5209	-0.2332	-1.0982
89633838	-0.2679	0.2431	-1.5939
89633839	-0.6047	-0.1462	-1.2496
89633840	-0.4583	0.0618	-1.1181
89633841	-0.5778	-0.1872	-1.3646
89633842	-0.7945	-0.2267	-1.0516
89633843	-0.6564	-0.3491	-0.8880
89633844	-0.8348	-0.5751	-0.9500
89633845	-0.8784	-0.4089	-0.8476
89633846	-0.7626	-0.5702	-1.0394
89633847	-0.6910	-0.3905	-1.1612
89633848	-0.7810	-0.8008	-1.0880
89633849	-0.8362	-0.7055	-1.2875
89633850	-0.6998	-0.5397	-1.1954
89633851	-0.6705	-0.6414	-1.1463
89633852	-0.6064	-0.6033	-0.9544
89633853	-0.7503	-0.5600	-1.4402
89633854	-0.7234	-0.5155	-1.1244
89633855	-0.5000	-0.4455	-1.3373
89633856	-0.2688	-0.0950	-1.0939
89633857	-0.3268	0.2104	-0.9532
89633858	-0.2448	0.4191	-1.2311
89633859	-0.2592	0.5887	-1.0160
89633860	-0.1170	0.8421	-1.4324
89633861	-0.3283	0.3871	-1.6278
89633862	-0.2754	0.3286	-1.4047
89633863	-0.2467	0.2924	-1.6192
89633864	-0.1103	0.5328	-1.1251
89633865	-0.3315	0.3925	-1.3211
89633866	-0.1954	0.4941	-1.4013
89633867	-0.4272	0.4213	-1.2334
89633868	0.0033	0.9277	-1.4516
89633869	0.0109	0.8172	-1.3313
89633870	-0.0909	0.3761	-1.0878
89633871	-0.0134	0.2566	-0.7657
89633872	-0.2072	-0.1027	-0.6580
89633873	-0.2574	0.2575	-0.7627
89633874	-0.2483	-0.0124	-1.0267
89633875	-0.4698	-0.1061	-0.7848
89633876	-0.4007	0.0101	-1.0390
89633877	-0.3954	0.1509	-0.7406
89633878	-0.5919	-0.2890	-0.8773
89633879	-0.4339	-0.3192	-0.7337
89633880	-0.4927	-0.4497	-0.6222
89633881	-0.5238	-0.8003	-0.7823
89633882	-0.3136	-0.3880	-1.2244
89633883	-0.2816	-0.1971	-0.7371
89633884	-0.0734	0.1745	-0.6006
89633885	-0.1542	0.0925	-0.6582
89633886	0.0876	0.2768	-0.4928
89633887	-0.2058	-0.2391	0.0484
89633888	-0.0526	0.0166	0.3172
89633889	0.2756	0.5202	-0.1835
89633890	0.3097	0.5288	0.1335
89633891	0.0680	0.4049	0.1630
89633892	-0.0530	0.2540	0.0592
89633893	-0.4080	0.2458	0.0277
89633894	-0.1187	-0.0792	-0.2782
89633895	-0.3077	-0.0678	0.0058
89633896	-0.2436	-0.2226	-0.4389
89633897	-0.3265	0.3949	-0.2154
89633898	-0.1725	0.5279	-0.5194
89633899	-0.1220	0.0703	-0.5272
89633900	-0.1553	0.1057	-0.2977
89633901	-0.2984	-0.0079	-0.3366
89633902	-0.0251	0.6928	-0.6575
89633903	0.0106	0.5378	-0.8106
89633904	0.0957	0.6058	-0.7814
89633905	0.0371	0.7003	-0.9967
89633906	-0.2379	0.3510	-0.8804
89633907	-0.2228	0.2812	-0.7054
89633908	0.0707	0.3677	-0.9363
89633909	0.1559	0.1993	-1.4456
89633910	-0.0146	0.1233	-1.2412
89633911	0.0409	0.0180	-0.6948
89633912	-0.2057	-0.0940	-1.0196
89633913	-0.2347	-0.0011	-0.1489
89633914	-0.2330	-0.0582	0.2418
89633915	0.0520	0.3234	0.3293
89633916	-0.0741	0.3569	0.2899
89633917	-0.0049	0.2313	0.2626
89633918	-0.0348	0.3624	0.0724
89633919	0.1527	0.1099	0.3967
89633920	-0.0826	0.0579	0.3560
89633921	0.1629	0.1731	0.4143
89633922	0.1397	0.1211	0.0828
89633923	0.2178	0.4031	-0.0769
89633924	-0.0638	-0.0366	0.2216
89633925	0.0698	-0.2051	0.4269
89633926	-0.1301	-0.1325	0.7785
89633927	-0.1972	-0.2494	0.5054
89633928	-0.1233	-0.0747	0.3592
89633929	0.1752	-0.0525	-0.0738
89633930	0.2069	-0.1937	0.2403
89633931	0.2411	-0.0183	0.0496
89633932	0.1803	-0.0521	-0.1338
89633933	0.2445	0.2418	-0.0287
89633934	0.1824	0.3250	-0.1253
89633935	0.1460	0.4154	-0.1231
89633936	0.0216	0.3007	-0.5527
89633937	0.1039	0.3781	-1.0664
89633938	-0.0308	0.1769	-0.7837
89633939	0.0599	0.1225	-0.3655
89633940	0.3985	0.1083	-0.4778
89633941	0.0850	0.0812	-0.3541
89633942	0.0061	-0.3661	-0.6235
89633943	0.0112	-0.0997	-0.1756
89633944	-0.0380	-0.1430	-0.1781
89633945	0.0307	0.0724	0.0654
89633946	0.2079	-0.0281	0.1516
89633947	0.1638	0.4199	0.0816
89633948	0.1726	0.4564	0.4380
89633949	0.1988	0.2959	0.4318
89633950	0.3668	0.3665	0.1946
89633951	0.3650	0.3547	0.3215
89633952	0.4740	0.7160	-0.2549
89633953	0.3814	0.6529	-0.3607
89633954	0.4205	0.5118	-0.2003
89633955	0.4854	0.8815	-0.8600
89633956	0.5890	0.8621	-0.5881
89633957	0.7527	1.0967	-0.3163
89633958	0.6964	1.1061	-0.2965
89633959	0.9236	1.2142	-0.0346
89633960	0.7098	0.8320	0.3907
89633961	0.6960	0.7182	0.5274
89633962	0.7168	0.7232	0.0101
89633963	0.7639	0.8229	0.2180
89633964	0.7078	0.5084	-0.2665
89633965	0.6326	0.6538	-0.2617
89633966	0.7877	0.9279	-0.5452
89633967	0.7920	1.0711	-0.6114
89633968	0.8677	1.3481	-0.0707
89633969	0.9171	1.3156	0.3216
89633970	0.7876	1.3526	-0.4668
89633971	0.6872	0.8705	-0.1279
89633972	0.7051	1.0349	0.0469
89633973	0.6430	1.0166	-0.1168
89633974	0.7153	1.1592	0.1451
89633975	0.5878	0.7534	0.1430
89633976	0.8865	1.0520	-0.3523
89633977	0.6434	0.6087	-0.3993
89633978	0.7361	0.9378	-0.1711
89633979	0.4463	0.2081	-0.2453
89633980	0.5707	0.3846	-0.6809
89633981	0.4587	0.4145	-0.6544
89633982	0.3013	0.0864	-0.9746
89633983	0.1199	0.0279	-1.3129
89633984	0.2019	0.2446	-1.1720
89633985	0.2554	0.3194	-1.1674
89633986	0.2055	0.5039	-1.0380
89633987	0.2513	0.4058	-1.6108
89633988	0.4801	0.4331	-1.5834
89633989	0.2737	0.3696	-1.3895
89633990	0.3773	0.3913	-1.6009
89633991	0.4691	0.3773	-1.4031
89633992	0.2369	0.4313	-1.5533
89633993	0.5433	0.4426	-1.7115
89633994	0.7007	0.4601	-1.5074
89633995	0.6553	0.8802	-1.1520
89633996	0.4839	0.3518	-0.8829
89633997	0.6133	0.3261	-1.1324
89633998	0.7335	0.6602	-0.9533
89633999	0.8171	0.3036	-0.3632
89634000	0.7523	0.0037	-0.1458
89634001	0.5484	0.2213	0.0983
89634002	0.9472	0.6957	-1.0099
89634003	0.4805	0.0518	-0.5638
89634004	0.3281	0.0482	-0.1777
89634005	0.5011	0.3173	-0.4548
89634006	0.4529	0.1083	-0.5853
89634007	0.5575	0.4585	-0.2169
89634008	0.5920	0.4493	-0.2142
89634009	0.6288	0.6333	-0.0715
89634010	0.6394	0.7349	-0.1613
89634011	0.4887	0.6895	-0.4244
89634012	0.3118	0.4023	-0.4564
89634013	0.1459	0.3928	-0.2856
89634014	0.2681	0.2017	0.2688
89634015	0.4537	0.3436	-0.0529
89634016	0.3242	0.1156	-0.2303
89634017	0.1137	0.0090	-0.0593
89634018	0.1084	0.2511	-0.1296
89634019	-0.0142	0.3957	-0.1632
89634020	0.1677	0.7003	-0.1468
89634021	0.2491	0.9182	-1.0514
89634022	-0.0426	0.4964	-0.8083
89634023	-0.3976	0.4169	-0.7831
89634024	-0.0190	0.6369	-1.2315
89634025	-0.3459	0.3186	-0.9353
89634026	-0.2301	0.3278	-0.4642
89634027	-0.3386	-0.1087	0.0159
89634028	-0.0539	0.5886	0.0025
89634029	-0.1412	0.3050	-0.3292
89634030	-0.1511	0.2855	-0.1102
89634031	0.0909	0.4145	-0.3223
89634032	0.1754	0.9082	-0.0287
89634033	0.2043	0.5963	0.2737
89634034	0.3776	0.7443	0.6852
89634035	0.2967	0.6944	0.1891
89634036	0.4925	0.9735	0.5367
89634037	0.3431	0.3544	0.2496
89634038	0.4274	0.5784	0.7886
89634039	0.3095	0.5289	0.5243
89634040	0.2557	0.7916	0.6686
89634041	0.3915	0.7155	0.1261
89634042	0.2019	0.3849	0.2571
89634043	0.2487	0.8017	0.2025
89634044	0.1680	0.6304	-0.3100
89634045	0.0177	0.4186	-0.3133
89634046	0.1234	0.3524	-0.1567
89634047	0.3576	0.6442	-0.9634
89634048	0.2138	0.5371	-0.8832
89634049	0.0590	0.6168	-0.8138
89634050	0.1207	0.6121	-0.8968
89634051	0.2967	0.3438	-1.1089
89634052	0.2925	0.6118	-1.3323
89634053	0.2362	0.3750	-0.9862
89634054	0.1892	0.3066	-0.7406
89634055	0.5041	0.4814	-1.0834
89634056	0.3360	0.2239	-0.7360
89634057	0.4013	0.4220	-0.1488
89634058	0.1369	0.1965	0.0456
89634059	0.0331	-0.1724	-0.0201
89634060	-0.1389	-0.4057	-0.0867
89634061	-0.1136	0.1209	-0.4230
89634062	-0.2281	0.1527	0.1045
89634063	-0.2884	-0.0178	0.3834
89634064	-0.2485	0.2101	0.6500
89634065	-0.3238	0.3088	0.9638
89634066	-0.4070	0.1628	0.9222
89634067	-0.2746	0.5904	0.3133
89634068	-0.1152	0.2558	0.1075
89634069	-0.2341	0.2032	0.3437
89634070	-0.1731	0.1148	0.1172
89634071	-0.0821	0.1313	-0.1058
89634072	0.0397	0.4052	-0.4116
89634073	0.1522	0.4989	-0.3603
89634074	0.1535	0.6110	-0.4029
89634075	0.0400	0.2971	-0.3570
89634076	-0.0018	0.2523	-0.1302
89634077	-0.0079	-0.0288	-0.0791
89634078	-0.0707	-0.1030	0.0715
89634079	0.1001	0.1547	0.0168
89634080	0.1499	-0.2123	-0.0569
89634081	0.1886	-0.2190	0.3845
89634082	0.2865	-0.1164	0.4915
89634083	0.2974	-0.0931	0.5518
89634084	0.4545	-0.1557	-0.1640
89634085	0.0516	0.0450	0.5734
89634086	0.1029	0.2469	0.0838
89634087	0.2335	0.4886	0.2646
89634088	0.0509	0.2018	0.3069
89634089	0.2173	0.0327	-0.0844
89634090	0.2424	-0.0284	0.0778
89634091	0.2610	-0.2297	-0.0270
89634092	0.2999	-0.2741	-0.1450
89634093	0.3469	-0.2198	-0.3837
89634094	0.0831	-0.4114	-0.1683
89634095	0.4959	-0.1881	0.2188
89634096	0.3340	-0.0265	0.2218
89634097	0.4724	0.1989	0.3408
89634098	0.4071	0.1217	0.1040
89634099	0.5875	0.2832	-0.1557
89634100	0.7871	0.4730	-0.3836
89634101	1.0945	0.9800	-0.7475
89634102	0.8900	0.9351	-0.5333
89634103	1.3399	1.2319	-0.9073
89634104	1.4195	1.4862	-1.1563
89634105	1.7418	1.5395	-1.1994
89634106	2.1394	1.8241	-1.3876
89634107	2.3938	2.1322	-1.6639
89634108	2.5427	2.1164	-1.3778
89634109	2.6284	2.0111	-1.3684
89634110	2.7941	2.2384	-0.7935
89634111	2.9313	2.2459	-0.6958
89634112	2.8910	2.1441	-0.6414
89634113	2.9584	1.9486	-0.4860
89634114	2.9934	1.7899	-0.4757
89634115	3.0715	2.1247	-0.2839
89634116	2.7871	1.9141	-0.1698
89634117	2.8015	2.0025	-0.2885
89634118	2.8209	2.0802	-0.2573
89634119	2.4103	1.9067	-0.3971
89634120	2.0167	1.3302	0.0477
89634121	1.7226	0.9660	-0.1834
89634122	1.5517	1.0617	-0.0547
89634123	1.3299	0.6312	-0.0830
89634124	1.4635	0.9114	-0.2005
89634125	1.3748	0.3763	-0.3981
89634126	1.3014	0.3726	-0.6649
89634127	1.0754	0.3273	-0.2136
89634128	0.8454	0.5324	-0.6260
89634129	1.0622	1.0390	-0.5693
89634130	0.8255	1.0436	-0.4900
89634131	0.7558	1.1194	-0.7699
89634132	0.7850	1.0602	-1.0059
89634133	0.8343	1.4935	-0.8524
89634134	0.7759	1.4581	-0.9377
89634135	0.6786	1.0247	-0.9157
89634136	0.4377	0.8444	-0.5188
89634137	0.3758	0.5127	-0.6009
89634138	0.2398	0.3875	-0.6712
89634139	0.4218	0.3038	-0.4088
89634140	0.0639	0.0919	-0.0842
89634141	-0.0057	0.1216	-0.9943
89634142	-0.4084	-0.2080	-0.5054
89634143	-0.7220	-0.2216	-0.5836
89634144	-1.0124	-0.8133	-0.2007
89634145	-1.2137	-0.6922	-0.1545
89634146	-1.6112	-1.1209	-0.0657
89634147	-1.6516	-1.1983	-0.1580
89634148	-1.8686	-1.6565	0.0758
89634149	-2.3018	-2.1179	0.3186
89634150	-2.3711	-2.2728	0.2411
89634151	-2.7563	-2.2354	0.6993
89634152	-2.6903	-2.7382	0.3246
89634153	-2.6345	-2.4892	0.1283
89634154	-2.9316	-2.6981	0.4433
89634155	-3.0283	-2.9044	0.5480
89634156	-2.9644	-3.0013	-0.1224
89634157	-2.7635	-2.5937	-0.2402
89634158	-2.8361	-2.9179	-0.6576
89634159	-2.5331	-2.4103	-0.5747
89634160	-2.0985	-2.0464	-0.1458
89634161	-1.7141	-1.9220	-0.5609
89634162	-1.3375	-1.3252	-0.4329
89634163	-1.0963	-0.7894	-0.7573
89634164	-0.4910	-0.2547	-0.6271
89634165	-0.0142	-0.0948	-0.4224
89634166	0.4665	0.3990	-1.0755
89634167	0.8318	0.5463	-1.3869
89634168	1.3586	0.8647	-0.8983
89634169	1.9883	1.4393	-0.8458
89634170	2.3956	1.6345	-1.4088
89634171	2.4553	1.9166	-1.1863
89634172	2.4905	1.7730	-0.7485
89634173	2.8172	2.3821	-0.5181
89634174	2.9108	2.4769	-0.3620
89634175	3.0027	2.8254	-0.5512
89634176	2.9215	2.6585	-0.5851
89634177	2.9252	2.6909	-1.2342
89634178	2.7317	2.8665	-1.4711
89634179	2.4770	2.7041	-1.6242
89634180	2.4109	2.5998	-1.7928
89634181	1.8547	1.9538	-1.7820
89634182	1.2131	0.9649	-1.7846
89634183	0.5556	0.5713	-1.6088
89634184	0.0213	0.0119	-1.6590
89634185	-0.5312	-0.6002	-1.4746
89634186	-1.2121	-1.1623	-1.2661
89634187	-1.2908	-1.2851	-1.7055
89634188	-2.0623	-2.1881	-1.2351
89634189	-2.3447	-2.4262	-1.1954
89634190	-2.7222	-2.8498	-1.0832
89634191	-2.5783	-2.5940	-1.3821
89634192	-2.5084	-2.7802	-1.6741
89634193	-2.4951	-2.8594	-0.8808
89634194	-2.3000	-2.5831	-0.9794
89634195	-2.0451	-2.4388	-1.2191
89634196	-1.5553	-2.1587	-0.9306
89634197	-1.0282	-1.4341	-0.5793
89634198	-1.1207	-2.1709	0.9759
89634199	-0.5572	-1.8416	0.6576
89634200	0.0847	-1.3786	0.7468
89634201	0.5361	-0.6913	1.2331
89634202	1.0804	-0.0062	1.3555
89634203	1.3827	0.3173	1.3778
89634204	2.0382	0.8014	1.0222
89634205	2.1356	0.7976	0.6621
89634206	2.5619	1.3167	0.5186
89634207	2.7661	1.6251	0.2020
89634208	2.6100	1.7749	0.3115
89634209	2.6111	1.7698	0.0564
89634210	2.1258	1.0612	0.1295
89634211	1.9598	0.9620	-0.0323
89634212	1.4110	0.7032	-0.2698
89634213	0.9515	0.3584	-0.1747
89634214	0.3919	0.1709	-0.7250
89634215	-0.5096	-0.8248	-1.0053
89634216	-1.1916	-1.4254	-0.9909
89634217	-1.9042	-1.7600	-0.9579
89634218	-2.2851	-2.0847	-0.9824
89634219	-2.6333	-2.3799	-1.3916
89634220	-2.8007	-2.5993	-1.2018
89634221	-2.6391	-2.3509	-1.2140
89634222	-2.5053	-2.4493	-1.0350
89634223	-2.0177	-2.2217	-0.3859
89634224	-1.2395	-1.5257	0.0546
89634225	-0.2776	-0.9766	-0.2642
89634226	0.8532	0.2623	-0.5557
89634227	1.8965	0.8630	-0.4218
89634228	2.9954	1.9485	0.0663
89634229	3.8480	2.8786	0.3815
89634230	4.5280	3.5897	1.0270
89634231	5.0049	4.3935	1.1459
89634232	5.0735	4.4372	1.2309
89634233	4.9079	4.6321	1.0498
89634234	4.2306	4.4876	0.6047
89634235	3.1798	4.1187	0.1837
89634236	1.2898	2.6301	0.1798
89634237	-0.7229	1.2831	-0.1808
89634238	-2.7860	-0.5139	-0.5984
89634239	-4.4539	-1.7208	-0.7207
89634240	-6.1020	-3.4437	-0.9944
89634241	-7.4223	-4.9743	-0.8442
89634242	-8.0200	-6.0261	-0.5065
89634243	-7.4241	-6.0744	-0.2604
89634244	-5.6219	-4.7954	-0.5166
89634245	-3.0579	-3.2653	-0.0673
89634246	0.1710	-0.9054	-0.6723
89634247	3.8137	1.4872	-0.7519
89634248	6.9629	3.8470	-0.5671
89634249	9.1938	5.9757	-0.2041
89634250	10.2422	7.5741	-0.0978
89634251	9.7716	7.8598	-0.3199
89634252	7.9756	7.0281	-0.0614
89634253	4.6710	5.1627	-0.4284
89634254	0.8534	2.3581	-1.1503
89634255	-3.0253	-0.1754	-1.3928
89634256	-6.3211	-2.5531	-1.8030
89634257	-8.3362	-4.4858	-2.0961
89634258	-8.7030	-5.6867	-1.8888
89634259	-7.5258	-5.3142	-2.1532
89634260	-4.8793	-3.2098	-2.2569
89634261	-1.5354	-0.6913	-2.0800
89634262	1.8294	1.6984	-2.4564
89634263	4.1579	3.9148	-1.6671
89634264	5.1878	4.8693	-1.1179
89634265	5.4070	5.1496	-1.7825
89634266	4.3009	4.3135	-1.0404
89634267	2.8087	2.8090	-1.3995
89634268	1.3570	1.1496	-1.4001
89634269	0.5301	0.1441	-1.8681
89634270	-0.6389	-0.5783	-1.1361
89634271	-0.9446	-0.6189	-0.7797
89634272	-0.8537	-0.4408	-0.3670
89634273	-0.8289	-0.0364	-0.1624
89634274	-0.8346	0.6671	-0.2895
89634275	-1.1518	0.5240	-0.2702
89634276	-1.4714	0.6251	-0.2395
89634277	-1.7022	0.4537	-0.0693
89634278	-1.6113	0.6664	-0.2483
89634279	-1.0642	0.2105	0.0849
89634280	-0.3444	0.3165	-0.2812
89634281	0.1412	0.5133	-0.1005
89634282	0.6584	0.4967	-0.0865
89634283	0.8900	1.1037	-0.6203
89634284	0.6394	1.0738	-0.2670
89634285	0.6447	0.8804	-0.2026
89634286	0.2804	0.6703	-0.3363
89634287	0.1158	0.9400	-0.0951
89634288	-0.3016	1.3349	-0.6812
89634289	-0.2340	1.8629	-1.1708
89634290	-0.1996	1.6855	-1.6694
89634291	-0.2494	1.6449	-2.0846
89634292	-0.3725	1.0950	-1.9307
89634293	-0.3398	0.8442	-1.3251
89634294	-0.2411	0.3147	-1.1400
89634295	-0.0649	0.1733	-0.6561
89634296	-0.1635	-0.2043	-0.5486
89634297	-0.3421	-0.3947	-0.2368
89634298	-0.5051	-0.5505	0.0241
89634299	-0.4808	-0.6572	0.2998
89634300	-0.2500	-0.5369	0.0899
89634301	-0.2308	-1.0640	0.3309
89634302	-0.1466	-1.1263	1.0096
89634303	0.1496	-0.7749	0.3362
89634304	0.1089	-0.9451	1.1144
89634305	-0.0853	-0.6504	1.1726
89634306	-0.2790	-0.3348	1.4916
89634307	-0.3125	0.3144	1.2683
89634308	-0.4582	1.1557	0.9894
89634309	-0.6515	1.4542	0.5533
89634310	-0.8182	1.7543	-0.5445
89634311	-0.7807	1.8940	-1.5062
89634312	-0.7966	1.5250	-2.5726
89634313	-0.1775	1.5563	-3.2373
89634314	0.1497	1.1842	-3.3567
89634315	0.3751	0.7066	-3.1495
89634316	0.2941	0.2656	-2.3166
89634317	0.5275	0.1209	-2.2400
89634318	0.6454	-0.0921	-1.9625
89634319	0.5387	-0.2187	-1.4645
89634320	0.6425	-0.4182	-0.7450
89634321	0.8693	0.3483	-0.5449
89634322	0.9751	0.3568	-0.3817
89634323	0.5413	0.4322	0.8406
89634324	0.7257	0.9637	0.5190
89634325	0.7193	1.4536	0.3099
89634326	0.5495	1.7544	0.4964
89634327	0.4602	1.9272	-0.1477
89634328	0.1324	2.0179	-0.9932
89634329	-0.0861	1.7696	-1.0568
89634330	0.0200	1.4898	-1.2562
89634331	-0.2623	0.6812	-1.4723
89634332	-0.3011	0.6603	-1.3621
89634333	-0.2535	0.2394	-1.0048
89634334	-0.1734	-0.0790	-1.1757
89634335	-0.4117	-0.3622	-1.5556
89634336	-0.2858	-0.2208	-1.1508
89634337	-0.0815	-0.0036	-1.1982
89634338	0.1884	0.2638	-1.5098
89634339	0.3354	0.9493	-1.2482
89634340	0.4010	0.9338	-0.5680
89634341	0.6842	1.2531	-0.3553
89634342	1.0486	1.5785	-0.8536
89634343	1.2126	1.7613	-0.7960
89634344	1.0483	1.0212	-0.8751
89634345	1.0813	0.5172	-1.0576
89634346	0.5549	-0.1945	-0.1972
89634347	0.4781	-0.6845	-0.2777
89634348	0.1414	-1.0196	-0.1513
89634349	-0.0144	-0.8769	0.0084
89634350	-0.3122	-0.4785	0.1532
89634351	-0.6211	-0.1690	0.0078
89634352	-0.5364	0.1710	-0.2448
89634353	-0.4278	0.2474	-0.4836
89634354	0.0059	0.5542	-1.5299
89634355	0.6088	1.2948	-2.3364
89634356	0.5777	1.1552	-1.5936
89634357	0.4631	1.0991	-1.3842
89634358	0.7739	1.0951	-1.3410
89634359	0.8913	0.4339	-1.4010
89634360	0.9392	0.6878	-1.5709
89634361	0.3814	-0.3761	-0.2578
89634362	0.2247	-0.9232	-0.0534
89634363	0.1296	-0.8075	0.3627
89634364	0.0893	-0.5536	-0.1138
89634365	0.0188	-0.2438	-0.6727
89634366	0.0928	-0.2074	-0.5853
89634367	0.1332	0.0992	-0.1033
89634368	0.1389	0.2305	0.5252
89634369	0.4834	0.5555	0.1649
89634370	0.5081	0.4503	-0.1103
89634371	0.5207	0.9762	-0.2517
89634372	0.4792	0.6571	-0.4215
89634373	0.7843	1.1190	-0.2696
89634374	0.7626	0.8833	-0.3919
89634375	1.0350	1.2913	-0.4974
89634376	0.8939	1.0450	-0.6141
89634377	0.6967	0.9194	-0.0517
89634378	0.9993	1.0991	-0.7831
89634379	1.1769	1.3584	-0.8032
89634380	1.1159	1.3342	-0.6812
89634381	1.1293	1.6682	-0.5332
89634382	1.3523	1.8434	-0.7551
89634383	1.2019	1.7043	-0.3512
89634384	1.1909	2.0946	-0.4058
89634385	1.1539	2.2175	-0.7326
89634386	0.8828	2.1380	-0.5359
89634387	0.7629	2.2669	-0.5763
89634388	0.5152	2.3829	-0.5974
89634389	0.4596	2.2939	-0.4822
89634390	0.5968	2.0325	-0.5591
89634391	0.4295	1.8355	-0.2965
89634392	0.7087	2.1984	-0.5573
89634393	0.7015	2.1536	-1.0289
89634394	0.7690	1.7110	-0.6909
89634395	0.9025	1.8340	-1.0843
89634396	0.9757	1.8749	-0.9537
89634397	0.7985	1.8608	-0.6549
89634398	0.5444	1.6156	-0.2446
89634399	0.4320	1.3503	-0.3486
89634400	0.2869	1.0107	-0.3076
89634401	0.5864	1.3337	0.1709
89634402	0.3749	0.8669	0.3554
89634403	0.1856	0.6634	0.1434
89634404	0.3216	0.5995	0.0653
89634405	0.6815	1.0474	-0.1178
89634406	0.7177	1.1422	-0.6111
89634407	0.6718	0.9344	-0.2413
89634408	0.4444	1.0205	-0.5366
89634409	0.4453	1.3419	-0.0697
89634410	0.2741	1.3776	-0.3147
89634411	0.1685	1.2974	0.3674
89634412	-0.0104	1.4881	0.5740
89634413	-0.0975	1.7187	0.2649
89634414	-0.2650	1.3381	0.5036
89634415	-0.1906	1.3270	0.5578
89634416	0.0490	1.3364	0.3799
89634417	0.2759	1.3422	0.3717
89634418	0.4815	1.1307	0.6783
89634419	0.4833	0.9355	0.9792
89634420	0.7255	1.0774	0.4249
89634421	0.6397	0.8959	0.6642
89634422	0.5701	0.7758	0.7430
89634423	0.5476	0.8430	0.9510
89634424	0.2910	0.7904	0.8304
89634425	0.2206	0.6505	0.9087
89634426	0.1879	0.7826	0.3675
89634427	0.3682	1.0961	0.4055
89634428	0.0796	0.8577	-0.0449
89634429	0.2206	0.8197	-0.4162
89634430	0.2462	0.9302	-0.5645
89634431	0.3808	1.2381	-0.8048
89634432	0.2024	1.1929	-0.2878
89634433	0.2446	1.4191	0.3085
89634434	0.3956	1.6862	0.2443
89634435	0.5483	1.7633	0.1525
89634436	0.3695	1.5398	0.2641
89634437	0.7544	1.6015	-0.2260
89634438	0.7158	1.7471	-1.0718
89634439	0.8044	1.1974	-0.7176
89634440	0.8082	1.2648	-0.6460
89634441	1.0464	1.2678	-1.1467
89634442	0.9617	1.0915	-0.8831
89634443	0.9693	1.4683	-1.0269
89634444	0.6230	1.3709	-1.1153
89634445	0.8509	1.5371	-0.8150
89634446	0.7034	1.8467	-0.5640
89634447	0.5669	1.3725	-0.4863
89634448	0.6660	1.5960	-0.8866
89634449	0.5690	1.6510	-0.7776
89634450	0.3025	0.9437	-0.8984
89634451	0.3858	0.8840	-1.3513
89634452	0.3870	0.5032	-1.1392
89634453	0.2678	0.6457	-1.0201
89634454	0.1411	0.0641	-1.3697
89634455	-0.3387	-0.1081	-0.7538
89634456	-0.2697	-0.0964	-0.4327
89634457	-0.1938	0.0179	-0.2066
89634458	0.0697	0.1643	-1.2754
89634459	-0.0616	0.2388	-1.2518
89634460	-0.0485	0.3680	-0.7055
89634461	0.0937	0.8157	-1.1427
89634462	-0.0002	0.8117	-1.1899
89634463	0.1380	0.9113	-1.3031
89634464	0.0000	0.0000	0.0000
89634465	0.0000	0.0000	0.0000
89634466	0.0000	0.0000	0.0000
89634467	0.0000	0.0000	0.0000
89634468	0.0000	0.0000	0.0000
89634469	0.0000	0.0000	0.0000
89634470	0.0000	0.0000	0.0000
89634471	0.0000	0.0000	0.0000
89634472	0.0000	0.0000	0.0000
89634473	0.0000	0.0000	0.0000
89634474	0.0000	0.0000	0.0000
89634475	0.0000	0.0000	0.0000
89634476	0.0000	0.0000	0.0000
89634477	0.0000	0.0000	0.0000
89634478	0.0000	0.0000	0.0000
89634479	0.0000	0.0000	0.0000
89634480	0.0000	0.0000	0.0000
89634481	0.0000	0.0000	0.0000
89634482	0.0000	0.0000	0.0000
89634483	0.0000	0.0000	0.0000
89634484	0.0000	0.0000	0.0000
89634485	0.0000	0.0000	0.0000
89634486	0.0000	0.0000	0.0000
89634487	0.0000	0.0000	0.0000
89634488	0.0000	0.0000	0.0000
89634489	0.0000	0.0000	0.0000
89634490	0.0000	0.0000	0.0000
89634491	0.0000	0.0000	0.0000
89634492	0.0000	0.0000	0.0000
89634493	0.0000	0.0000	0.0000
89634494	0.0000	0.0000	0.0000
89634495	0.0000	0.0000	0.0000
89634496	0.0000	0.0000	0.0000
89634497	0.0000	0.0000	0.0000
89634498	0.0000	0.0000	0.0000
89634499	0.0000	0.0000	0.0000
89634500	0.0000	0.0000	0.0000
89634501	0.0000	0.0000	0.0000
89634502	0.0000	0.0000	0.0000
89634503	0.0000	0.0000	0.0000
89634504	0.0000	0.0000	0.0000
89634505	0.0000	0.0000	0.0000
89634506	0.0000	0.0000	0.0000
89634507	0.0000	0.0000	0.0000
89634508	0.0000	0.0000	0.0000
89634509	0.0000	0.0000	0.0000
89634510	0.0000	0.0000	0.0000
89634511	0.0000	0.0000	0.0000
89634512	0.0000	0.0000	0.0000
89634513	0.0000	0.0000	0.0000
89634514	0.0000	0.0000	0.0000
89634515	0.0000	0.0000	0.0000
89634516	0.0000	0.0000	0.0000
89634517	0.0000	0.0000	0.0000
89634518	0.0000	0.0000	0.0000
89634519	0.0000	0.0000	0.0000
89634520	0.0000	0.0000	0.0000
89634521	0.0000	0.0000	0.0000
89634522	0.0000	0.0000	0.0000
89634523	0.0000	0.0000	0.0000
89634524	0.0000	0.0000	0.0000
89634525	0.0000	0.0000	0.0000
89634526	0.0000	0.0000	0.0000
89634527	0.0000	0.0000	0.0000
89634528	0.0000	0.0000	0.0000
89634529	0.0000	0.0000	0.0000
89634530	0.0000	0.0000	0.0000
89634531	0.0000	0.0000	0.0000
89634532	0.0000	0.0000	0.0000
89634533	0.0000	0.0000	0.0000
89634534	0.0000	0.0000	0.0000
89634535	0.0000	0.0000	0.0000
89634536	0.0000	0.0000	0.0000
89634537	0.0000	0.0000	0.0000
89634538	0.0000	0.0000	0.0000
89634539	0.0000	0.0000	0.0000
89634540	0.0000	0.0000	0.0000
89634541	0.0000	0.0000	0.0000
89634542	0.0000	0.0000	0.0000
89634543	0.0000	0.0000	0.0000
89634544	0.0000	0.0000	0.0000
89634545	0.0000	0.0000	0.0000
89634546	0.0000	0.0000	0.0000
89634547	0.0000	0.0000	0.0000
89634548	0.0000	0.0000	0.0000
89634549	0.0000	0.0000	0.0000
89634550	0.0000	0.0000	0.0000
89634551	0.0000	0.0000	0.0000
89634552	0.0000	0.0000	0.0000
89634553	0.0000	0.0000	0.0000
89634554	0.0000	0.0000	0.0000
89634555	0.0000	0.0000	0.0000
89634556	0.0000	0.0000	0.0000
89634557	0.0000	0.0000	0.0000
89634558	0.0000	0.0000	0.0000
89634559	0.0000	0.0000	0.0000
89634560	0.0000	0.0000	0.0000
89634561	0.0000	0.0000	0.0000
