89633311	1.1694	0.7146	-1.0312
89633312	0.9876	0.4706	-1.0241
89633313	1.1192	0.3996	-0.9586
89633314	1.2760	0.2516	-1.2405
89633315	1.2079	0.3500	-1.0713
89633316	1.3255	0.6046	-0.8289
89633317	1.1031	0.3996	-0.7847
89633318	1.1601	0.3218	-0.7495
89633319	1.2885	1.1403	0.2871
89633320	0.9767	1.1771	-0.5259
89633321	1.1489	1.4229	-0.2128
89633322	0.9034	1.1950	-0.8802
89633323	0.7852	1.1493	-0.7870
89633324	0.6526	1.5388	-0.3487
89633325	0.7965	1.3217	-0.8466
89633326	0.7551	0.5140	-1.3635
89633327	1.0507	1.0740	-0.5202
89633328	0.8395	-0.0902	-1.4295
89633329	1.0806	-0.1085	-1.5850
89633330	1.0302	-0.0491	-1.1100
89633331	1.3132	0.3523	-0.8053
89633332	1.0082	0.2962	-0.6843
89633333	1.0536	0.7972	-0.2884
89633334	0.6041	0.7657	-0.4971
89633335	0.6052	1.1347	-0.4859
89633336	0.6054	1.1467	0.0094
89633337	0.4694	1.0780	-0.6440
89633338	0.6237	0.7375	-0.5975
89633339	0.8399	0.8112	-0.5924
89633340	0.6154	0.3955	-1.3283
89633341	0.7524	1.0133	-1.3008
89633342	0.9099	0.4144	-1.1189
89633343	0.8900	0.3986	-0.8140
89633344	0.8994	0.4281	-0.9280
89633345	1.0393	0.9227	-0.8002
89633346	0.7568	0.5173	-0.8437
89633347	0.7557	0.8220	-0.6512
89633348	0.8823	1.2209	-0.5220
89633349	0.7558	1.2449	-0.5409
89633350	0.9702	0.8235	-0.8150
89633351	1.1472	0.8890	-0.9011
89633352	1.1569	0.5690	-0.8178
89633353	1.2722	1.1353	0.1501
89633354	0.9847	0.6174	-0.6264
89633355	1.1245	0.7290	-0.7109
89633356	1.1578	0.5564	-0.0846
89633357	1.2570	0.5932	-0.1674
89633358	1.0416	0.5170	-0.4992
89633359	1.0113	0.3728	-0.0389
89633360	1.0396	0.5179	0.0872
89633361	0.6965	0.4371	-0.8468
89633362	0.7891	0.3606	-0.5385
89633363	0.7006	0.2373	-1.2046
89633364	0.7490	1.1073	0.1151
89633365	0.5761	0.6299	-0.8873
89633366	0.3778	0.6457	-1.3288
89633367	0.6420	0.6604	-0.5850
89633368	0.7038	0.2833	-0.7806
89633369	0.7122	0.4798	-0.7067
89633370	0.6625	0.3037	-0.9127
89633371	0.7852	0.1294	-1.3426
89633372	0.7329	-0.3403	-1.3018
89633373	0.9315	0.1397	-1.1456
89633374	0.7699	0.5839	-1.0180
89633375	0.8337	0.4262	-0.9777
89633376	0.6346	0.5253	-1.0989
89633377	0.7806	0.7282	-1.9954
89633378	0.7725	0.7739	-1.1536
89633379	0.8424	0.9769	-1.3447
89633380	1.0239	0.8303	-0.9466
89633381	0.8513	0.7017	-1.0879
89633382	0.9887	0.8669	-0.8316
89633383	1.0760	1.0450	-1.0211
89633384	1.2558	0.7024	-1.0160
89633385	0.9539	0.9814	-0.9281
89633386	1.3281	0.9971	-0.1756
89633387	1.0816	0.3662	-1.2026
89633388	1.1293	0.6211	-0.8391
89633389	0.9219	0.2686	-1.0736
89633390	0.7307	0.2998	-1.6099
89633391	1.0368	0.8227	-1.2688
89633392	0.9052	0.8765	-1.6501
89633393	0.7455	0.5008	-1.8588
89633394	0.7754	0.6962	-1.7742
89633395	1.1516	1.0718	-1.4480
89633396	1.0623	0.8696	-1.1787
89633397	1.0262	0.7636	-1.0787
89633398	1.1160	0.8947	-0.4636
89633399	1.1075	0.9937	-0.3233
89633400	1.2371	0.9748	-0.4369
89633401	1.2521	0.6256	-0.4320
89633402	1.0511	0.5857	-0.3994
89633403	1.0954	0.4565	-0.2201
89633404	0.8022	0.0826	-1.3505
89633405	0.8469	0.0383	-1.4537
89633406	0.6180	0.4147	-2.0794
89633407	0.6612	0.1730	-1.3133
89633408	0.7086	0.4067	-1.2320
89633409	0.7167	-0.4398	-1.6655
89633410	0.7953	0.2604	-0.8473
89633411	0.7990	0.4821	-1.1432
89633412	0.9932	0.6114	0.1929
89633413	0.8329	0.1770	-0.2348
89633414	0.7773	0.2725	0.2548
89633415	0.5768	0.0586	-0.5321
89633416	0.8104	-0.0279	-0.2739
89633417	0.6760	0.1859	-0.6065
89633418	0.6144	0.0752	-1.3967
89633419	0.4912	0.2792	-0.6172
89633420	0.3763	0.2115	-1.5741
89633421	0.5882	0.4012	-1.3347
89633422	0.4016	0.5078	-1.7224
89633423	0.4145	1.4039	-1.4319
89633424	0.4825	0.9486	-1.3986
89633425	0.5810	0.3612	-1.3703
89633426	0.4672	0.3177	-1.4427
89633427	0.7456	0.6392	-0.8714
89633428	0.6204	0.2093	-1.0040
89633429	0.7881	-0.2755	-0.7953
89633430	0.9158	0.0265	-0.9729
89633431	0.8203	-0.1758	-1.2087
89633432	0.7078	0.3810	-1.6320
89633433	0.4416	0.0416	-2.0434
89633434	0.4932	0.1282	-1.7032
89633435	0.5044	0.7652	-0.9462
89633436	0.6619	0.9544	-0.9155
89633437	0.5615	1.3128	-0.6288
89633438	0.3460	1.1092	-1.2026
89633439	0.5287	1.0576	-0.9587
89633440	0.5823	1.1033	-1.4843
89633441	0.5102	0.9396	-0.6334
89633442	0.4802	0.5897	-1.2856
89633443	0.4612	0.0573	-1.3845
89633444	0.6057	0.2153	-1.2557
89633445	0.6177	0.0541	-1.3268
89633446	0.5931	-0.2569	-1.1262
89633447	0.4532	0.2516	-1.0323
89633448	0.4600	0.1191	-1.3408
89633449	0.2648	0.4242	-1.3072
89633450	0.2326	0.6587	-1.0339
89633451	0.3196	0.8906	-0.8325
89633452	0.1306	0.6543	-1.0396
89633453	0.3476	0.5498	-1.3485
89633454	0.4311	0.6031	-1.0867
89633455	0.4787	0.6346	-0.7868
89633456	0.2336	-0.0112	-0.8270
89633457	0.4598	0.1434	-0.7712
89633458	0.6321	0.3644	-0.9571
89633459	0.5933	0.0248	-1.2932
89633460	0.6421	-0.0634	-1.3511
89633461	0.7534	-0.1432	-1.3046
89633462	0.9405	0.3738	-0.7785
89633463	0.8395	0.5796	-0.4350
89633464	0.8019	0.5186	-1.2513
89633465	0.5756	0.3163	-0.7265
89633466	0.5288	-0.0963	-1.1804
89633467	0.4358	0.1369	-1.3468
89633468	0.2486	0.2183	-1.3106
89633469	0.4229	0.4247	-1.3115
89633470	0.3266	-0.0004	-1.4678
89633471	0.3897	-0.2078	-1.5025
89633472	0.4180	0.0484	-1.2718
89633473	0.6465	0.5787	-1.4086
89633474	0.2966	0.0161	-1.2904
89633475	0.4814	0.3592	-0.7999
89633476	0.6247	-0.0121	-1.3406
89633477	0.5983	0.4755	-0.5759
89633478	0.4934	0.5810	-0.1452
89633479	0.2709	-0.1592	-0.8167
89633480	0.6109	0.5694	-0.6654
89633481	0.3895	0.0612	-1.0550
89633482	0.2374	-0.0755	-1.4550
89633483	0.2574	-0.1895	-1.7089
89633484	0.3992	-0.0682	-1.8538
89633485	0.3273	-0.2664	-1.7784
89633486	0.4609	-0.0111	-1.4153
89633487	0.4269	-0.1266	-1.8445
89633488	0.4023	0.5532	-1.0349
89633489	0.2636	0.3997	-1.0514
89633490	0.3351	0.2716	-0.8388
89633491	0.2853	0.3702	-0.9765
89633492	0.1383	0.6723	-0.8633
89633493	0.0347	0.4887	-1.2173
89633494	0.1567	-0.0780	-1.4470
89633495	0.0196	-0.1168	-0.9233
89633496	0.0939	-0.3906	-1.6908
89633497	-0.0160	-0.5082	-1.6122
89633498	0.0302	-0.5313	-2.4182
89633499	-0.0682	-0.3935	-2.1116
89633500	0.1774	-0.1059	-1.5857
89633501	0.1967	0.0588	-1.2381
89633502	0.1257	-0.0260	-1.3618
89633503	0.2848	0.5326	-1.0540
89633504	0.3403	0.3733	-0.9393
89633505	0.4787	0.5011	-0.5481
89633506	0.4830	0.2512	-0.9632
89633507	0.5613	0.0886	-1.1466
89633508	0.6803	0.3109	-0.5699
89633509	0.4191	0.3087	-1.0491
89633510	0.2689	-0.3064	-2.0147
89633511	0.2833	-0.0587	-1.2715
89633512	0.4376	-0.0316	-0.8898
89633513	0.3651	0.1741	-1.1871
89633514	0.3472	-0.0196	-1.2530
89633515	0.2035	-0.1453	-0.9381
89633516	0.4593	-0.3258	-1.1565
89633517	0.3941	-0.3237	-0.7538
89633518	0.4973	-0.0473	-0.3608
89633519	0.2852	-0.2605	-0.6723
89633520	0.3130	-0.0437	-0.1820
89633521	0.3875	0.3284	-0.5933
89633522	0.4960	0.3154	-0.8554
89633523	0.2900	0.1208	-0.7811
89633524	0.1773	-0.1869	-1.5404
89633525	0.3336	0.1845	-1.3571
89633526	0.1157	-0.2883	-1.0952
89633527	0.2445	-0.0686	-1.4050
89633528	0.2957	0.3526	-1.1739
89633529	0.2674	0.2175	-1.2101
89633530	0.2636	0.3904	-1.3354
89633531	0.4669	0.3369	-0.3733
89633532	0.4133	0.3864	-0.0489
89633533	0.4262	0.0573	-1.2247
89633534	0.6882	0.1511	-0.5693
89633535	0.7129	0.1008	-0.2776
89633536	0.8372	-0.2713	-0.9263
89633537	0.7351	-0.1043	-1.0506
89633538	0.4591	-0.2241	-1.3464
89633539	0.6929	-0.8848	-1.8786
89633540	0.5916	-0.4337	-1.2506
89633541	0.7346	-0.0118	-0.7926
89633542	0.6462	-0.1303	-1.1294
89633543	0.6341	-0.1998	-0.5769
89633544	0.3783	0.0949	-0.6737
89633545	0.6138	0.1811	-0.1920
89633546	0.6466	0.2454	0.1772
89633547	0.3633	0.4889	-0.4693
89633548	0.4129	0.0445	-0.2905
89633549	0.3700	-0.1033	-0.6332
89633550	0.5452	0.1172	-0.6207
89633551	0.5917	0.2675	-0.6895
89633552	0.4286	-0.3129	-1.1453
89633553	0.6296	0.1476	-0.3444
89633554	0.3223	-0.7895	-0.8327
89633555	0.4952	-0.5073	-1.5376
89633556	0.4053	0.0387	-0.9423
89633557	0.2351	0.2041	-0.7332
89633558	0.3639	0.2547	-0.4380
89633559	0.4465	0.7340	-0.5141
89633560	0.4667	0.5361	-0.6710
89633561	0.6595	0.7599	-0.3192
89633562	0.4374	0.7368	-0.6578
89633563	0.4366	0.7018	0.0937
89633564	0.7665	0.8939	-0.0625
89633565	0.7041	0.6248	0.1578
89633566	0.7314	0.7515	0.1027
89633567	0.4926	0.6559	0.5093
89633568	0.2601	0.1565	0.0132
89633569	0.3287	0.2480	-0.7910
89633570	0.3923	-0.2602	-1.1571
89633571	0.2147	0.1591	-0.7350
89633572	0.2443	-0.0439	-0.9347
89633573	0.1926	0.5875	-0.4487
89633574	0.1016	0.7839	-0.5375
89633575	0.3439	0.5497	-0.6427
89633576	0.4406	0.5804	-0.1807
89633577	0.3204	0.3796	-0.6012
89633578	0.4723	0.3083	-0.9078
89633579	0.5875	0.5186	-0.4915
89633580	0.4774	0.1740	-0.1259
89633581	0.5964	-0.0273	-0.6586
89633582	0.5230	0.0125	-0.6456
89633583	0.4906	-0.5309	-1.0345
89633584	0.5553	-0.2114	-0.8077
89633585	0.4219	0.0840	-0.2743
89633586	0.3597	0.0189	-0.2003
89633587	0.1256	-0.1024	-0.7418
89633588	0.2978	-0.0915	-0.4947
89633589	0.3413	0.7083	-0.3316
89633590	0.2420	0.5697	-0.5696
89633591	0.4242	0.6335	0.0912
89633592	0.4196	0.2204	-0.6285
89633593	0.7924	0.6483	0.6401
89633594	0.7530	0.3176	0.2011
89633595	0.8227	0.6349	1.0798
89633596	0.9046	-0.0293	0.2012
89633597	0.5753	-0.4343	-0.3897
89633598	0.6491	-0.1977	-0.2461
89633599	0.4489	-0.1052	-0.5382
89633600	0.5783	0.4835	-0.2437
89633601	0.3838	0.0240	-0.7246
89633602	0.2671	0.2972	-0.8401
89633603	0.5024	0.1673	-0.5633
89633604	0.4843	0.5765	-0.4133
89633605	0.4061	0.3321	-0.3087
89633606	0.6174	-0.0242	0.2606
89633607	0.7508	0.2895	0.3648
89633608	0.7338	0.4208	0.8057
89633609	0.6926	0.1017	0.2178
89633610	0.5766	0.0678	-0.0182
89633611	0.6981	0.5121	0.0626
89633612	0.6931	0.2966	-0.3432
89633613	0.5391	0.4810	-0.5600
89633614	0.3694	0.1570	-1.1281
89633615	0.4986	0.0268	-0.8408
89633616	0.7284	0.3994	-0.9976
89633617	0.5177	-0.2757	-1.4987
89633618	0.8277	-0.0950	-0.3610
89633619	0.8419	0.4298	-0.4389
89633620	0.7486	-0.3693	-0.2438
89633621	1.0008	-0.3441	-0.9000
89633622	0.8041	0.1708	-0.4789
89633623	0.7877	0.2508	-0.7647
89633624	0.6884	0.1620	-0.0021
89633625	0.8115	0.2723	0.0097
89633626	0.7662	0.0680	-0.8462
89633627	0.8505	0.1024	0.0164
89633628	0.6665	-0.2075	-0.3704
89633629	0.7740	-0.4109	-0.6414
89633630	0.9335	0.2087	-0.1078
89633631	0.9697	0.2362	-0.4370
89633632	0.9389	0.2990	-0.5505
89633633	0.8851	0.0460	-0.1562
89633634	0.7411	0.2048	-0.1086
89633635	0.6283	0.0209	-0.2857
89633636	0.6618	-0.0392	-0.0636
89633637	0.5743	-0.0837	-0.6795
89633638	0.4793	0.7172	0.1449
89633639	0.5049	-0.0343	-1.0015
89633640	0.3216	-0.5164	-1.3343
89633641	0.4479	-0.0076	-1.0913
89633642	0.7287	0.0241	-0.7821
89633643	0.5629	-0.2002	-0.8528
89633644	0.7642	-0.0298	-0.4553
89633645	0.5217	0.1076	-0.3778
89633646	0.7822	0.3286	0.2330
89633647	0.7271	0.7349	0.1235
89633648	0.7587	0.3320	0.1400
89633649	0.6421	0.4608	-0.2461
89633650	0.6729	-0.0409	-0.6355
89633651	0.6764	0.2696	-0.4764
89633652	0.3296	0.4351	-1.1079
89633653	0.3829	0.0889	-1.0027
89633654	0.3444	-0.0752	-0.3374
89633655	0.1916	-0.2063	-0.7585
89633656	0.5648	-0.0620	-0.3365
89633657	0.6300	-0.1758	0.0390
89633658	0.4541	-0.1876	-0.6645
89633659	0.5209	0.1195	-0.3732
89633660	0.6738	0.7604	-0.4836
89633661	0.6631	0.5127	-0.1713
89633662	0.5510	0.4442	-0.2543
89633663	0.3728	0.8762	-0.5514
89633664	0.2480	1.0123	-0.3784
89633665	0.3845	1.3663	-0.0620
89633666	0.1411	0.8725	-0.9005
89633667	-0.1628	0.4384	-0.7933
89633668	-0.0863	0.3229	-0.3554
89633669	0.1237	0.2902	-0.8106
89633670	0.1027	0.0728	-0.1103
89633671	0.1365	-0.2937	-0.4575
89633672	0.4013	0.0074	-0.0899
89633673	0.0993	0.3215	-0.3916
89633674	0.0484	-0.5334	-0.3959
89633675	0.0136	-0.4885	-0.5179
89633676	-0.1147	-0.1247	-0.5139
89633677	0.1297	0.0591	-0.5224
89633678	0.0438	0.5938	0.2065
89633679	0.0231	0.3019	0.1881
89633680	0.0795	0.4236	-0.1690
89633681	0.1940	0.6813	0.3337
89633682	0.0020	0.5701	0.1678
89633683	0.1133	1.0391	-0.1217
89633684	0.1778	0.5879	0.0542
89633685	0.3564	0.2511	-0.6204
89633686	0.3279	0.3613	-0.3329
89633687	0.3625	0.0433	-0.5077
89633688	0.1606	-0.5011	-0.4144
89633689	0.3782	0.0833	0.0657
89633690	0.5231	0.0551	0.0429
89633691	0.3973	0.1804	0.5895
89633692	0.5301	0.7013	0.6159
89633693	0.6439	0.3129	0.9369
89633694	0.7065	0.1023	0.4547
89633695	0.5102	0.4103	0.4858
89633696	0.6394	-0.0922	0.7291
89633697	0.5941	-0.6080	0.4439
89633698	0.5172	-0.4908	-0.1160
89633699	0.7046	-0.2943	0.0803
89633700	0.5847	-0.4376	0.8051
89633701	0.8993	-0.9436	0.2506
89633702	1.1569	-0.7580	0.0946
89633703	0.8509	-1.1109	0.0611
89633704	0.9166	-1.3149	-0.3496
89633705	0.9900	-1.0213	0.1341
89633706	0.9896	-1.1533	0.5773
89633707	0.9518	-0.4604	0.5203
89633708	0.7085	-0.7548	0.2108
89633709	0.3983	-0.3430	0.6528
89633710	0.1438	-0.1471	-0.1043
89633711	0.0656	0.0038	-0.2402
89633712	-0.4094	0.3511	-0.6950
89633713	-0.5929	0.4128	-0.3132
89633714	-0.4818	0.7216	0.4516
89633715	-0.5858	0.0834	-0.5364
89633716	-0.3073	-0.3668	-1.1435
89633717	-0.0986	-0.3960	-0.9610
89633718	0.1940	-0.5321	-0.6081
89633719	0.1613	-0.4829	-0.5721
89633720	0.5778	-0.3165	-0.3875
89633721	0.7139	-1.2645	-0.4640
89633722	0.9269	-1.0467	0.5729
89633723	1.0524	-1.4827	0.2548
89633724	0.9395	-0.8731	-0.0737
89633725	0.8396	-0.6809	-0.5597
89633726	0.7568	-0.6877	-0.7888
89633727	0.6906	-0.6684	-1.0256
89633728	0.5452	-0.4064	-0.9397
89633729	0.3272	-0.9525	-1.1042
89633730	0.4787	-0.8716	-0.6873
89633731	0.3429	-0.7845	-0.4236
89633732	0.2852	-0.4810	-0.4316
89633733	0.4522	-0.6626	-0.0083
89633734	0.5736	-0.4886	0.2652
89633735	0.6734	-1.1518	0.3371
89633736	0.6043	-1.0214	0.4398
89633737	0.4607	-0.6017	0.3517
89633738	0.3292	-0.5425	0.4329
89633739	0.6453	-0.2291	0.4138
89633740	0.7540	-0.1707	0.3714
89633741	0.8282	0.2308	-0.0273
89633742	0.8700	0.2635	-0.8264
89633743	0.9956	0.2529	-1.0919
89633744	1.1938	0.4865	-0.9560
89633745	1.5654	1.2392	-1.1531
89633746	1.9584	2.2562	0.1847
89633747	2.4723	2.6525	0.0121
89633748	2.8464	4.0189	0.2072
89633749	3.2562	4.8940	0.3601
89633750	3.8732	6.3303	-0.3563
89633751	4.4601	6.2330	-0.9856
89633752	5.1877	6.9436	-1.5003
89633753	5.7821	8.5647	-1.0239
89633754	6.4285	9.5512	-1.9300
89633755	7.0453	10.1583	-1.7141
89633756	7.7920	11.0877	-1.8481
89633757	8.4466	11.8051	-2.2887
89633758	8.8883	12.2626	-2.5190
89633759	8.9524	12.3587	-1.7395
89633760	9.0775	11.8530	-1.4466
89633761	8.9957	10.8576	-1.5428
89633762	8.3081	9.6802	-0.8013
89633763	7.0971	7.8096	-0.6565
89633764	5.3461	5.5350	0.6635
89633765	3.2462	1.9260	0.5069
89633766	0.7322	-1.6491	0.4801
89633767	-1.6520	-5.4158	0.1794
89633768	-4.6354	-9.5170	0.4157
89633769	-7.6010	-14.1197	1.5153
89633770	-10.3654	-17.4124	2.2758
89633771	-12.9188	-18.8130	2.8612
89633772	-14.3607	-19.5207	2.8343
89633773	-12.7325	-15.6401	2.9245
89633774	-10.9722	-12.7243	2.7691
89633775	-7.9285	-7.7420	2.5624
89633776	-3.9907	-1.4205	2.0510
89633777	1.6586	6.6051	0.2424
89633778	6.9492	13.7892	-0.1563
89633779	9.5622	18.6253	-1.0425
89633780	11.3170	20.3079	-1.7944
89633781	10.6155	17.9348	-3.1397
89633782	7.6844	11.1901	-4.0436
89633783	4.4998	4.6714	-4.5299
89633784	1.3013	-1.4507	-3.9310
89633785	-2.1564	-6.9447	-3.8001
89633786	-3.7808	-10.4079	-3.3882
89633787	-3.7576	-10.8991	-2.0909
89633788	-2.6908	-8.5281	-0.6024
89633789	-0.7207	-4.5220	-0.6137
89633790	1.0753	-1.2245	0.7889
89633791	1.7300	0.9000	1.0606
89633792	1.8535	1.9083	0.9195
89633793	2.8531	2.0984	0.1151
89633794	3.7983	2.1109	0.4412
89633795	3.3523	2.1712	0.9241
89633796	2.2797	1.8595	1.8471
89633797	0.8897	2.0222	2.1941
89633798	-0.1536	1.7281	2.3914
89633799	-0.8489	2.1401	1.6018
89633800	-0.8228	1.3775	-0.1600
89633801	-0.3393	1.2015	0.1321
89633802	-0.2831	-0.3786	-0.1047
89633803	0.0793	-1.5945	-0.4819
89633804	0.0214	-1.6651	0.1666
89633805	-0.0172	-0.2202	-0.5389
89633806	-0.1608	-0.6991	-0.7535
89633807	0.5456	-0.4016	-0.9189
89633808	1.0089	-0.3945	-1.3713
89633809	0.8583	0.3807	-0.9318
89633810	0.9014	0.6148	0.0914
89633811	1.0846	1.2080	0.0292
89633812	1.6079	1.0919	-0.1824
89633813	1.6844	0.9208	0.6465
89633814	1.1352	0.1373	1.1082
89633815	0.3330	0.0681	1.7313
89633816	-0.4890	0.7323	2.2474
89633817	-0.9535	1.3388	1.6337
89633818	-0.3455	1.3406	0.8931
89633819	0.1938	1.9132	0.5536
89633820	0.0712	1.6353	-0.7717
89633821	0.7802	2.2970	-0.5014
89633822	0.6564	0.5449	-0.9583
89633823	0.3702	0.2001	-0.6709
89633824	0.8186	0.8103	-0.6648
89633825	0.5884	1.6250	-0.3286
89633826	0.4435	0.7090	-1.0081
89633827	0.3134	0.1988	-0.9524
89633828	0.8996	0.2475	-1.1540
89633829	0.7055	-0.7249	-0.5865
89633830	0.1041	-0.8887	-0.1844
89633831	0.4672	-0.2029	-0.2487
89633832	0.6428	-0.7878	-1.3237
89633833	1.3888	-1.1347	-0.4310
89633834	1.0443	-0.8132	0.6801
89633835	0.8903	-0.0538	0.6747
89633836	0.5323	0.1620	0.2875
89633837	-0.0569	-0.3372	0.5430
89633838	0.4274	0.3154	0.0835
89633839	0.3138	0.3342	-0.2753
89633840	-0.1172	0.1107	-0.1478
89633841	0.1574	-0.0017	-1.1386
89633842	0.2840	0.0362	-0.6862
89633843	0.3660	0.1700	-0.4064
89633844	0.6027	0.6942	0.2565
89633845	0.5625	0.5076	0.2917
89633846	0.4711	0.3605	1.0837
89633847	0.5574	1.0139	1.0684
89633848	0.9886	0.4935	0.7916
89633849	1.0947	0.3706	-0.1158
89633850	1.3755	0.8164	-0.7033
89633851	1.1722	0.8362	-0.7405
89633852	0.8103	0.3397	-0.9493
89633853	0.5993	0.1062	-0.7611
89633854	0.6596	0.0916	0.0134
89633855	0.1142	0.3228	-0.4669
89633856	-0.1134	0.8051	0.1536
89633857	0.0514	0.7200	0.6717
89633858	0.1339	-0.3661	-0.7394
89633859	-0.0138	-0.1005	-0.1945
89633860	-0.3214	-0.6374	-0.4498
89633861	-0.0207	-0.5827	-1.0117
89633862	0.3172	-0.4516	-1.0012
89633863	0.7122	-0.0435	-1.2590
89633864	0.5674	0.2244	-1.8631
89633865	0.4304	0.8396	-1.5132
89633866	0.4390	0.6021	-1.1269
89633867	0.4469	0.3296	-1.2991
89633868	0.5534	0.8802	-0.7028
89633869	0.2863	0.6666	-1.1177
89633870	0.2341	-0.1084	-1.5508
89633871	0.5123	-0.4720	-0.8407
89633872	0.6494	-0.8345	-0.7768
89633873	0.2402	-0.7067	-0.7778
89633874	0.0749	-0.5011	-0.2614
89633875	-0.0374	-0.5318	0.3746
89633876	-0.2627	-0.3839	-0.6503
89633877	-0.1215	0.3234	0.0924
89633878	-0.1553	-0.4668	-0.5423
89633879	-0.3066	-0.4992	0.2396
89633880	0.1047	-0.3481	-0.0858
89633881	0.2982	-0.0918	-0.2098
89633882	0.5773	0.2582	-0.8957
89633883	0.2897	0.0863	-1.0230
89633884	0.4415	0.5464	-0.9900
89633885	0.2718	0.4515	-0.9922
89633886	0.7146	0.3723	-0.8357
89633887	0.5561	0.4814	-0.5770
89633888	0.5242	0.3207	-0.4338
89633889	0.2015	-0.3645	-0.6013
89633890	0.5918	0.1946	-0.2996
89633891	0.5038	-0.1976	0.8634
89633892	0.2949	-0.0087	-0.0172
89633893	0.1441	0.0885	0.2207
89633894	0.5017	-0.1998	0.2286
89633895	0.5072	0.1844	0.2634
89633896	1.1972	0.5531	-0.7117
89633897	0.8264	1.0810	-0.4687
89633898	0.7574	0.7926	-0.3780
89633899	0.6087	0.5317	-0.7484
89633900	0.6315	0.5519	-0.3529
89633901	0.6666	1.0306	-0.4598
89633902	0.4309	1.1250	-0.1747
89633903	0.2855	0.0376	-1.0110
89633904	0.5705	0.1521	-0.6070
89633905	0.4291	-0.1055	-0.7248
89633906	0.5884	-0.0743	-0.3721
89633907	0.3102	-0.5812	0.2224
89633908	0.2515	-0.2122	0.1211
89633909	0.0439	-0.8472	-0.8369
89633910	0.1514	0.0420	-0.7133
89633911	-0.1146	-0.0694	-0.1862
89633912	0.1371	0.1072	-0.4718
89633913	-0.0109	0.4808	-0.1869
89633914	0.0604	0.3067	-0.2661
89633915	0.0937	-0.1068	-0.4668
89633916	0.0075	0.2242	-0.6051
89633917	0.5671	0.4349	-0.7499
89633918	0.7956	0.5288	-0.5731
89633919	0.5789	-0.3305	-0.6768
89633920	0.5559	0.1653	-0.5485
89633921	0.9429	0.8367	-1.0564
89633922	0.7662	0.6363	-0.5051
89633923	0.4847	0.1325	-0.6414
89633924	0.2921	0.6363	0.6988
89633925	0.4962	0.5273	0.1146
89633926	0.2766	0.1315	0.4630
89633927	0.3074	0.2189	-0.1650
89633928	0.4693	0.8476	-0.0322
89633929	0.9701	1.3848	-0.3927
89633930	0.6809	0.9377	-0.7273
89633931	1.0041	1.1918	-0.8528
89633932	1.0686	1.2524	-1.2348
89633933	1.2404	1.0428	-1.0923
89633934	1.0586	0.6644	-0.7708
89633935	0.6698	0.3064	-0.8656
89633936	0.5368	0.9691	-0.6128
89633937	0.3240	0.1650	-0.6298
89633938	0.6165	0.6905	-0.4570
89633939	0.5648	0.6758	-0.1130
89633940	0.6218	0.5772	-0.0083
89633941	0.4195	0.6425	0.1805
89633942	0.4893	0.5882	0.6039
89633943	0.8401	0.5829	-0.2069
89633944	0.3967	0.2204	-0.6603
89633945	0.4539	0.2296	0.2806
89633946	0.4169	0.0763	-0.7638
89633947	0.2831	-0.0768	-1.1084
89633948	0.2182	0.3177	-0.6009
89633949	0.3114	0.0293	-0.3058
89633950	0.5825	0.0289	-1.6211
89633951	0.7881	0.7817	-0.5853
89633952	0.7648	0.2606	-1.2997
89633953	0.6637	0.8753	-0.8789
89633954	1.2366	1.2606	-0.3434
89633955	1.1550	1.3453	-0.4013
89633956	1.4589	0.9089	-0.1714
89633957	1.6165	1.3819	0.3369
89633958	1.2686	0.8649	0.2514
89633959	1.1949	0.4139	-0.1799
89633960	0.9921	-0.0587	0.2831
89633961	1.2654	-0.1600	-0.1002
89633962	1.3432	0.0321	0.0636
89633963	0.8270	-0.4880	0.1837
89633964	0.7814	-0.3292	-0.3212
89633965	0.4873	-0.2260	-0.4572
89633966	0.3811	-0.4578	-0.6328
89633967	0.3035	-0.4526	-0.8616
89633968	0.5295	0.0794	-0.1111
89633969	0.5807	0.8020	-0.2067
89633970	0.4941	1.1774	-0.0354
89633971	0.5720	0.6585	-0.0668
89633972	0.8149	0.5305	-0.3617
89633973	0.8810	1.2553	-0.3270
89633974	0.7859	0.9248	0.0451
89633975	1.2112	0.5924	-0.5951
89633976	1.1469	0.4421	0.0437
89633977	1.2881	0.1096	-0.1191
89633978	1.1042	0.1720	-0.6583
89633979	1.1916	0.3142	-0.4042
89633980	1.0750	-0.0024	-1.3739
89633981	1.0415	0.1651	-0.9551
89633982	0.5075	0.0832	-1.9142
89633983	0.5135	0.5406	-2.0668
89633984	0.6619	1.1588	-1.7788
89633985	0.2390	0.5875	-1.5565
89633986	0.1858	0.9190	-0.8245
89633987	0.5419	0.8796	-0.8775
89633988	0.8046	0.9191	-0.7235
89633989	0.9616	0.9320	-0.4450
89633990	0.8133	0.3521	-0.9602
89633991	0.8331	0.1461	-1.1331
89633992	0.7739	0.6022	-0.3963
89633993	0.7289	0.1280	-0.8288
89633994	0.9877	0.3912	-0.9061
89633995	0.7706	0.1190	-1.0171
89633996	1.0191	0.2091	-0.4613
89633997	0.7323	-0.0060	-1.4408
89633998	0.6984	0.5877	-1.0849
89633999	0.8952	0.1769	-1.5257
89634000	0.8692	0.0518	-1.9512
89634001	0.6428	0.0246	-1.2233
89634002	0.4616	-0.3380	-1.3022
89634003	0.4392	-0.6446	-0.7384
89634004	0.7150	0.1282	-0.3507
89634005	0.7240	0.2282	-0.9556
89634006	0.8475	0.1552	-0.9746
89634007	0.5362	0.1987	-0.1277
89634008	0.6532	-0.1526	-0.6347
89634009	0.8379	0.5103	0.0974
89634010	0.6105	-0.0075	-0.7847
89634011	0.5171	-0.2870	-0.6126
89634012	0.4153	-0.8077	-1.1718
89634013	0.3938	-0.1887	-0.4862
89634014	0.3628	-0.3638	-0.6022
89634015	0.4130	0.2842	-1.3603
89634016	0.2069	0.2825	-0.3250
89634017	0.6770	0.8590	-0.3981
89634018	0.6153	0.8186	0.0807
89634019	0.6006	0.6593	-0.5812
89634020	0.2889	0.1507	-0.0981
89634021	0.3905	-0.0610	-1.0380
89634022	1.0830	0.2283	-0.8812
89634023	0.7147	0.3866	-0.6921
89634024	0.7435	-0.0346	-1.3058
89634025	0.3180	0.2009	-1.0064
89634026	-0.0817	-0.5090	-0.3856
89634027	0.0439	-0.7410	-0.0838
89634028	0.0883	-0.6887	-0.5953
89634029	0.0636	-0.5221	-0.4203
89634030	-0.2178	-0.3701	-0.1720
89634031	0.2090	0.1705	-0.7026
89634032	-0.0490	0.0539	-0.2259
89634033	0.3738	0.3073	0.1041
89634034	0.5494	0.2282	0.0338
89634035	0.6905	0.8205	0.5359
89634036	0.4909	-0.0881	0.1938
89634037	0.5238	-0.2924	-0.0309
89634038	0.2241	-0.5599	0.7619
89634039	0.2967	-0.6544	-0.4334
89634040	0.4161	-0.3777	-0.3004
89634041	0.2524	-1.0421	-1.8269
89634042	0.4010	-0.4155	-1.6389
89634043	0.1957	-0.4753	-1.3118
89634044	0.4282	0.2546	-1.9024
89634045	0.2547	0.1883	-1.5550
89634046	0.2980	0.9247	-1.2210
89634047	0.8022	1.1103	-1.1699
89634048	0.8094	1.4831	-0.0686
89634049	0.5475	0.8962	-0.3257
89634050	0.5637	0.7754	-0.4045
89634051	1.0830	1.2389	0.2430
89634052	1.0066	0.8574	-0.7010
89634053	1.1240	0.5865	-0.5669
89634054	0.6131	0.2796	-0.8716
89634055	0.7383	0.3749	-1.1311
89634056	-0.1541	-0.6348	-1.5514
89634057	-0.4728	-1.0604	-1.8737
89634058	-0.9688	-0.7567	-1.6897
89634059	-0.5653	-0.8904	-1.4391
89634060	-0.0086	-0.4998	-1.4999
89634061	-0.0114	-0.1471	-0.9977
89634062	0.2481	-0.2613	-1.0341
89634063	0.5268	-0.1244	-0.3293
89634064	0.3891	-0.0729	-1.1609
89634065	0.5494	0.6375	-0.1305
89634066	0.2402	0.5305	-0.0571
89634067	0.4625	0.6165	-1.1787
89634068	0.6265	0.1671	-1.6259
89634069	0.6187	0.7932	-0.5532
89634070	0.5179	0.0350	-1.0046
89634071	0.1675	-0.2247	-0.9110
89634072	0.2150	-0.0031	-1.2172
89634073	0.2693	0.2212	-1.3270
89634074	0.2495	0.4990	-0.2605
89634075	0.0592	0.1383	-0.4924
89634076	0.2989	0.5991	-0.5393
89634077	0.5696	0.6472	-0.3430
89634078	0.1316	-0.1648	-1.0783
89634079	0.6019	0.4676	-0.7956
89634080	0.9004	-0.0136	-0.8385
89634081	0.7077	-0.3342	-0.6381
89634082	0.4155	-0.7524	-0.7332
89634083	0.6434	-0.3870	-0.1708
89634084	0.9598	0.2020	-1.2968
89634085	0.1751	-0.4496	-1.2295
89634086	0.3352	-0.0851	-1.2931
89634087	0.2271	0.0101	-0.5976
89634088	0.3894	0.4425	-0.8936
89634089	0.8773	0.4155	-0.9867
89634090	0.4971	0.1171	-1.1904
89634091	0.5803	0.1359	-0.6931
89634092	0.5928	0.3342	-1.4342
89634093	0.5236	0.2106	-1.4237
89634094	0.5213	0.2954	-1.0642
89634095	0.6121	0.5745	-0.8690
89634096	0.8066	0.6572	-0.8478
89634097	0.5598	0.9536	-1.0526
89634098	0.6622	0.6729	-0.7083
89634099	0.6790	0.2528	-1.2958
89634100	0.6854	0.0520	-1.7246
89634101	0.6386	0.1573	-2.2282
89634102	0.2636	0.2049	-1.1095
89634103	0.1813	-0.2010	-1.5618
89634104	0.1523	0.6701	-2.0154
89634105	0.0837	-0.1220	-1.2138
89634106	0.5602	0.0367	-1.7064
89634107	0.3680	0.2208	-0.8171
89634108	0.9391	0.3591	-0.7432
89634109	0.9827	0.6326	-0.7827
89634110	0.8542	0.4431	-1.4641
89634111	0.9941	0.5178	-0.3734
89634112	0.5770	-0.0937	-0.1132
89634113	0.8476	-0.0916	-1.1879
89634114	0.8768	-0.2195	-1.3983
89634115	0.5334	0.0136	-1.3319
89634116	-0.0567	-0.3008	-1.3421
89634117	-0.0983	-0.2820	-0.7232
89634118	0.0404	-0.5012	-1.5927
89634119	0.1733	-0.0782	-0.7757
89634120	-0.0224	0.3330	-0.4713
89634121	0.2255	0.3230	-0.1619
89634122	0.1800	0.3093	-0.0065
89634123	0.5737	0.3011	0.3540
89634124	0.8944	0.3737	0.0728
89634125	0.9455	-0.1572	-0.8655
89634126	1.0531	0.1504	-0.8662
89634127	0.6543	-0.2413	-1.0994
89634128	0.3279	-0.5212	-1.5634
89634129	0.1943	-0.3381	-2.3899
89634130	-0.0635	-0.4284	-0.8596
89634131	0.1425	-0.1915	-2.1124
89634132	0.6008	0.2560	-1.7904
89634133	0.5692	0.5164	-0.7769
89634134	0.7752	0.3446	-1.4708
89634135	0.6615	0.2996	-1.0303
89634136	0.5960	0.5120	-1.4981
89634137	0.8583	0.4666	-1.2136
89634138	0.9336	0.0458	-1.5361
89634139	1.2287	0.2267	-1.2294
89634140	0.6679	-0.1002	-1.9333
89634141	0.9587	0.7129	-1.7120
89634142	0.2132	-0.4240	-1.4870
89634143	0.2202	-0.4109	-1.2521
89634144	-0.1667	-0.8670	-2.1060
89634145	-0.0088	-0.2640	-2.2728
89634146	-0.2557	-0.6147	-0.8680
89634147	-0.2060	-0.6833	-1.5865
89634148	0.2932	0.0334	-0.7222
89634149	0.4462	0.2354	-1.2663
89634150	0.3460	0.2200	-1.6764
89634151	0.5552	1.0280	-1.0901
89634152	0.9718	0.6486	-1.3078
89634153	0.3386	0.0701	-2.5001
89634154	-0.0484	-0.5692	-2.3464
89634155	-0.2741	-0.7528	-2.6875
89634156	-0.0989	-0.9621	-3.2840
89634157	-0.0017	-0.1882	-2.1303
89634158	0.0667	-0.9663	-2.1506
89634159	0.0603	-0.5286	-1.3552
89634160	0.2746	-0.8368	-0.9031
89634161	0.2863	-0.3376	-0.9815
89634162	0.3312	-0.3204	-1.1760
89634163	0.1205	-0.0833	-1.0828
89634164	0.4055	0.4449	-1.4165
89634165	0.5236	0.4184	-1.1952
89634166	0.4122	-0.3096	-1.9052
89634167	0.0190	-0.5328	-2.3081
89634168	0.5703	-0.2180	-2.1505
89634169	0.2425	-0.5075	-2.7434
89634170	0.0221	-0.7411	-3.1923
89634171	-0.5170	-1.0198	-2.9330
89634172	-0.2282	-1.2103	-1.9103
89634173	-0.2707	-0.6402	-1.2911
89634174	-0.1704	-0.9099	-1.8956
89634175	-0.0739	-0.7470	-2.1277
89634176	-0.3847	-1.1857	-1.1025
89634177	-0.2204	-0.9338	-1.7263
89634178	-0.0758	-0.4091	-2.1798
89634179	0.2558	0.2319	-1.6910
89634180	0.5359	0.1575	-1.7913
89634181	0.5131	0.4228	-2.0168
89634182	0.4653	0.1910	-1.9398
89634183	0.3895	-0.3843	-3.0554
89634184	0.2533	-0.6330	-3.2883
89634185	0.4257	0.0524	-3.1745
89634186	0.2584	-0.5104	-2.8493
89634187	0.4542	-0.1776	-3.0113
89634188	0.2612	-0.3228	-2.9936
89634189	0.2248	-0.5392	-1.9752
89634190	0.3431	-0.5560	-1.8069
89634191	0.5062	-0.0954	-1.5986
89634192	0.4746	-0.1898	-1.2317
89634193	0.8186	-0.3540	-1.1262
89634194	0.5843	-0.1234	-0.5251
89634195	0.2422	-0.6018	-1.4824
89634196	0.1642	-0.3480	-1.0652
89634197	-0.1332	-0.5760	-1.4236
89634198	0.2023	-0.4603	-2.3181
89634199	-0.1673	-0.4396	-2.3176
89634200	-0.1562	-0.5604	-2.5299
89634201	-0.3091	-0.1401	-2.9566
89634202	-0.2335	0.2115	-1.0139
89634203	-0.0359	-0.3431	-1.2886
89634204	0.3696	0.3274	-0.7780
89634205	0.5538	-0.0016	-1.0803
89634206	0.5754	0.4377	-1.0720
89634207	0.0466	0.5348	-1.2593
89634208	0.0836	0.8870	-1.1767
89634209	0.2283	0.8586	-0.9576
89634210	0.1197	0.4021	-1.9016
89634211	0.0248	0.1751	-2.3491
89634212	0.0951	0.7783	-1.5665
89634213	0.1432	0.7065	-1.5439
89634214	0.4636	1.1296	-0.8410
89634215	0.3003	0.2108	-1.0386
89634216	0.5847	0.0323	-1.8451
89634217	0.5685	0.6105	-1.7479
89634218	0.2256	-0.0783	-1.5263
89634219	0.4741	0.5137	-1.2829
89634220	0.4039	0.5589	-1.1612
89634221	0.3287	0.4310	-1.7277
89634222	0.3266	0.6540	-2.6094
89634223	-0.0139	-0.5192	-1.8963
89634224	0.2396	0.1615	-2.4499
89634225	0.6131	0.1189	-1.8129
89634226	0.5163	0.4961	-1.6957
89634227	0.8015	1.1615	-1.8346
89634228	0.5816	0.2808	-0.5032
89634229	0.4399	0.5007	-0.3011
89634230	0.2457	-0.1538	-1.0521
89634231	0.2431	0.7429	-0.4281
89634232	0.3212	0.4336	-0.5616
89634233	-0.1668	-0.0556	-1.2921
89634234	-0.5752	-0.4192	-1.0190
89634235	-0.3016	0.0541	-2.3855
89634236	0.1276	0.5326	-1.8595
89634237	-0.3287	-0.4797	-2.0033
89634238	-0.3202	-0.5448	-1.7216
89634239	0.1326	0.1995	-0.9078
89634240	0.3748	0.2075	-1.6575
89634241	0.5646	0.3707	-1.1120
89634242	0.5350	0.1501	-1.1158
89634243	0.2469	0.1928	-1.0830
89634244	0.4269	0.2803	-1.9994
89634245	0.6181	0.8636	-1.3279
89634246	0.2731	0.2364	-2.3117
89634247	0.6979	0.0842	-2.7269
89634248	0.6146	-0.2108	-2.5945
89634249	0.4779	-0.1196	-2.5176
89634250	0.3827	-0.1082	-1.9966
89634251	0.5272	0.4326	-1.3629
89634252	0.4365	0.1930	-1.0736
89634253	0.5435	0.3258	-1.3307
89634254	0.3013	0.5913	-1.3328
89634255	0.2806	0.4901	-1.6136
89634256	0.3028	0.5609	-1.6311
89634257	0.1355	0.8452	-2.1213
89634258	0.3237	0.5501	-1.8957
89634259	0.4048	0.9105	-1.9341
89634260	0.0963	-0.3151	-1.9116
89634261	0.0128	0.2356	-1.7905
89634262	0.3340	0.0053	-2.8500
89634263	0.2231	-0.0742	-2.3983
89634264	0.2985	-0.2673	-1.7086
89634265	0.7613	0.1074	-1.5933
89634266	0.6376	-0.2654	-1.2279
89634267	0.6876	0.0905	-1.2333
89634268	0.7944	-0.3522	-2.3144
89634269	1.0038	-0.0444	-2.8012
89634270	0.8061	0.9682	-2.0570
89634271	0.4668	0.7310	-1.7240
89634272	0.4615	0.3594	-1.7242
89634273	0.6563	0.3749	-1.7776
89634274	0.4157	0.9112	-1.3858
89634275	0.2592	0.3201	-1.5630
89634276	0.5755	0.3576	-1.7093
89634277	0.2527	0.0404	-2.6458
89634278	-0.0467	-0.4226	-3.2583
89634279	0.1305	-0.0990	-2.7874
89634280	-0.1356	-0.4009	-3.0016
89634281	-0.0991	-0.3648	-2.5651
89634282	0.4902	-0.4371	-1.4988
89634283	0.4087	-0.1471	-2.0952
89634284	0.5058	0.2765	-1.4285
89634285	0.6777	0.3899	-1.6778
89634286	0.5784	0.4772	-1.6419
89634287	0.4224	0.7125	-0.7147
89634288	0.2197	1.2021	-1.5695
89634289	0.2562	0.6946	-2.3153
89634290	0.0695	0.0243	-3.2616
89634291	-0.2169	0.0262	-2.8340
89634292	-0.2556	-0.5570	-2.9963
89634293	-0.1329	0.1483	-2.6811
89634294	-0.1683	-0.4790	-2.2067
89634295	0.0304	-0.3196	-2.0465
89634296	0.1139	0.2102	-2.5900
89634297	0.0612	-0.3332	-2.2696
89634298	0.2618	-0.0329	-2.1837
89634299	0.1832	0.4408	-1.5402
89634300	0.1796	-0.0787	-1.6890
89634301	0.0682	-0.1277	-1.6198
89634302	0.0790	-0.0294	-1.3007
89634303	0.2476	0.2091	-1.3154
89634304	0.2114	0.0918	-1.2627
89634305	-0.2447	-0.5483	-1.5773
89634306	-0.0390	0.3993	-1.5598
89634307	0.4089	0.6596	-1.7112
89634308	0.2984	0.6432	-2.1182
89634309	0.0733	0.2131	-1.6521
89634310	0.2148	0.0312	-1.1782
89634311	0.5044	0.3607	-1.4323
89634312	0.5183	0.6854	-1.2977
89634313	0.6222	0.2317	-0.8686
89634314	0.4237	0.1237	-1.2109
89634315	0.2281	-0.0377	-1.7481
89634316	0.0411	-0.0730	-1.6684
89634317	-0.1471	-0.0236	-2.0063
89634318	-0.3862	-0.4002	-2.5794
89634319	-0.3472	-0.2937	-3.2881
89634320	-0.2147	0.1353	-2.9298
89634321	0.0802	0.9796	-2.3252
89634322	0.2777	1.0709	-2.3122
89634323	-0.0365	0.7566	-1.6027
89634324	0.2161	1.1329	-1.6753
89634325	0.5856	1.0380	-2.1112
89634326	0.5809	0.9932	-0.8356
89634327	0.7253	0.7179	-0.6888
89634328	0.5552	0.5421	-1.2102
89634329	0.6850	1.1888	-1.2065
89634330	0.4684	0.5782	-1.4815
89634331	0.4664	0.8929	-0.9260
89634332	0.4887	1.2908	-0.6639
89634333	0.2712	0.8641	-1.4737
89634334	0.4188	1.0590	-1.1984
89634335	0.6194	1.3747	-0.9062
89634336	0.2576	1.0450	-1.2230
89634337	0.3446	1.1505	-1.5858
89634338	0.3170	0.5822	-1.1540
89634339	0.2807	1.0025	-0.9569
89634340	0.0985	0.7646	-0.4535
89634341	-0.2579	0.1256	-1.2343
89634342	-0.1617	-0.0601	-1.9343
89634343	0.1211	0.2230	-2.6401
89634344	0.4016	0.1005	-1.9287
89634345	0.8393	0.5849	-2.1416
89634346	0.8214	-0.2540	-0.9234
89634347	0.8852	-0.0493	-1.9166
89634348	0.2784	0.0690	-2.0146
89634349	0.6630	0.7435	-2.0668
89634350	0.4274	0.4479	-1.6022
89634351	0.6793	1.0303	-2.3196
89634352	0.5729	0.8743	-2.0767
89634353	0.6265	0.5808	-2.5656
89634354	1.0954	0.8206	-1.1233
89634355	0.8960	1.0741	-2.3994
89634356	1.1543	0.9904	-1.1452
89634357	0.5470	0.6857	-0.8023
89634358	0.4764	0.3598	-2.0494
89634359	0.5866	-0.1497	-2.0470
89634360	0.3983	-0.2226	-2.8697
89634361	0.2843	0.1876	-2.1511
89634362	0.3504	-0.1747	-2.2676
89634363	0.2936	-0.7063	-1.9450
89634364	0.2522	-0.3515	-2.4062
89634365	0.1873	0.1318	-2.3237
89634366	0.4890	0.1752	-2.1096
89634367	0.3248	-0.2151	-1.8645
89634368	0.2467	0.1532	-2.0388
89634369	0.4643	0.0884	-2.1742
89634370	0.4147	0.2462	-2.1192
89634371	0.0255	-0.1947	-2.8822
89634372	-0.0312	-0.5787	-3.1831
89634373	0.0393	0.0061	-2.8463
89634374	0.6264	-0.2173	-1.4376
89634375	0.7046	0.1848	-1.0706
89634376	0.7725	0.5874	-1.7340
89634377	0.4796	0.7568	-0.9550
89634378	0.9748	0.6445	-0.6444
89634379	0.9270	0.6162	-0.3016
89634380	0.8979	0.8282	-1.0382
89634381	0.4413	1.0040	-0.3212
89634382	1.0127	0.7107	-1.5603
89634383	0.9364	0.9147	-1.7666
89634384	0.7069	0.5084	-2.4483
89634385	1.0098	0.8150	-2.5220
89634386	0.3829	-0.0426	-3.6685
89634387	0.1283	-0.1133	-2.3317
89634388	-0.0252	-0.1048	-2.4181
89634389	-0.4590	-0.3583	-2.4599
89634390	-0.2313	-0.8234	-2.8054
89634391	0.2479	0.1906	-1.1962
89634392	0.4021	0.7502	-1.1343
89634393	0.4228	0.3197	-1.0213
89634394	0.8880	0.7906	0.2107
89634395	0.7320	0.8109	0.0688
89634396	0.9328	1.3107	-0.2037
89634397	0.4819	1.4010	-0.6964
89634398	0.5491	0.6982	-0.6689
89634399	0.5896	1.1616	-1.7642
89634400	0.3282	0.3609	-2.4714
89634401	0.4215	0.1457	-2.2841
89634402	0.1651	0.1836	-2.5593
89634403	0.3831	0.4552	-1.1470
89634404	0.2868	0.0956	-2.0411
89634405	0.2074	0.7463	-1.3219
89634406	0.3131	0.6429	-1.2538
89634407	0.1678	0.1390	-0.9693
89634408	0.2536	0.4833	-1.2363
89634409	0.4385	0.7427	-1.0205
89634410	0.2490	0.3265	-1.3401
89634411	0.2864	-0.4419	-1.6835
89634412	-0.1375	-0.1574	-2.0762
89634413	-0.0239	-0.2635	-2.3016
89634414	-0.2468	-0.0486	-2.4338
89634415	-0.2488	-0.5325	-2.0794
89634416	-0.2348	0.2621	-1.0285
89634417	0.1947	0.6860	-1.7532
89634418	0.2980	0.6861	-1.2172
89634419	0.3931	0.3939	-1.4734
89634420	0.8050	0.7478	-1.9914
89634421	0.8305	0.9243	-2.1289
89634422	0.4192	0.6041	-2.0247
89634423	1.0105	1.1282	-1.8837
89634424	1.1058	0.6638	-1.8640
89634425	0.9006	1.0022	-0.9130
89634426	0.8126	0.1717	-1.7639
89634427	0.8798	0.6592	-0.5989
89634428	0.5345	0.6396	-1.1036
89634429	0.8372	0.4726	-1.0086
89634430	0.8605	0.5403	-1.2759
89634431	0.7110	0.3935	-2.0361
89634432	0.7196	0.2425	-1.9266
89634433	0.2555	0.0227	-1.2587
89634434	0.5312	0.0837	-1.7434
89634435	0.6311	0.3152	-1.2248
89634436	0.2696	0.0996	-1.4744
89634437	0.4888	-0.1337	-2.0481
89634438	0.4161	0.3190	-1.6880
89634439	0.8487	0.5052	-1.1854
89634440	0.7167	0.7416	-1.6934
89634441	0.7615	0.5903	-1.3443
89634442	0.9946	0.9688	-1.5450
89634443	1.2693	0.9822	-1.8864
89634444	1.3553	0.8670	-1.4047
89634445	1.2655	0.9696	-1.3541
89634446	1.2210	0.7105	-1.2108
89634447	1.7344	-0.1947	-1.4393
89634448	1.7122	-0.5116	-1.4965
89634449	1.5614	0.0634	-1.1299
89634450	1.9204	0.3495	-1.5564
89634451	1.6179	-0.2721	-1.1087
89634452	1.4140	-0.3161	-1.0637
89634453	0.9821	-0.5206	-0.8103
89634454	0.5424	0.9706	-1.3172
89634455	0.4317	0.1015	-1.2328
89634456	0.4981	0.5084	-1.6407
89634457	0.0487	-0.0166	-1.1148
89634458	0.5550	-0.0762	-1.5891
89634459	0.4835	0.5421	-1.2283
89634460	0.2943	-0.1119	-1.2759
89634461	0.3800	0.2479	-1.6767
89634462	0.0003	0.1432	-1.7436
89634463	0.0908	-0.0246	-2.5119
89634464	0.0000	0.0000	0.0000
89634465	0.0000	0.0000	0.0000
89634466	0.0000	0.0000	0.0000
89634467	0.0000	0.0000	0.0000
89634468	0.0000	0.0000	0.0000
89634469	0.0000	0.0000	0.0000
89634470	0.0000	0.0000	0.0000
89634471	0.0000	0.0000	0.0000
89634472	0.0000	0.0000	0.0000
89634473	0.0000	0.0000	0.0000
89634474	0.0000	0.0000	0.0000
89634475	0.0000	0.0000	0.0000
89634476	0.0000	0.0000	0.0000
89634477	0.0000	0.0000	0.0000
89634478	0.0000	0.0000	0.0000
89634479	0.0000	0.0000	0.0000
89634480	0.0000	0.0000	0.0000
89634481	0.0000	0.0000	0.0000
89634482	0.0000	0.0000	0.0000
89634483	0.0000	0.0000	0.0000
89634484	0.0000	0.0000	0.0000
89634485	0.0000	0.0000	0.0000
89634486	0.0000	0.0000	0.0000
89634487	0.0000	0.0000	0.0000
89634488	0.0000	0.0000	0.0000
89634489	0.0000	0.0000	0.0000
89634490	0.0000	0.0000	0.0000
89634491	0.0000	0.0000	0.0000
89634492	0.0000	0.0000	0.0000
89634493	0.0000	0.0000	0.0000
89634494	0.0000	0.0000	0.0000
89634495	0.0000	0.0000	0.0000
89634496	0.0000	0.0000	0.0000
89634497	0.0000	0.0000	0.0000
89634498	0.0000	0.0000	0.0000
89634499	0.0000	0.0000	0.0000
89634500	0.0000	0.0000	0.0000
89634501	0.0000	0.0000	0.0000
89634502	0.0000	0.0000	0.0000
89634503	0.0000	0.0000	0.0000
89634504	0.0000	0.0000	0.0000
89634505	0.0000	0.0000	0.0000
89634506	0.0000	0.0000	0.0000
89634507	0.0000	0.0000	0.0000
89634508	0.0000	0.0000	0.0000
89634509	0.0000	0.0000	0.0000
89634510	0.0000	0.0000	0.0000
89634511	0.0000	0.0000	0.0000
89634512	0.0000	0.0000	0.0000
89634513	0.0000	0.0000	0.0000
89634514	0.0000	0.0000	0.0000
89634515	0.0000	0.0000	0.0000
89634516	0.0000	0.0000	0.0000
89634517	0.0000	0.0000	0.0000
89634518	0.0000	0.0000	0.0000
89634519	0.0000	0.0000	0.0000
89634520	0.0000	0.0000	0.0000
89634521	0.0000	0.0000	0.0000
89634522	0.0000	0.0000	0.0000
89634523	0.0000	0.0000	0.0000
89634524	0.0000	0.0000	0.0000
89634525	0.0000	0.0000	0.0000
89634526	0.0000	0.0000	0.0000
89634527	0.0000	0.0000	0.0000
89634528	0.0000	0.0000	0.0000
89634529	0.0000	0.0000	0.0000
89634530	0.0000	0.0000	0.0000
89634531	0.0000	0.0000	0.0000
89634532	0.0000	0.0000	0.0000
89634533	0.0000	0.0000	0.0000
89634534	0.0000	0.0000	0.0000
89634535	0.0000	0.0000	0.0000
89634536	0.0000	0.0000	0.0000
89634537	0.0000	0.0000	0.0000
89634538	0.0000	0.0000	0.0000
89634539	0.0000	0.0000	0.0000
89634540	0.0000	0.0000	0.0000
89634541	0.0000	0.0000	0.0000
89634542	0.0000	0.0000	0.0000
89634543	0.0000	0.0000	0.0000
89634544	0.0000	0.0000	0.0000
89634545	0.0000	0.0000	0.0000
89634546	0.0000	0.0000	0.0000
89634547	0.0000	0.0000	0.0000
89634548	0.0000	0.0000	0.0000
89634549	0.0000	0.0000	0.0000
89634550	0.0000	0.0000	0.0000
89634551	0.0000	0.0000	0.0000
89634552	0.0000	0.0000	0.0000
89634553	0.0000	0.0000	0.0000
89634554	0.0000	0.0000	0.0000
89634555	0.0000	0.0000	0.0000
89634556	0.0000	0.0000	0.0000
89634557	0.0000	0.0000	0.0000
89634558	0.0000	0.0000	0.0000
89634559	0.0000	0.0000	0.0000
89634560	0.0000	0.0000	0.0000
89634561	0.0000	0.0000	0.0000
