89633311	2.0791	-0.2816	-4.8304
89633312	2.3193	0.0394	-4.1451
89633313	2.1949	-0.5120	-4.2526
89633314	1.9011	-1.1131	-5.2256
89633315	2.2725	-0.6427	-4.3924
89633316	2.2215	-0.5351	-4.5433
89633317	2.2103	-0.5616	-4.6635
89633318	2.2572	-0.5141	-4.4137
89633319	2.2912	-0.2501	-4.2672
89633320	2.3215	0.4969	-3.5086
89633321	2.2180	0.0009	-3.6955
89633322	2.1269	0.2331	-3.5685
89633323	2.0761	0.3205	-3.5096
89633324	2.0792	0.4763	-3.5997
89633325	2.0434	0.0781	-4.1526
89633326	2.0715	-0.3004	-4.3840
89633327	2.0737	-0.2266	-3.3958
89633328	2.1048	-0.5110	-3.6862
89633329	2.1116	-1.0293	-4.0113
89633330	1.9668	-0.9666	-4.1335
89633331	1.9119	-1.3915	-3.8159
89633332	1.5835	-1.5198	-4.7883
89633333	1.6907	-1.1660	-4.2135
89633334	1.5570	-0.7758	-4.0656
89633335	1.5596	-0.5756	-3.7634
89633336	1.7119	-0.0926	-3.6977
89633337	1.5298	-0.4666	-4.0457
89633338	1.7842	-0.3077	-3.8705
89633339	1.6639	-0.9720	-4.0926
89633340	1.5540	-1.0301	-4.3542
89633341	1.5944	-0.9008	-4.6784
89633342	1.6244	-1.2423	-4.7552
89633343	1.7519	-1.2369	-4.4250
89633344	1.7545	-1.2036	-4.5314
89633345	1.6166	-1.2236	-4.4378
89633346	1.5601	-1.3608	-4.3787
89633347	1.7350	-0.7846	-3.9014
89633348	1.7141	-0.6877	-4.0047
89633349	1.4677	-0.9236	-4.5446
89633350	1.6423	-1.3348	-4.5864
89633351	1.7326	-1.2083	-4.5914
89633352	1.8791	-1.2652	-4.1844
89633353	1.8123	-0.7033	-4.0815
89633354	1.8207	-0.8041	-4.6060
89633355	2.0400	-0.4104	-4.5714
89633356	1.9253	-0.6274	-4.6506
89633357	1.9744	-0.8815	-4.5176
89633358	2.0907	-0.7923	-4.6786
89633359	1.9918	-0.9448	-4.5015
89633360	2.0835	-0.8169	-4.9155
89633361	2.0097	-0.5637	-5.0464
89633362	2.1988	-0.7461	-5.6422
89633363	2.1598	-0.5655	-5.0202
89633364	2.1339	0.0055	-4.5737
89633365	2.3268	0.1890	-4.6835
89633366	2.2325	0.3637	-4.4802
89633367	1.9761	-0.2601	-4.8101
89633368	2.0070	-0.5161	-4.9952
89633369	2.0331	-0.4404	-4.3424
89633370	1.8118	-0.5005	-4.3341
89633371	1.6418	-0.9756	-4.2162
89633372	1.6348	-1.2016	-4.3948
89633373	1.7568	-1.0414	-4.3802
89633374	1.9475	-0.2936	-4.2651
89633375	2.0324	-0.3903	-4.6738
89633376	1.9251	-0.2450	-4.7578
89633377	1.8719	-0.3374	-4.7913
89633378	1.9725	0.0433	-4.1734
89633379	1.8339	-0.4597	-4.5425
89633380	1.7373	-0.8680	-4.8029
89633381	1.8536	-0.6070	-4.2398
89633382	1.8592	-0.5418	-4.4968
89633383	1.7631	-0.6506	-4.6160
89633384	1.9122	-0.7213	-4.5068
89633385	1.6349	-0.8818	-4.6618
89633386	1.7460	-1.0337	-3.8983
89633387	1.7033	-1.1756	-4.3391
89633388	1.9031	-0.7654	-3.9747
89633389	2.0143	-0.3543	-3.8038
89633390	1.9517	-0.1705	-4.1686
89633391	2.0896	0.0374	-3.7336
89633392	2.0806	0.0892	-3.7314
89633393	2.0233	-0.0118	-3.9915
89633394	2.0482	0.0413	-3.5153
89633395	2.2728	0.3324	-3.2863
89633396	2.3091	0.6093	-3.2449
89633397	2.4682	0.8796	-3.0105
89633398	2.5987	1.1293	-2.5841
89633399	2.9247	1.5104	-2.3084
89633400	2.8585	1.5584	-2.4948
89633401	3.1381	1.6176	-2.3523
89633402	3.1404	1.5832	-1.6834
89633403	3.1700	1.9812	-1.8450
89633404	3.2606	1.9007	-1.5129
89633405	3.1637	1.7610	-1.7083
89633406	3.0192	1.8893	-1.9324
89633407	2.8518	1.5530	-1.7317
89633408	2.7281	1.4310	-1.8816
89633409	2.8513	1.1774	-1.4613
89633410	2.6777	1.3046	-1.5842
89633411	2.6259	1.2457	-1.4760
89633412	2.4323	1.0606	-1.4540
89633413	2.3854	0.8912	-1.7247
89633414	2.1868	0.7963	-1.8033
89633415	2.1311	0.7018	-1.9578
89633416	2.2848	0.6894	-1.9792
89633417	2.3933	0.9791	-1.9978
89633418	2.2895	1.0003	-1.7977
89633419	2.3489	1.1223	-1.7727
89633420	2.3468	1.1901	-2.1446
89633421	2.2957	1.3500	-2.2559
89633422	2.2334	1.3982	-2.4953
89633423	2.3105	1.8390	-2.7807
89633424	2.2463	1.4576	-2.7560
89633425	2.2759	1.0697	-2.7235
89633426	2.2644	1.1029	-2.7789
89633427	2.3824	1.1308	-2.8740
89633428	2.4559	1.1740	-2.6584
89633429	2.5847	0.9980	-2.5498
89633430	2.6745	1.0723	-2.5274
89633431	2.7316	1.0063	-2.6319
89633432	2.7630	1.3495	-2.9323
89633433	2.6570	1.3792	-3.3894
89633434	2.5983	1.3424	-3.1060
89633435	2.6722	1.8435	-3.1654
89633436	2.6502	1.7551	-2.7044
89633437	2.5531	1.9599	-2.3743
89633438	2.6119	1.9583	-2.2376
89633439	2.5588	1.8168	-2.2176
89633440	2.5830	1.6045	-2.1244
89633441	2.6471	1.5732	-1.8929
89633442	2.5709	1.2170	-1.4926
89633443	2.4311	0.9109	-1.2594
89633444	2.3665	0.5270	-1.3117
89633445	2.4435	0.4404	-1.6266
89633446	2.5383	0.4547	-1.4319
89633447	2.4638	0.6111	-1.7377
89633448	2.4106	0.6901	-1.9289
89633449	2.2891	0.8421	-1.8542
89633450	2.4199	1.1726	-2.0312
89633451	2.2606	1.0105	-2.1751
89633452	2.1578	1.1107	-2.0353
89633453	2.2082	0.6338	-2.3797
89633454	2.2586	0.8532	-2.3691
89633455	2.4068	0.7876	-2.0280
89633456	2.3012	0.6870	-1.8144
89633457	2.2934	0.7070	-1.8582
89633458	2.3294	0.6727	-1.8729
89633459	2.3563	0.8552	-1.7767
89633460	2.3078	0.5139	-1.5468
89633461	2.3704	0.6149	-2.0682
89633462	2.4639	0.7368	-1.8482
89633463	2.5669	0.9732	-1.4232
89633464	2.6821	1.1505	-1.4841
89633465	2.6585	1.2847	-1.2149
89633466	2.7082	1.1268	-1.1954
89633467	2.5439	1.0741	-1.4375
89633468	2.6406	1.4196	-1.8706
89633469	2.6125	1.1999	-1.8524
89633470	2.6716	1.0500	-1.8237
89633471	2.7070	0.8141	-2.0266
89633472	2.4466	0.6503	-2.2533
89633473	2.4233	0.9332	-2.3769
89633474	2.2513	0.7379	-2.0460
89633475	2.1663	0.6029	-2.2339
89633476	2.2158	0.4961	-2.3527
89633477	2.1013	0.5839	-2.3246
89633478	2.1482	0.8385	-2.5128
89633479	2.2590	0.8234	-2.8553
89633480	2.4238	1.0356	-3.0266
89633481	2.3237	0.5986	-2.9915
89633482	2.3597	0.5778	-2.9714
89633483	2.3937	0.5897	-3.1291
89633484	2.3766	0.4677	-2.7884
89633485	2.2601	0.3695	-2.6420
89633486	2.4030	0.3918	-2.6479
89633487	2.3681	0.4753	-2.5765
89633488	2.3420	0.8979	-2.5984
89633489	2.4238	1.0615	-2.5391
89633490	2.3112	0.7100	-2.3923
89633491	2.3852	1.1612	-2.3328
89633492	2.1898	0.9442	-2.2030
89633493	2.1579	0.9683	-2.3358
89633494	2.3593	0.7973	-2.2152
89633495	2.3652	0.9066	-2.0669
89633496	2.3089	0.3078	-1.5495
89633497	2.3208	0.4516	-1.7798
89633498	2.3512	0.1459	-1.6110
89633499	2.3625	0.4921	-1.6272
89633500	2.5669	0.6295	-1.3297
89633501	2.4185	0.7381	-1.4212
89633502	2.4637	0.7896	-0.9805
89633503	2.4006	0.9147	-1.1878
89633504	2.5160	1.0502	-1.2248
89633505	2.4900	1.1074	-1.0803
89633506	2.4489	0.5925	-1.0494
89633507	2.4308	0.5533	-0.7919
89633508	2.3566	0.5776	-1.1620
89633509	2.3568	0.6439	-1.2994
89633510	2.4889	0.7373	-1.4405
89633511	2.1527	0.3892	-1.6134
89633512	2.4388	0.6064	-1.3965
89633513	2.4991	0.7268	-1.4493
89633514	2.5102	0.8618	-1.6724
89633515	2.4280	1.0849	-1.5340
89633516	2.5451	0.7502	-1.4029
89633517	2.5499	0.7628	-1.8108
89633518	2.4250	0.6152	-1.7251
89633519	2.3580	0.7961	-1.8699
89633520	2.1621	0.5807	-1.9461
89633521	2.1890	0.3783	-1.9422
89633522	2.2162	0.3443	-2.0574
89633523	2.2763	0.3642	-1.9241
89633524	2.4326	0.6667	-2.0607
89633525	2.4022	1.0063	-1.8771
89633526	2.3264	0.7349	-2.0746
89633527	2.2096	0.5281	-1.9561
89633528	2.1980	0.5613	-2.1063
89633529	2.1452	0.4116	-2.3569
89633530	2.1019	0.0792	-1.7846
89633531	2.2192	0.2617	-1.7264
89633532	2.1136	-0.0388	-1.7761
89633533	2.2633	0.0154	-1.7124
89633534	2.3597	-0.0929	-1.5759
89633535	2.5650	0.1443	-1.7607
89633536	2.5070	-0.2046	-1.9099
89633537	2.4744	0.0842	-1.9620
89633538	2.3416	0.0535	-1.9937
89633539	2.3996	-0.3155	-1.7430
89633540	2.2907	-0.2152	-1.5920
89633541	2.4787	0.0225	-1.6895
89633542	2.3548	0.1333	-1.5844
89633543	2.4859	0.3063	-1.3734
89633544	2.4934	0.4878	-1.7450
89633545	2.4257	0.4428	-1.1558
89633546	2.4059	0.4772	-1.1585
89633547	2.3066	0.7446	-1.5595
89633548	2.2703	0.5402	-1.3056
89633549	2.4286	0.4680	-1.5997
89633550	2.5270	0.6213	-1.5038
89633551	2.7069	1.0399	-0.9878
89633552	2.6650	0.7060	-1.4815
89633553	2.6843	0.7379	-1.2437
89633554	2.7688	0.5986	-1.6738
89633555	2.7992	0.6303	-2.0295
89633556	2.6000	0.5672	-1.6000
89633557	2.6213	0.9233	-1.6443
89633558	2.6441	1.0517	-1.5509
89633559	2.8183	1.3296	-1.6517
89633560	2.7935	1.5558	-1.4777
89633561	2.7708	1.3375	-1.5939
89633562	2.6973	1.6964	-1.3899
89633563	2.6654	1.7268	-1.1193
89633564	2.6597	1.5085	-1.3230
89633565	2.6765	1.2171	-0.8597
89633566	2.6052	1.2197	-0.9683
89633567	2.6744	1.1122	-1.3159
89633568	2.6153	0.9940	-1.4898
89633569	2.6792	1.1188	-1.7049
89633570	2.6294	0.6994	-1.6310
89633571	2.3211	0.5481	-1.6377
89633572	2.4675	0.5029	-1.5842
89633573	2.1668	0.4850	-1.8646
89633574	2.0743	0.5232	-1.7510
89633575	2.1478	0.4056	-1.8651
89633576	2.0423	-0.3294	-2.0215
89633577	2.1562	-0.0902	-2.2583
89633578	2.2697	0.1755	-2.1171
89633579	2.0084	-0.4233	-2.5191
89633580	2.0458	-0.4783	-2.5940
89633581	2.2037	-0.5980	-2.3737
89633582	1.9933	-0.3228	-2.1115
89633583	2.0006	-0.8217	-2.0660
89633584	2.0094	-0.7631	-2.1565
89633585	1.8333	-0.9008	-2.8146
89633586	1.8751	-0.8256	-2.6772
89633587	1.5678	-1.1192	-2.8697
89633588	1.5397	-0.9381	-2.6020
89633589	1.6364	-0.5798	-2.8620
89633590	1.7720	-0.2832	-2.6745
89633591	1.7151	-0.6088	-2.6521
89633592	1.9805	-0.4341	-2.6387
89633593	1.8556	-0.6530	-2.6456
89633594	1.9313	-0.7300	-2.6491
89633595	1.9472	-0.4402	-2.1325
89633596	1.8890	-0.8094	-1.9997
89633597	2.0013	-0.6184	-1.9480
89633598	1.9489	-0.7792	-1.9452
89633599	2.0525	-0.3328	-2.1846
89633600	1.7235	-0.9582	-2.0290
89633601	1.9265	-0.4541	-2.0525
89633602	1.8236	-0.4079	-2.2579
89633603	1.9062	-0.3762	-2.3626
89633604	1.9894	-0.0640	-2.4246
89633605	1.7629	-0.3807	-2.2153
89633606	1.9046	-0.2938	-1.7257
89633607	1.9922	-0.2876	-1.6719
89633608	1.9724	-0.2872	-1.2273
89633609	2.0701	-0.1972	-1.4644
89633610	2.0023	-0.2922	-1.3452
89633611	1.9354	-0.5343	-1.8841
89633612	1.9742	-0.3915	-2.1401
89633613	1.8826	-0.5791	-2.4770
89633614	2.0127	-0.3053	-2.5096
89633615	2.1457	-0.2954	-2.6550
89633616	2.2069	0.0456	-2.7123
89633617	2.4075	-0.0122	-2.1707
89633618	2.5272	0.2044	-2.0037
89633619	2.2572	-0.1886	-2.2365
89633620	2.1409	-0.6843	-2.3855
89633621	2.1887	-0.9827	-2.7411
89633622	2.3124	-0.6218	-2.5238
89633623	2.3923	-0.1846	-2.5482
89633624	2.3716	0.0605	-2.0048
89633625	2.3640	-0.0944	-1.9957
89633626	2.3567	-0.0447	-1.5635
89633627	2.4160	0.0151	-1.5306
89633628	2.2717	0.2243	-1.4024
89633629	2.2621	-0.1050	-1.6293
89633630	1.9157	-0.5790	-2.5514
89633631	1.8544	-0.9735	-2.6007
89633632	1.8810	-0.8885	-2.4519
89633633	1.8928	-0.6715	-2.3716
89633634	2.0081	-0.1857	-2.2252
89633635	2.0754	0.0430	-2.5168
89633636	1.6938	-0.8601	-2.7362
89633637	1.4416	-1.4564	-3.2094
89633638	1.1480	-1.7935	-3.4649
89633639	1.3223	-2.0753	-3.7260
89633640	1.3653	-1.7242	-3.7872
89633641	1.4447	-1.4602	-3.3581
89633642	1.4702	-1.6582	-3.2417
89633643	1.7024	-1.0583	-2.6827
89633644	1.7633	-0.9958	-2.3254
89633645	1.5381	-1.0853	-2.4050
89633646	1.8184	-0.5742	-1.9668
89633647	1.8172	-0.8420	-2.0750
89633648	2.0280	-0.3527	-1.6095
89633649	2.0590	-0.1894	-1.9588
89633650	1.8443	-0.8993	-2.2979
89633651	2.0993	-0.5702	-2.0032
89633652	1.9416	-0.3526	-1.9981
89633653	1.9267	-0.3835	-2.2043
89633654	2.0393	0.0032	-2.1700
89633655	2.2040	0.5092	-2.2355
89633656	2.2790	0.1733	-2.1633
89633657	2.4338	0.2969	-2.4264
89633658	2.7138	0.9245	-2.2606
89633659	2.7828	1.0686	-2.2686
89633660	2.8398	1.1600	-2.1412
89633661	2.9690	1.4425	-2.1459
89633662	2.8132	1.3864	-1.7844
89633663	2.4306	1.2081	-2.2672
89633664	2.1706	0.6375	-2.7013
89633665	2.1824	0.6669	-3.1441
89633666	2.3294	0.9706	-2.6066
89633667	2.2552	1.2082	-2.7730
89633668	2.3703	1.2990	-2.6320
89633669	2.3419	1.1771	-2.6398
89633670	2.3997	1.0477	-2.6218
89633671	2.4765	0.7256	-2.3923
89633672	2.4422	0.3232	-2.5758
89633673	2.2035	0.1654	-2.9159
89633674	2.5206	0.6854	-1.9802
89633675	2.4472	0.6037	-1.9905
89633676	2.6108	1.0300	-1.7163
89633677	2.4539	1.0581	-1.5804
89633678	2.2490	1.0017	-2.1661
89633679	2.2750	0.8787	-2.2268
89633680	2.2223	0.8301	-2.2936
89633681	2.1595	0.4593	-1.9333
89633682	2.1489	0.7176	-2.2067
89633683	2.0126	0.5877	-2.4062
89633684	2.0610	0.6223	-2.2749
89633685	2.0437	0.2462	-2.3534
89633686	1.9047	0.0749	-2.4278
89633687	2.1477	0.3316	-2.0128
89633688	2.1934	0.6143	-1.8696
89633689	2.1637	0.7470	-1.4436
89633690	2.2620	0.8520	-1.4533
89633691	2.4086	1.0861	-0.8998
89633692	2.3993	1.4666	-0.8031
89633693	2.4573	1.4871	-0.6230
89633694	2.5158	1.3944	-0.6927
89633695	2.3695	1.2640	-0.7816
89633696	2.4561	1.0830	-0.8996
89633697	2.2687	0.9033	-0.7397
89633698	2.2112	0.8414	-1.3477
89633699	2.1973	0.7832	-1.8246
89633700	2.1614	0.6391	-1.9324
89633701	2.4089	0.2650	-1.8731
89633702	2.5180	0.2702	-1.9233
89633703	2.7332	0.7809	-2.0167
89633704	2.8230	0.9136	-1.9470
89633705	2.5469	0.2489	-2.4066
89633706	2.3463	-0.0064	-2.4786
89633707	2.3089	-0.0756	-2.7160
89633708	1.9194	-0.6752	-2.8580
89633709	2.0544	-0.2367	-2.9179
89633710	1.9152	-0.2280	-2.6997
89633711	2.0537	-0.3700	-2.6556
89633712	1.9971	-0.1993	-2.7938
89633713	1.7289	-0.4823	-2.4571
89633714	2.0174	0.0692	-2.1363
89633715	1.9929	-0.1260	-2.0363
89633716	2.2165	-0.2114	-2.1700
89633717	2.3317	-0.1215	-2.1820
89633718	2.3032	-0.3027	-2.3639
89633719	2.3379	0.2015	-2.0720
89633720	2.5576	0.2419	-2.5005
89633721	2.4854	-0.0018	-2.1763
89633722	2.4285	-0.4027	-2.1434
89633723	2.5032	-0.4391	-2.4087
89633724	2.5831	-0.1245	-2.4925
89633725	2.5288	-0.3270	-2.3394
89633726	2.2689	-0.4883	-2.5438
89633727	2.1687	-0.2364	-2.6402
89633728	2.0853	-0.3784	-2.8511
89633729	1.9826	-0.7916	-3.0034
89633730	2.0936	-0.6036	-2.8664
89633731	2.0323	-0.6791	-2.6163
89633732	2.0290	-0.5552	-2.5170
89633733	2.3383	-0.4107	-2.3517
89633734	2.3614	-0.2298	-1.9990
89633735	2.7251	-0.2099	-2.0299
89633736	2.7218	0.1631	-1.5369
89633737	2.7337	0.4544	-1.5659
89633738	2.6897	0.2446	-1.9573
89633739	2.7257	0.1097	-2.0480
89633740	2.5346	0.0456	-2.0589
89633741	2.5044	-0.1219	-2.3531
89633742	2.5121	0.2316	-2.5257
89633743	2.5817	-0.0225	-2.6307
89633744	2.4610	0.0835	-2.5937
89633745	2.4831	0.0346	-2.6735
89633746	2.3556	-0.1392	-2.1517
89633747	2.4042	-0.1363	-2.0700
89633748	2.3795	0.3634	-2.0791
89633749	2.2305	0.1584	-1.9491
89633750	2.1150	0.0320	-1.5585
89633751	2.1201	-0.0610	-2.0438
89633752	2.2445	0.0281	-1.8829
89633753	2.2028	0.4657	-2.3090
89633754	2.2325	0.3732	-2.4617
89633755	2.0820	0.2763	-1.8069
89633756	2.3275	0.5010	-2.1955
89633757	2.5634	0.8659	-1.5956
89633758	2.5897	0.7788	-1.4398
89633759	2.7216	1.1241	-1.8862
89633760	2.7065	1.0706	-1.2403
89633761	2.8482	1.0950	-1.4416
89633762	2.9035	0.9490	-1.4108
89633763	2.9723	1.1769	-1.4292
89633764	3.0999	1.3403	-1.2880
89633765	3.0407	0.9868	-1.7535
89633766	2.8841	0.8606	-2.0328
89633767	2.7871	0.5456	-2.2865
89633768	2.7432	0.6118	-2.5920
89633769	2.7067	0.5804	-2.5824
89633770	2.5089	0.2042	-2.7190
89633771	2.4230	0.4380	-2.7796
89633772	2.3541	0.2244	-2.8030
89633773	2.1593	0.1943	-2.5761
89633774	2.2043	-0.0696	-2.5189
89633775	2.2700	-0.2805	-2.5162
89633776	2.0132	-0.3507	-2.6405
89633777	1.9373	-0.6232	-2.9090
89633778	2.0976	-0.4997	-2.7832
89633779	1.8583	-0.6961	-3.0042
89633780	1.8473	-0.6902	-2.9036
89633781	1.9802	-0.9247	-3.2343
89633782	1.9543	-1.1336	-3.0211
89633783	1.8802	-0.8451	-3.0602
89633784	1.9314	-0.7914	-2.7474
89633785	1.9247	-0.9879	-2.5594
89633786	1.8637	-1.3090	-2.7221
89633787	1.9018	-1.1945	-2.7040
89633788	1.6892	-1.1648	-2.3668
89633789	1.7920	-0.7699	-2.2420
89633790	1.9324	-0.7234	-2.1691
89633791	1.9273	-0.2987	-2.1657
89633792	1.9854	0.1994	-2.1658
89633793	2.2465	0.1543	-2.1739
89633794	2.3247	0.1346	-1.8954
89633795	2.4285	0.2791	-1.8708
89633796	2.5669	0.4259	-1.9855
89633797	2.6047	0.5318	-1.6781
89633798	2.5036	0.4416	-1.6670
89633799	2.2674	0.4659	-1.4524
89633800	2.3411	0.5672	-1.6392
89633801	2.3278	0.8641	-1.7180
89633802	2.2727	0.7250	-2.1480
89633803	2.2749	0.6490	-2.0542
89633804	2.2677	0.6218	-2.2041
89633805	2.2264	0.5143	-2.2423
89633806	2.2180	0.3736	-1.9712
89633807	2.2725	-0.0244	-2.1367
89633808	2.0852	0.0709	-2.1328
89633809	2.1661	0.3122	-2.3034
89633810	2.2860	0.1138	-2.2103
89633811	2.3460	0.3680	-2.5380
89633812	2.4387	0.2156	-2.6826
89633813	2.4068	-0.0109	-2.4267
89633814	2.4594	0.0216	-2.1834
89633815	2.5195	0.4145	-2.6497
89633816	2.4417	0.4978	-2.6520
89633817	2.4498	0.7053	-2.5446
89633818	2.4222	0.7983	-2.4737
89633819	2.2901	0.9555	-2.8145
89633820	2.3612	0.9677	-3.0693
89633821	2.2995	0.7671	-2.5364
89633822	2.2506	0.5905	-2.0477
89633823	2.2233	0.3310	-1.9887
89633824	2.3392	0.2024	-2.0525
89633825	2.1631	0.1309	-2.2777
89633826	2.4172	0.1290	-2.5747
89633827	2.1716	-0.3267	-2.5109
89633828	2.2874	-0.3040	-2.5851
89633829	2.2288	-0.1203	-2.5303
89633830	1.9709	-0.1707	-2.1468
89633831	1.9391	-0.0748	-2.0977
89633832	1.9743	0.0016	-1.9878
89633833	1.9966	-0.3114	-1.8006
89633834	2.0601	0.0535	-1.8120
89633835	1.9498	-0.1739	-1.9069
89633836	2.0343	0.2472	-2.0624
89633837	1.9199	-0.2352	-1.9634
89633838	2.1062	0.0186	-2.5693
89633839	1.9837	0.1004	-2.5515
89633840	2.0927	0.3800	-2.4920
89633841	2.1879	0.4845	-2.4804
89633842	1.9777	0.5233	-2.0772
89633843	2.1700	0.9153	-2.4104
89633844	2.1735	0.7921	-2.5373
89633845	2.1727	0.9459	-2.3456
89633846	2.2064	0.8958	-2.2808
89633847	2.1808	0.7911	-2.2176
89633848	2.2268	0.5379	-2.2509
89633849	2.0959	0.5866	-2.2177
89633850	1.8808	0.1760	-2.1386
89633851	1.8603	0.2745	-2.0797
89633852	1.7594	0.0888	-1.9856
89633853	1.7030	0.1924	-2.2423
89633854	1.6774	-0.0542	-1.7419
89633855	1.8103	-0.1042	-2.0746
89633856	2.0652	0.3394	-1.9084
89633857	2.0023	0.1633	-1.4954
89633858	2.0667	0.0537	-1.7418
89633859	1.8740	-0.0359	-1.5517
89633860	1.9531	0.0012	-1.7148
89633861	2.0385	-0.1154	-2.0894
89633862	2.1046	-0.3278	-1.7414
89633863	2.1863	-0.3900	-2.3097
89633864	2.2321	-0.2386	-2.2214
89633865	2.1399	-0.3528	-2.3204
89633866	2.1869	-0.1691	-2.5376
89633867	2.0774	-0.1647	-2.1522
89633868	2.2409	-0.3538	-2.2855
89633869	2.2323	-0.3127	-2.2012
89633870	2.4375	0.0350	-2.4955
89633871	2.2774	-0.5799	-2.0364
89633872	2.2249	-0.6708	-2.2255
89633873	1.9985	-0.7145	-2.2273
89633874	2.0262	-0.4737	-1.7866
89633875	2.0323	-0.3634	-1.7178
89633876	2.0126	-0.1454	-1.9840
89633877	1.8594	-0.2211	-1.9250
89633878	1.7995	-0.8053	-1.9840
89633879	1.7903	-0.5507	-2.3885
89633880	1.6445	-0.6252	-2.2133
89633881	1.6418	-1.0551	-2.5214
89633882	1.8026	-0.7203	-2.9536
89633883	1.6437	-0.9574	-2.7409
89633884	1.5899	-1.0825	-2.7881
89633885	1.3443	-0.7658	-2.6256
89633886	1.6631	-0.7434	-2.8937
89633887	1.6354	-0.7514	-2.6891
89633888	1.5457	-1.0226	-2.7891
89633889	1.8347	-0.4924	-2.8583
89633890	1.8773	-0.4999	-2.6957
89633891	2.0372	-0.1764	-2.6859
89633892	1.9959	0.1478	-2.1560
89633893	1.8427	0.0708	-2.2219
89633894	2.1654	-0.2910	-2.3252
89633895	2.1466	-0.3437	-2.2806
89633896	2.3244	-0.2719	-2.7951
89633897	2.2320	0.1918	-2.5821
89633898	2.3648	0.1681	-2.1894
89633899	2.3976	-0.2234	-2.3927
89633900	2.3661	-0.3407	-1.7552
89633901	2.2604	-0.0804	-2.1704
89633902	2.2878	0.1729	-2.2011
89633903	2.3061	0.1595	-2.6622
89633904	2.4164	0.2429	-2.5965
89633905	2.4017	0.2497	-2.7699
89633906	2.2438	0.1258	-2.5962
89633907	2.2954	0.4571	-2.5372
89633908	2.3544	0.3602	-2.7046
89633909	2.3346	0.0668	-2.8345
89633910	2.3654	-0.2322	-2.9879
89633911	2.3111	-0.1452	-2.8145
89633912	2.1979	-0.0522	-3.2831
89633913	2.0678	0.0756	-2.6538
89633914	1.7667	-0.2035	-2.3363
89633915	1.9436	-0.1208	-2.1533
89633916	1.9103	0.1339	-2.4776
89633917	1.8395	-0.4501	-2.4674
89633918	1.6296	-0.3618	-2.6768
89633919	1.8324	-0.5261	-2.3624
89633920	1.7792	-0.3494	-2.3913
89633921	1.7176	-0.4083	-2.6930
89633922	1.8729	-0.0538	-3.1018
89633923	2.0665	-0.2306	-2.9115
89633924	1.8873	-0.2422	-2.8090
89633925	1.8546	-0.2578	-2.4567
89633926	1.7754	-0.0340	-1.9985
89633927	1.6607	-0.0284	-2.5113
89633928	1.6525	-0.2006	-2.9125
89633929	1.8859	-0.2133	-3.0331
89633930	1.8642	-0.2716	-2.9674
89633931	1.8961	-0.0714	-2.7102
89633932	1.9885	0.0693	-2.6865
89633933	1.9318	-0.3771	-2.8437
89633934	2.1070	0.1560	-2.5566
89633935	2.1994	0.3931	-2.5946
89633936	2.2850	0.7191	-2.8532
89633937	2.4519	0.8218	-2.8351
89633938	2.5310	0.6223	-2.9606
89633939	2.4663	0.3206	-2.8572
89633940	2.5766	0.3106	-3.0592
89633941	2.2679	0.1740	-2.6445
89633942	2.2688	-0.2603	-3.0651
89633943	2.3041	-0.1316	-3.2213
89633944	2.2053	-0.3563	-2.8785
89633945	2.2122	-0.2095	-2.7699
89633946	2.3392	-0.0045	-2.8521
89633947	2.3522	0.0903	-2.6188
89633948	2.3486	0.2199	-2.3372
89633949	2.5118	0.1597	-2.5672
89633950	2.4145	-0.1948	-2.9808
89633951	2.5648	-0.0566	-3.1337
89633952	2.5921	0.2038	-3.2781
89633953	2.4875	0.0994	-3.5513
89633954	2.5260	0.1395	-3.9513
89633955	2.5688	0.4683	-3.4525
89633956	2.6994	0.4920	-3.3243
89633957	2.5254	0.0887	-2.9706
89633958	2.3337	-0.1472	-3.0640
89633959	2.2552	-0.4839	-3.1357
89633960	2.2887	-0.6497	-2.5682
89633961	2.3119	-0.9463	-2.8589
89633962	2.3570	-0.5924	-2.9801
89633963	2.2363	-0.7256	-2.8718
89633964	2.2945	-0.5871	-3.0074
89633965	2.2265	-0.3978	-3.0093
89633966	2.1441	-0.6946	-3.2934
89633967	2.2060	-0.5355	-3.5134
89633968	2.2351	-0.4137	-3.0174
89633969	2.1702	-0.4586	-3.5646
89633970	2.1323	-0.1893	-3.8141
89633971	2.3075	-0.1926	-3.5358
89633972	2.3891	-0.4090	-3.5952
89633973	2.2406	-0.4185	-3.5741
89633974	2.0606	-0.5254	-3.6356
89633975	2.1776	-0.5650	-3.3945
89633976	2.2777	-0.4452	-3.3834
89633977	2.0793	-0.8437	-3.4325
89633978	2.1078	-0.5774	-3.0498
89633979	2.1196	-0.5823	-3.1540
89633980	2.2991	-0.3321	-3.5967
89633981	2.3039	-0.1625	-3.9792
89633982	2.3357	-0.1045	-3.8780
89633983	2.3354	-0.0898	-4.0962
89633984	2.5210	0.0917	-3.9783
89633985	2.5334	0.3881	-3.7242
89633986	2.3389	0.4393	-3.6806
89633987	2.4263	0.4646	-3.7094
89633988	2.5756	0.6395	-3.7405
89633989	2.3460	0.1447	-3.7664
89633990	2.4533	0.2261	-3.4639
89633991	2.3331	-0.1777	-3.5760
89633992	2.1338	0.0762	-3.3769
89633993	2.3364	-0.0030	-3.7118
89633994	2.3077	-0.0104	-3.8299
89633995	2.2635	0.0059	-3.3672
89633996	2.1883	-0.4177	-3.2610
89633997	1.9915	-0.6658	-3.7403
89633998	1.9346	-0.5929	-3.9270
89633999	2.1543	-0.8643	-3.9107
89634000	2.3452	-0.9983	-4.0294
89634001	2.2289	-0.6287	-4.0280
89634002	2.3480	-0.3752	-4.0483
89634003	2.1940	-0.5101	-3.8267
89634004	2.1493	-0.5869	-3.9041
89634005	2.0519	-0.5234	-3.8613
89634006	2.1399	-0.5121	-3.8525
89634007	2.1913	-0.1948	-3.0406
89634008	2.3070	-0.1423	-3.1174
89634009	2.3832	-0.1476	-3.0815
89634010	2.4192	-0.1168	-3.3005
89634011	2.3009	-0.2059	-3.2793
89634012	2.5063	-0.0148	-3.2031
89634013	2.3528	-0.2567	-3.3756
89634014	2.4359	-0.3574	-3.2372
89634015	2.5186	-0.1635	-3.6186
89634016	2.5463	-0.0993	-3.4706
89634017	2.3646	-0.2544	-3.5996
89634018	2.2956	-0.0306	-3.4285
89634019	2.3693	0.2900	-3.7873
89634020	2.3159	0.3715	-3.5645
89634021	2.3406	0.4981	-3.7653
89634022	2.3332	-0.0305	-3.6586
89634023	2.1570	0.0204	-4.1541
89634024	2.2696	-0.3412	-4.1055
89634025	2.2087	-0.4796	-4.1356
89634026	2.2756	-0.5194	-3.6399
89634027	2.5538	-0.5040	-3.2341
89634028	2.5820	-0.1984	-3.5161
89634029	2.6811	-0.0018	-3.1974
89634030	2.6187	0.2497	-3.2031
89634031	2.8247	0.2951	-3.1675
89634032	2.9825	0.9080	-3.0542
89634033	3.2895	0.8555	-2.9183
89634034	3.6957	1.2257	-2.7652
89634035	3.7979	1.1697	-2.9251
89634036	4.1427	1.3210	-2.6950
89634037	4.1164	0.8548	-3.3205
89634038	4.2045	0.9082	-3.3283
89634039	4.4913	0.6842	-3.6886
89634040	4.6418	0.9722	-3.3441
89634041	4.7561	0.9949	-3.4722
89634042	4.9004	1.0952	-3.5169
89634043	4.9381	1.2734	-3.5423
89634044	5.0347	1.3676	-3.7268
89634045	5.0879	1.7084	-4.0238
89634046	5.0654	1.7922	-3.4490
89634047	5.2013	1.6472	-3.6367
89634048	4.9632	1.4546	-3.5130
89634049	4.9046	1.9250	-3.4204
89634050	4.9368	2.1523	-3.5329
89634051	4.8136	1.8897	-3.3048
89634052	4.6359	2.0371	-3.2191
89634053	4.6408	1.9520	-2.8759
89634054	4.0942	1.6667	-2.6783
89634055	4.0057	1.5117	-2.5655
89634056	3.3089	0.6761	-2.4330
89634057	3.0364	0.2430	-2.5368
89634058	2.6434	0.2456	-2.5705
89634059	2.3178	0.1077	-2.8281
89634060	1.9751	-0.7352	-2.8884
89634061	1.5054	-0.6850	-3.5157
89634062	1.2543	-1.0666	-3.4240
89634063	0.9761	-1.3823	-3.3889
89634064	0.7292	-1.4826	-3.3649
89634065	0.2364	-1.8875	-2.8140
89634066	-0.1889	-2.2294	-3.1282
89634067	-0.5290	-2.4289	-3.2856
89634068	-0.4146	-2.6436	-3.5311
89634069	-1.0001	-2.8446	-3.1879
89634070	-1.2564	-3.2221	-2.8003
89634071	-1.3558	-3.1570	-2.8344
89634072	-1.7515	-2.8642	-2.8962
89634073	-1.7577	-3.4492	-2.9562
89634074	-1.8755	-3.2483	-2.8099
89634075	-2.1973	-3.5328	-2.5284
89634076	-1.9535	-3.5337	-2.7077
89634077	-1.8811	-3.4005	-3.0205
89634078	-1.6459	-3.2210	-3.0392
89634079	-1.4485	-3.0603	-2.8796
89634080	-0.9410	-2.9837	-2.8159
89634081	-0.6016	-2.5329	-2.6191
89634082	-0.0544	-1.9987	-2.3652
89634083	0.5945	-1.2801	-2.8075
89634084	1.3377	-0.8789	-3.1419
89634085	1.6086	-0.6041	-2.5990
89634086	2.0172	-0.2974	-3.0873
89634087	2.5686	0.1109	-2.9265
89634088	2.9073	0.3259	-2.7322
89634089	3.7015	0.9101	-2.7761
89634090	3.9291	0.6899	-3.0295
89634091	4.4229	1.3334	-3.1067
89634092	4.6646	1.3151	-3.2159
89634093	4.9901	1.4444	-3.7940
89634094	4.8236	1.4368	-4.0298
89634095	4.8263	1.2935	-3.8481
89634096	4.4218	0.8085	-3.2707
89634097	4.0260	0.6226	-3.2275
89634098	3.7044	0.4736	-3.2442
89634099	3.4599	0.4749	-3.5124
89634100	3.0185	0.0444	-3.7762
89634101	2.4167	-0.1832	-3.6982
89634102	1.5774	-0.4743	-3.3179
89634103	1.3402	-1.0648	-3.3532
89634104	0.7347	-1.1063	-3.4734
89634105	0.1052	-2.0771	-3.2940
89634106	-0.1826	-2.3557	-3.7872
89634107	-0.7892	-2.6484	-3.8936
89634108	-0.9788	-3.1725	-3.9717
89634109	-1.4667	-3.5185	-3.9750
89634110	-1.4922	-3.3352	-3.8393
89634111	-1.3698	-3.0708	-3.4734
89634112	-1.1622	-2.8551	-3.4146
89634113	-0.7530	-2.7586	-3.7055
89634114	0.0302	-2.2378	-3.9166
89634115	0.5978	-1.5021	-4.0846
89634116	1.4280	-0.7298	-3.9341
89634117	2.2904	-0.2333	-3.7068
89634118	3.4626	0.3851	-3.8871
89634119	4.1186	0.7530	-4.0912
89634120	4.9457	1.0997	-3.9950
89634121	5.9371	1.9472	-4.0750
89634122	6.6652	2.8722	-4.2356
89634123	7.1357	2.7752	-3.8544
89634124	7.3430	2.9339	-3.6055
89634125	7.4321	2.5436	-3.7639
89634126	7.0786	2.2202	-4.0376
89634127	6.3401	1.8528	-3.6101
89634128	5.2022	1.2667	-3.4887
89634129	3.8671	-0.0875	-3.5468
89634130	2.3935	-0.9868	-3.1364
89634131	1.0127	-1.6367	-3.3434
89634132	-0.7777	-3.0643	-3.2228
89634133	-2.4245	-4.2057	-2.9505
89634134	-3.6859	-5.0807	-3.0384
89634135	-4.9469	-6.1737	-2.7535
89634136	-5.4748	-6.4267	-2.4936
89634137	-5.1752	-6.2618	-2.3244
89634138	-4.1115	-5.2878	-2.1497
89634139	-2.1805	-4.1954	-2.1541
89634140	-0.0343	-2.1576	-2.0460
89634141	2.5977	-0.1197	-2.7789
89634142	5.3364	2.1677	-2.9506
89634143	7.8718	4.2267	-3.5728
89634144	10.1225	5.5807	-3.6279
89634145	11.0761	6.5456	-4.2593
89634146	11.3113	6.5921	-5.0052
89634147	10.5031	6.1990	-5.5414
89634148	8.0275	4.1161	-5.7131
89634149	4.2519	1.1640	-6.3117
89634150	0.2810	-1.9776	-6.4276
89634151	-3.4709	-4.4495	-6.5288
89634152	-6.1525	-7.2448	-5.8440
89634153	-7.9168	-9.2686	-5.1985
89634154	-7.8015	-9.9681	-4.3606
89634155	-6.3566	-9.7246	-3.7091
89634156	-3.5456	-8.1845	-2.7618
89634157	-0.0482	-5.3613	-2.0180
89634158	3.5501	-2.3651	-2.0240
89634159	6.3817	0.6346	-1.8729
89634160	7.7840	2.4139	-1.9954
89634161	8.0630	3.8705	-2.5590
89634162	7.2573	3.9638	-3.3199
89634163	5.9164	3.9326	-3.4146
89634164	4.5675	2.7648	-3.9191
89634165	3.2243	1.5274	-3.9206
89634166	2.1388	-0.0616	-4.1197
89634167	1.2779	-1.2164	-4.4856
89634168	0.9928	-1.8084	-4.2181
89634169	0.7870	-2.3864	-4.4627
89634170	0.5719	-2.3753	-4.4340
89634171	0.0740	-2.3070	-4.1687
89634172	0.1887	-2.0587	-3.7879
89634173	0.5315	-1.4592	-4.3794
89634174	0.8453	-1.4145	-4.6110
89634175	0.9736	-1.3166	-4.2907
89634176	1.0758	-1.3431	-3.7947
89634177	1.3822	-1.2564	-4.3547
89634178	1.8334	-1.3756	-4.3134
89634179	2.7054	-0.7202	-4.3493
89634180	3.3342	-0.6429	-4.4371
89634181	3.6451	-0.4150	-4.0894
89634182	3.9817	-0.2569	-4.2274
89634183	4.0203	0.3118	-4.1273
89634184	4.2118	0.5693	-3.9350
89634185	3.8594	0.3898	-3.6478
89634186	3.1546	0.1739	-2.7696
89634187	2.3775	-0.6323	-2.6496
89634188	1.6762	-0.7776	-2.8485
89634189	1.1278	-1.1029	-2.6196
89634190	1.1431	-1.0076	-2.6487
89634191	1.4050	-0.3339	-3.2181
89634192	1.3722	-0.1507	-3.7312
89634193	1.5544	0.0082	-3.9278
89634194	1.6170	-0.1012	-4.2722
89634195	1.9586	-0.3261	-4.0768
89634196	2.4692	0.2076	-4.4914
89634197	2.3513	0.0577	-4.6132
89634198	2.5497	-0.2250	-4.7276
89634199	2.3215	0.2866	-5.1193
89634200	2.3389	0.1849	-5.3612
89634201	2.5221	0.7163	-5.5174
89634202	2.6361	0.5158	-4.7441
89634203	2.9304	0.0521	-4.3966
89634204	3.3288	-0.2043	-4.1776
89634205	3.5221	-0.7617	-3.5368
89634206	3.3146	-0.7069	-2.8484
89634207	3.0677	0.0547	-2.3579
89634208	2.4690	0.2717	-2.2650
89634209	2.2601	0.4422	-2.4361
89634210	1.9078	0.3349	-2.9232
89634211	1.4650	0.0150	-3.1120
89634212	0.9405	-0.4294	-3.6285
89634213	0.9798	-0.5249	-3.9761
89634214	0.8260	-0.9836	-4.1683
89634215	1.0299	-1.0645	-4.5113
89634216	1.3708	-1.2770	-5.0263
89634217	1.3018	-1.3807	-5.2120
89634218	1.4284	-1.4281	-5.1064
89634219	1.3668	-1.9307	-4.8748
89634220	1.5915	-1.7269	-4.6540
89634221	1.8207	-1.4719	-4.0935
89634222	2.1223	-1.1369	-3.7891
89634223	2.2514	-1.2896	-2.7887
89634224	2.2312	-1.1815	-2.5326
89634225	2.1296	-1.0969	-2.3458
89634226	2.0951	-0.5332	-2.9951
89634227	2.0322	-0.4605	-2.9595
89634228	2.1402	-0.1888	-2.8209
89634229	1.9945	-0.1247	-3.1930
89634230	1.8549	-0.3586	-3.6919
89634231	1.7897	-0.1614	-3.8015
89634232	1.8976	-0.5878	-3.7828
89634233	1.7751	-0.6393	-3.5057
89634234	1.6934	-0.6988	-3.3675
89634235	1.7544	-0.5727	-3.6883
89634236	1.7545	-0.5282	-3.5504
89634237	1.9182	-0.5495	-3.2129
89634238	2.2729	0.1174	-2.7365
89634239	2.2457	0.4556	-2.4707
89634240	2.5802	0.7409	-2.7535
89634241	2.5910	0.6724	-2.9150
89634242	2.6361	0.1079	-3.1265
89634243	2.6033	0.0400	-3.5921
89634244	2.5067	-0.2554	-3.3015
89634245	2.3848	-0.3010	-3.4132
89634246	1.8368	-0.4698	-3.3740
89634247	1.4769	-1.0337	-3.8512
89634248	1.2479	-1.5818	-4.1672
89634249	1.2789	-1.6275	-4.1170
89634250	1.0997	-1.8678	-3.8710
89634251	1.1826	-2.0829	-4.0196
89634252	1.2416	-2.1404	-4.0678
89634253	1.6603	-1.5860	-4.4932
89634254	2.0920	-1.4257	-4.4751
89634255	2.5911	-1.0332	-4.5864
89634256	3.1615	-0.5330	-4.2495
89634257	3.2228	-0.3389	-4.1675
89634258	3.1691	-0.4139	-3.7605
89634259	3.0146	-0.1830	-3.4373
89634260	2.8881	-0.2301	-3.6175
89634261	2.4469	-0.6175	-3.3264
89634262	2.2253	-1.1856	-3.5909
89634263	1.9780	-0.9577	-3.2500
89634264	1.5643	-0.8678	-2.8042
89634265	1.3981	-0.8791	-2.8819
89634266	1.2639	-1.2812	-2.7878
89634267	1.3297	-0.9854	-3.3924
89634268	1.5332	-1.4671	-3.5277
89634269	2.0361	-0.8302	-4.2353
89634270	2.1906	-0.6431	-4.0348
89634271	2.2887	-0.5472	-3.8029
89634272	2.5268	-0.4413	-3.5896
89634273	2.7100	-0.2901	-3.6810
89634274	2.4546	-0.1290	-3.5435
89634275	2.1605	-0.3296	-3.5417
89634276	2.0437	-1.0161	-3.5157
89634277	1.8704	-1.3209	-3.1572
89634278	1.6408	-1.6467	-3.0853
89634279	1.4993	-2.0328	-3.0544
89634280	1.6548	-1.4274	-3.6054
89634281	1.6280	-1.3267	-3.4793
89634282	1.7359	-1.1607	-3.2216
89634283	1.8972	-0.7388	-3.2491
89634284	2.0182	-0.4476	-3.5184
89634285	2.1260	-0.1751	-3.6225
89634286	2.0289	-0.0900	-3.8724
89634287	2.3502	-0.2558	-3.8305
89634288	2.1557	-0.4450	-3.9835
89634289	2.2306	-0.6333	-4.0439
89634290	2.0641	-0.8704	-3.9536
89634291	2.1804	-0.4774	-3.9631
89634292	2.2660	-1.0732	-3.8258
89634293	2.2207	-1.2012	-3.3647
89634294	2.5318	-1.2619	-3.4562
89634295	2.5231	-1.3441	-2.8267
89634296	2.3914	-1.2095	-2.9604
89634297	2.3117	-1.1396	-3.0259
89634298	2.2279	-0.9577	-3.1464
89634299	2.0487	-1.0304	-2.9062
89634300	1.9680	-0.6817	-3.0833
89634301	1.7281	-0.8054	-3.3114
89634302	1.4002	-0.7081	-3.3527
89634303	1.5636	-0.6141	-4.3099
89634304	1.2999	-1.0281	-3.9161
89634305	1.2677	-1.1626	-3.5330
89634306	1.3945	-1.1233	-3.4517
89634307	2.0298	-1.0247	-3.4842
89634308	2.3467	-0.7461	-2.9575
89634309	2.5094	-0.3137	-2.7786
89634310	2.7193	0.2303	-2.6124
89634311	2.8369	0.2820	-2.4383
89634312	2.8088	0.6956	-2.7858
89634313	2.8825	0.5942	-2.9119
89634314	2.7629	0.3126	-2.9883
89634315	2.6551	0.2230	-3.1533
89634316	2.3957	-0.1856	-3.3420
89634317	2.2515	-0.7562	-3.5610
89634318	2.4994	-0.3281	-3.9004
89634319	2.2707	-0.6108	-3.6985
89634320	2.5428	-0.2439	-3.7191
89634321	2.4342	-0.0007	-3.6693
89634322	2.5039	0.0367	-3.7881
89634323	2.3388	-0.0224	-3.3699
89634324	2.4781	0.3339	-3.6027
89634325	2.3258	-0.0513	-3.7695
89634326	2.3477	0.1085	-3.8456
89634327	2.2674	-0.3252	-4.0589
89634328	2.0723	-0.6590	-4.4163
89634329	1.9969	-0.8397	-4.5027
89634330	1.9266	-1.2349	-4.2797
89634331	1.9439	-1.2466	-4.0376
89634332	2.1017	-0.8310	-4.2289
89634333	2.1366	-0.9152	-3.9317
89634334	2.4190	-0.8461	-3.7670
89634335	2.3660	-0.7241	-4.0818
89634336	2.3176	-0.1713	-3.6179
89634337	2.3509	-0.0175	-3.6247
89634338	2.2178	0.0480	-3.4431
89634339	1.9379	0.5497	-3.3641
89634340	1.7408	0.3170	-2.9008
89634341	1.8017	0.1336	-3.3592
89634342	1.8888	-0.1707	-3.4749
89634343	1.8187	-0.4084	-3.6452
89634344	1.9431	-0.5329	-3.6148
89634345	2.2876	-0.7069	-3.8443
89634346	2.4049	-0.8507	-3.6863
89634347	2.7872	-0.5426	-4.0273
89634348	2.6087	-0.4296	-3.2655
89634349	2.5345	-0.4700	-3.4594
89634350	2.3492	-0.2832	-3.3436
89634351	2.1191	-0.1435	-3.2669
89634352	1.8059	-0.5385	-3.1215
89634353	1.4430	-0.7776	-3.2743
89634354	1.4144	-0.8661	-3.2384
89634355	1.4248	-0.7428	-3.7611
89634356	1.4072	-1.1377	-3.6956
89634357	1.4984	-1.0596	-3.1410
89634358	1.7483	-1.3515	-3.2788
89634359	2.0155	-1.7469	-2.9969
89634360	2.0680	-1.5395	-2.7726
89634361	1.8929	-1.8903	-2.2152
89634362	1.9302	-1.9241	-2.5619
89634363	1.9928	-1.6376	-2.2491
89634364	1.8141	-1.3276	-2.3970
89634365	1.7982	-0.7563	-2.5147
89634366	1.6926	-0.7453	-3.0119
89634367	1.2465	-1.3299	-2.7933
89634368	1.3823	-1.4843	-2.9027
89634369	1.5509	-2.0173	-2.8450
89634370	1.6373	-2.0978	-3.0932
89634371	1.6790	-1.6135	-2.9918
89634372	1.8295	-1.7373	-3.1945
89634373	1.7888	-1.5985	-3.1815
89634374	2.0751	-1.4118	-3.2234
89634375	2.0105	-1.1504	-3.6857
89634376	2.0685	-0.9609	-3.2660
89634377	2.0049	-0.8019	-3.4430
89634378	2.1478	-1.0520	-3.5885
89634379	1.7681	-1.4501	-3.3259
89634380	1.6922	-1.5232	-3.1195
89634381	1.4561	-2.0312	-3.0333
89634382	1.7582	-2.1084	-3.2473
89634383	1.8620	-2.0619	-3.3614
89634384	1.8749	-1.8917	-3.4854
89634385	2.0048	-1.5971	-3.6011
89634386	1.9783	-1.4794	-3.2476
89634387	2.0155	-1.1701	-3.1431
89634388	1.6978	-1.2469	-2.8186
89634389	1.7359	-1.2529	-2.8094
89634390	1.8342	-1.2719	-2.7423
89634391	1.7583	-1.1173	-2.9753
89634392	1.5052	-1.1589	-3.0627
89634393	1.6136	-1.0099	-3.3471
89634394	1.5622	-1.5927	-3.0001
89634395	1.5610	-1.4491	-3.2081
89634396	1.6869	-1.4794	-2.8598
89634397	1.8818	-1.1921	-2.9269
89634398	2.0051	-0.8801	-2.9808
89634399	2.0345	-1.0025	-3.4462
89634400	2.0475	-1.2020	-3.4806
89634401	1.9752	-1.7241	-3.3725
89634402	1.9308	-1.5104	-3.1454
89634403	1.7763	-1.1854	-3.2597
89634404	1.8976	-0.9829	-3.5933
89634405	1.8267	-0.8053	-3.7030
89634406	1.8895	-0.7972	-3.6973
89634407	1.9363	-0.7223	-3.0843
89634408	2.1026	-0.4694	-3.4679
89634409	2.1870	-0.4909	-3.0265
89634410	2.2982	-0.3874	-3.0422
89634411	2.2567	-0.5845	-2.5110
89634412	2.0479	-0.4932	-1.9704
89634413	1.8945	-0.7002	-2.2684
89634414	1.7071	-0.8329	-2.2860
89634415	1.6296	-0.8816	-2.1690
89634416	1.6426	-0.9651	-1.9267
89634417	1.7707	-0.9006	-2.6355
89634418	1.8028	-1.0060	-2.5663
89634419	1.7220	-1.4236	-2.3768
89634420	1.8393	-1.1776	-2.6941
89634421	1.7148	-1.2347	-2.5946
89634422	1.8318	-0.9888	-2.7076
89634423	1.7707	-0.7944	-2.3238
89634424	1.8019	-1.0325	-2.3102
89634425	1.6439	-1.0594	-2.1784
89634426	1.7574	-1.2552	-2.5268
89634427	1.9041	-1.1794	-2.4878
89634428	1.7628	-1.0971	-2.7447
89634429	1.8751	-1.3598	-2.5273
89634430	2.2463	-0.7572	-3.1251
89634431	2.1404	-1.0577	-2.9866
89634432	2.0304	-1.3588	-2.9463
89634433	1.7751	-1.6006	-2.4212
89634434	1.8183	-1.6764	-2.5686
89634435	1.5647	-1.7578	-2.5558
89634436	1.4323	-1.5882	-2.2319
89634437	1.6875	-1.2979	-3.1173
89634438	1.4966	-1.0398	-3.1497
89634439	1.5037	-1.0027	-2.8016
89634440	1.5162	-1.2490	-3.0263
89634441	1.3328	-1.8378	-2.5272
89634442	1.6442	-1.7187	-2.6375
89634443	1.6360	-1.6220	-2.4100
89634444	1.7091	-1.4264	-2.6068
89634445	1.8754	-1.6112	-2.5886
89634446	1.8327	-1.5350	-2.1956
89634447	1.8290	-1.5335	-2.4720
89634448	1.6566	-1.6717	-1.9118
89634449	1.5987	-1.3248	-1.9701
89634450	1.4436	-1.3536	-2.1206
89634451	1.3782	-1.3610	-2.1109
89634452	1.3154	-1.5218	-2.1850
89634453	1.2151	-1.3587	-2.1126
89634454	1.3146	-1.5959	-2.1430
89634455	1.2609	-1.5568	-1.9704
89634456	1.2637	-1.7452	-2.0068
89634457	1.3699	-1.6748	-1.4592
89634458	1.4316	-1.9809	-1.3773
89634459	1.2788	-1.7299	-1.5290
89634460	1.0978	-1.7533	-1.4692
89634461	1.2273	-0.9961	-1.8840
89634462	1.1852	-1.1903	-1.8391
89634463	1.4822	-1.3217	-2.6338
89634464	0.0000	0.0000	0.0000
89634465	0.0000	0.0000	0.0000
89634466	0.0000	0.0000	0.0000
89634467	0.0000	0.0000	0.0000
89634468	0.0000	0.0000	0.0000
89634469	0.0000	0.0000	0.0000
89634470	0.0000	0.0000	0.0000
89634471	0.0000	0.0000	0.0000
89634472	0.0000	0.0000	0.0000
89634473	0.0000	0.0000	0.0000
89634474	0.0000	0.0000	0.0000
89634475	0.0000	0.0000	0.0000
89634476	0.0000	0.0000	0.0000
89634477	0.0000	0.0000	0.0000
89634478	0.0000	0.0000	0.0000
89634479	0.0000	0.0000	0.0000
89634480	0.0000	0.0000	0.0000
89634481	0.0000	0.0000	0.0000
89634482	0.0000	0.0000	0.0000
89634483	0.0000	0.0000	0.0000
89634484	0.0000	0.0000	0.0000
89634485	0.0000	0.0000	0.0000
89634486	0.0000	0.0000	0.0000
89634487	0.0000	0.0000	0.0000
89634488	0.0000	0.0000	0.0000
89634489	0.0000	0.0000	0.0000
89634490	0.0000	0.0000	0.0000
89634491	0.0000	0.0000	0.0000
89634492	0.0000	0.0000	0.0000
89634493	0.0000	0.0000	0.0000
89634494	0.0000	0.0000	0.0000
89634495	0.0000	0.0000	0.0000
89634496	0.0000	0.0000	0.0000
89634497	0.0000	0.0000	0.0000
89634498	0.0000	0.0000	0.0000
89634499	0.0000	0.0000	0.0000
89634500	0.0000	0.0000	0.0000
89634501	0.0000	0.0000	0.0000
89634502	0.0000	0.0000	0.0000
89634503	0.0000	0.0000	0.0000
89634504	0.0000	0.0000	0.0000
89634505	0.0000	0.0000	0.0000
89634506	0.0000	0.0000	0.0000
89634507	0.0000	0.0000	0.0000
89634508	0.0000	0.0000	0.0000
89634509	0.0000	0.0000	0.0000
89634510	0.0000	0.0000	0.0000
89634511	0.0000	0.0000	0.0000
89634512	0.0000	0.0000	0.0000
89634513	0.0000	0.0000	0.0000
89634514	0.0000	0.0000	0.0000
89634515	0.0000	0.0000	0.0000
89634516	0.0000	0.0000	0.0000
89634517	0.0000	0.0000	0.0000
89634518	0.0000	0.0000	0.0000
89634519	0.0000	0.0000	0.0000
89634520	0.0000	0.0000	0.0000
89634521	0.0000	0.0000	0.0000
89634522	0.0000	0.0000	0.0000
89634523	0.0000	0.0000	0.0000
89634524	0.0000	0.0000	0.0000
89634525	0.0000	0.0000	0.0000
89634526	0.0000	0.0000	0.0000
89634527	0.0000	0.0000	0.0000
89634528	0.0000	0.0000	0.0000
89634529	0.0000	0.0000	0.0000
89634530	0.0000	0.0000	0.0000
89634531	0.0000	0.0000	0.0000
89634532	0.0000	0.0000	0.0000
89634533	0.0000	0.0000	0.0000
89634534	0.0000	0.0000	0.0000
89634535	0.0000	0.0000	0.0000
89634536	0.0000	0.0000	0.0000
89634537	0.0000	0.0000	0.0000
89634538	0.0000	0.0000	0.0000
89634539	0.0000	0.0000	0.0000
89634540	0.0000	0.0000	0.0000
89634541	0.0000	0.0000	0.0000
89634542	0.0000	0.0000	0.0000
89634543	0.0000	0.0000	0.0000
89634544	0.0000	0.0000	0.0000
89634545	0.0000	0.0000	0.0000
89634546	0.0000	0.0000	0.0000
89634547	0.0000	0.0000	0.0000
89634548	0.0000	0.0000	0.0000
89634549	0.0000	0.0000	0.0000
89634550	0.0000	0.0000	0.0000
89634551	0.0000	0.0000	0.0000
89634552	0.0000	0.0000	0.0000
89634553	0.0000	0.0000	0.0000
89634554	0.0000	0.0000	0.0000
89634555	0.0000	0.0000	0.0000
89634556	0.0000	0.0000	0.0000
89634557	0.0000	0.0000	0.0000
89634558	0.0000	0.0000	0.0000
89634559	0.0000	0.0000	0.0000
89634560	0.0000	0.0000	0.0000
89634561	0.0000	0.0000	0.0000
