89633311	0.3377	0.2666	1.9014
89633312	0.3713	0.0214	1.3768
89633313	0.1505	-0.3955	1.9548
89633314	0.3557	-0.7488	1.7395
89633315	0.3347	-0.2380	2.3489
89633316	0.4918	-0.2203	2.2047
89633317	0.5692	-0.1674	2.7228
89633318	0.5688	-0.2411	2.8316
89633319	0.2616	-0.4318	2.0424
89633320	0.1157	0.1632	1.6911
89633321	0.5498	0.0599	1.5529
89633322	0.3523	0.4536	1.8771
89633323	0.2995	0.5130	1.9683
89633324	0.1356	0.3172	1.4776
89633325	0.2245	0.1117	1.6955
89633326	0.3628	0.1591	1.1918
89633327	0.0519	-0.4453	1.3505
89633328	0.1356	-0.3237	1.6424
89633329	-0.0303	-0.7419	2.2417
89633330	0.0284	-0.6840	1.4026
89633331	0.4716	-0.8944	2.5593
89633332	0.1041	-0.5792	2.4927
89633333	-0.1959	-0.5063	2.1888
89633334	-0.0727	-0.4588	1.6934
89633335	-0.0630	-0.0963	1.4154
89633336	0.1023	0.0082	1.7194
89633337	-0.3054	-0.1083	2.0554
89633338	-0.0420	0.0734	2.1868
89633339	0.2251	-0.0740	3.0071
89633340	-0.1503	-0.3387	1.4674
89633341	-0.1422	-0.0684	2.2048
89633342	-0.0031	-0.4649	2.3418
89633343	0.1151	-0.0597	2.7769
89633344	-0.0983	-0.0777	1.5608
89633345	0.0933	-0.2485	2.1644
89633346	0.0523	0.2600	2.1113
89633347	0.2229	0.3528	2.5405
89633348	-0.1003	0.3588	2.0432
89633349	-0.0542	0.1530	2.0708
89633350	0.3422	0.1346	2.4299
89633351	0.0369	-0.2362	1.9907
89633352	0.3445	0.1211	2.8158
89633353	0.2186	-0.2617	2.3421
89633354	0.0160	-0.3100	1.4646
89633355	0.3595	-0.5271	2.6272
89633356	0.1285	-0.3042	2.8870
89633357	0.2975	-0.5549	3.2145
89633358	0.0945	-0.2434	2.7965
89633359	0.5402	0.1603	3.2419
89633360	0.5389	-0.0562	2.8220
89633361	0.0741	-0.1401	2.2470
89633362	0.2311	0.0897	2.4388
89633363	0.1186	0.1740	2.2090
89633364	-0.0251	0.1142	1.6224
89633365	0.2161	0.0663	2.0177
89633366	-0.1720	0.4855	1.5536
89633367	-0.3474	0.2141	2.0693
89633368	0.0664	0.1029	2.7785
89633369	-0.3068	0.0525	2.6789
89633370	0.1380	0.0444	2.3099
89633371	0.2133	0.0283	3.0907
89633372	-0.1226	-0.2191	2.6673
89633373	0.2308	-0.3937	2.0469
89633374	-0.0538	0.0785	1.3992
89633375	-0.2241	-0.0347	1.9289
89633376	-0.0415	0.1828	1.1539
89633377	0.1988	0.1467	1.2488
89633378	0.0247	0.0770	0.8007
89633379	0.2380	0.2628	1.8785
89633380	-0.1232	0.2053	1.1654
89633381	0.2440	0.0617	1.5030
89633382	0.1108	0.0716	1.7646
89633383	0.1168	0.2743	1.8862
89633384	0.5503	-0.1434	2.9717
89633385	0.3130	0.3875	2.4463
89633386	0.3929	-0.2484	2.4076
89633387	0.1601	-0.2701	1.9396
89633388	0.3829	-0.1356	1.6087
89633389	0.1695	-0.3240	0.8647
89633390	-0.0493	-0.1283	1.2223
89633391	0.2323	-0.1924	1.7533
89633392	0.3201	0.0496	1.2159
89633393	0.1049	0.4161	1.5191
89633394	0.1233	0.1358	1.2585
89633395	0.1128	-0.4533	1.2937
89633396	0.3982	-0.0721	2.3633
89633397	0.4520	0.3063	2.8946
89633398	0.3350	0.0267	2.5099
89633399	-0.0462	-0.1537	2.1564
89633400	0.2778	-0.5411	2.0819
89633401	0.2494	-0.1200	3.2217
89633402	0.0672	-0.2546	2.5263
89633403	0.0044	-0.1069	2.4375
89633404	0.1469	-0.5337	1.5673
89633405	0.0684	-0.9075	1.5190
89633406	0.1765	-0.6917	1.0759
89633407	0.0689	-0.6025	1.3258
89633408	-0.3042	-0.5234	0.9497
89633409	0.1044	-0.5958	2.1196
89633410	-0.0055	-0.6561	1.4971
89633411	0.3273	-0.5799	2.1736
89633412	0.0544	-0.4342	2.6272
89633413	0.2528	-0.5832	2.9591
89633414	-0.1562	-0.8213	2.2424
89633415	-0.0870	-0.6876	1.8372
89633416	-0.1243	-0.5280	2.3535
89633417	0.1072	-0.4811	2.5492
89633418	-0.0085	-0.2677	1.7310
89633419	-0.0504	-0.1520	2.3652
89633420	-0.0987	-0.2191	0.8552
89633421	0.2843	0.0655	2.1796
89633422	0.0664	-0.1249	1.0171
89633423	-0.3763	-0.2000	0.1366
89633424	-0.1514	-0.0913	0.9161
89633425	0.0996	0.1016	2.1038
89633426	0.1360	-0.2163	1.8020
89633427	0.1336	-0.3243	1.8684
89633428	0.0477	-0.3332	1.7493
89633429	0.2640	-0.5042	2.4692
89633430	0.1081	-0.3568	2.3547
89633431	0.3455	-0.6416	2.1507
89633432	0.1968	-0.2229	1.8761
89633433	0.2901	-0.2609	1.7064
89633434	0.2390	-0.2404	1.1439
89633435	0.0094	0.2771	1.2530
89633436	0.2225	0.6201	1.8480
89633437	-0.1292	0.4408	1.3871
89633438	0.2283	0.3589	1.3641
89633439	-0.0221	0.2821	1.6791
89633440	0.1244	0.2710	1.5176
89633441	0.0979	0.3154	1.7005
89633442	0.0072	-0.0403	1.2446
89633443	0.0084	-0.4154	1.7884
89633444	0.3179	-0.6995	1.5336
89633445	-0.0447	-0.8673	1.9484
89633446	0.0139	-0.8877	2.7395
89633447	0.0750	-0.6099	1.1387
89633448	-0.1067	-0.5487	0.9852
89633449	0.2138	0.1076	2.6929
89633450	-0.3878	-0.1213	1.3123
89633451	0.0104	0.0351	1.1121
89633452	-0.2356	0.2033	1.3251
89633453	-0.1088	0.0790	1.7799
89633454	0.2000	-0.0175	2.2756
89633455	0.1147	-0.1585	2.4217
89633456	0.0945	0.0539	2.2693
89633457	-0.0715	-0.2357	1.2952
89633458	0.2513	-0.4644	2.2707
89633459	0.0701	-0.6092	1.8906
89633460	0.2494	-0.5868	2.2404
89633461	0.1748	-0.5900	2.5901
89633462	0.1271	-0.4501	2.3059
89633463	0.1200	-0.2258	2.6214
89633464	0.2156	-0.5664	2.7015
89633465	0.1979	-0.2328	2.1157
89633466	0.1957	-0.3758	2.4333
89633467	0.1013	-0.4786	1.8630
89633468	-0.1620	-0.0479	1.8097
89633469	0.0358	-0.2853	1.6371
89633470	-0.0798	-0.2104	1.9164
89633471	0.0764	-0.3787	1.8857
89633472	0.0313	-0.2810	1.9164
89633473	0.1780	-0.1179	2.3821
89633474	-0.0702	-0.4107	2.3856
89633475	0.0574	-0.2493	2.5706
89633476	-0.0623	-0.4239	3.3178
89633477	0.2489	-0.2928	2.7916
89633478	-0.0641	-0.0620	2.3268
89633479	-0.1095	-0.1673	2.8593
89633480	-0.0466	-0.5356	2.1553
89633481	-0.0342	-0.5177	1.5924
89633482	0.0045	-0.5065	1.3152
89633483	-0.1018	-0.1477	1.7874
89633484	0.1087	-0.7102	1.5583
89633485	-0.0627	-0.7724	1.6588
89633486	0.0951	-0.2715	1.9435
89633487	0.0000	0.0000	0.0000
89633488	-0.0384	-0.0665	1.6806
89633489	-0.0815	0.0163	2.0212
89633490	0.1137	0.3905	2.7158
89633491	-0.2164	0.3509	2.3074
89633492	-0.1746	0.2709	1.9695
89633493	-0.1429	-0.1030	2.0753
89633494	-0.0678	-0.1984	2.2274
89633495	-0.1609	-0.3218	1.8315
89633496	0.0668	-0.4935	2.5915
89633497	-0.0784	-0.4016	1.9040
89633498	-0.1469	-0.7210	1.8089
89633499	-0.3859	-0.6475	2.0096
89633500	-0.2330	-0.5206	1.5338
89633501	-0.1811	-0.6951	1.3689
89633502	-0.0911	-0.4930	1.3742
89633503	-0.2025	-0.5597	1.7194
89633504	-0.2868	-0.0988	2.3477
89633505	-0.0706	-0.3991	2.3108
89633506	0.0593	-0.0270	2.5448
89633507	0.0887	-0.4284	2.9988
89633508	0.1123	-0.7210	1.8737
89633509	-0.1935	-0.3459	2.5882
89633510	0.0313	-0.2963	2.8385
89633511	0.1019	-0.4335	2.4044
89633512	-0.0497	-0.2305	2.2361
89633513	0.0329	-0.2686	2.4717
89633514	-0.3745	-0.4550	1.7325
89633515	-0.3977	-0.7667	1.4025
89633516	0.0848	-0.5254	2.9818
89633517	0.0239	-0.5724	2.4802
89633518	-0.0924	-0.5707	2.9908
89633519	-0.3060	-0.6489	2.1747
89633520	-0.1450	-0.3042	2.3375
89633521	-0.2202	-0.5256	2.4470
89633522	0.0712	-0.5388	2.8462
89633523	-0.0791	-0.4241	2.4647
89633524	-0.1922	-0.7240	2.1163
89633525	-0.1007	-0.4259	1.9539
89633526	-0.0783	-0.1381	2.5969
89633527	-0.3534	-0.1758	2.4617
89633528	-0.0590	-0.2008	2.1943
89633529	-0.0553	-0.7380	1.6930
89633530	-0.1111	-0.5850	1.4563
89633531	-0.2423	-0.3621	2.1643
89633532	0.0638	-0.2673	2.7864
89633533	0.2256	-0.4042	2.8702
89633534	0.3969	-0.3851	3.2665
89633535	0.1255	-0.6696	2.9129
89633536	0.0737	-0.7399	2.9097
89633537	0.2261	-0.7852	2.2043
89633538	-0.1960	-0.7117	1.7459
89633539	0.2742	-1.0763	2.4208
89633540	0.1061	-1.0236	2.0085
89633541	0.4137	-0.8530	2.5463
89633542	0.1583	-0.9025	1.5917
89633543	0.0048	-0.5980	3.0586
89633544	-0.0599	-0.4646	2.2325
89633545	0.0604	-0.6477	2.6363
89633546	0.2637	-0.4623	3.0097
89633547	-0.1364	-0.4433	2.7861
89633548	0.0191	-0.3763	2.4834
89633549	-0.0175	-0.3754	2.5412
89633550	-0.0815	-0.5246	2.6515
89633551	0.2270	-0.5157	2.8680
89633552	0.2081	-0.5680	2.4489
89633553	0.2130	-0.5759	2.6793
89633554	-0.0916	-0.7910	2.3942
89633555	0.1102	-1.0445	2.3699
89633556	0.0796	-0.5370	2.0848
89633557	-0.0258	-0.2578	2.2659
89633558	-0.0072	-0.0473	2.5992
89633559	-0.0895	-0.4003	1.4412
89633560	0.2650	-0.1734	2.3469
89633561	0.1079	-0.2044	2.3112
89633562	0.0142	-0.2299	1.7678
89633563	0.0775	0.0877	2.7700
89633564	0.5385	-0.1776	3.2367
89633565	0.4408	0.0107	3.9996
89633566	-0.0469	-0.3687	2.3637
89633567	-0.0962	-0.3097	2.9688
89633568	-0.0065	-0.1062	2.4146
89633569	0.1117	-0.5369	1.8464
89633570	0.1785	-0.4326	2.3107
89633571	-0.0157	-0.2743	1.8666
89633572	-0.0186	0.2158	2.5074
89633573	0.0821	-0.0619	1.5390
89633574	0.0333	0.1569	0.7998
89633575	-0.0124	0.0068	1.8146
89633576	0.1509	0.1517	2.6247
89633577	-0.0681	0.1646	1.8553
89633578	0.0970	-0.2338	1.7358
89633579	0.0884	-0.1772	1.9712
89633580	0.0759	-0.0790	3.0870
89633581	0.1204	-0.0091	3.4651
89633582	-0.1174	-0.3984	2.5618
89633583	0.2460	-0.4487	3.8771
89633584	0.0219	-0.4835	2.7951
89633585	0.0587	-0.5256	2.7212
89633586	0.2039	-0.3951	2.6219
89633587	0.0328	-0.3761	1.9959
89633588	0.0448	-0.2656	2.2869
89633589	-0.1113	-0.0823	2.0985
89633590	-0.0287	-0.0124	2.3632
89633591	0.0475	0.0225	2.4674
89633592	-0.0127	-0.0380	2.5506
89633593	-0.1236	-0.3190	2.4826
89633594	0.0017	-0.3056	2.7520
89633595	0.0992	-0.2036	3.3155
89633596	0.5278	-0.2524	4.3547
89633597	0.1548	-0.4223	3.8636
89633598	0.2630	-0.5568	3.4473
89633599	0.1195	-0.5730	2.3818
89633600	0.2532	-0.4146	2.6568
89633601	0.1672	-0.5524	1.7418
89633602	-0.0651	-0.2431	2.2631
89633603	0.0540	-0.2205	2.2266
89633604	0.0254	-0.0384	2.6282
89633605	0.1752	0.0186	3.4492
89633606	0.1974	0.1845	3.7963
89633607	0.1047	0.0027	4.1548
89633608	0.1295	0.1426	3.6890
89633609	0.1411	0.1408	3.7578
89633610	0.3701	0.1021	3.9355
89633611	0.3145	-0.1959	2.9500
89633612	0.1607	-0.6598	1.9078
89633613	0.1036	-0.0306	2.8834
89633614	0.1084	0.0302	2.8424
89633615	0.2974	-0.2054	3.4793
89633616	0.0951	-0.7095	2.7049
89633617	0.3251	-0.5833	2.9702
89633618	0.4317	-0.8278	3.0818
89633619	0.4294	-0.7430	2.8554
89633620	0.1508	-0.3744	2.8069
89633621	0.5893	-0.7640	3.2103
89633622	0.4794	-0.6727	3.2845
89633623	0.6836	-0.7275	2.7372
89633624	0.4691	-0.2110	2.5661
89633625	0.4505	-0.3073	3.1259
89633626	0.4536	-0.5470	2.7452
89633627	0.4236	-0.5521	3.1158
89633628	0.2147	-0.6320	2.2361
89633629	0.3111	-0.8064	3.0522
89633630	0.2733	-1.1591	2.3640
89633631	0.2982	-1.0522	2.9676
89633632	0.6283	-0.7995	3.4179
89633633	0.4237	-0.7543	3.3742
89633634	0.0187	-0.6716	2.7792
89633635	-0.0404	-0.6844	2.2303
89633636	0.4205	-0.8944	3.1330
89633637	0.4056	-0.6781	2.7388
89633638	-0.0447	-0.3453	2.0180
89633639	0.2076	-0.3688	2.6585
89633640	0.3476	-0.7215	2.5863
89633641	0.3441	-0.3752	2.8259
89633642	0.1019	-0.3680	3.1623
89633643	0.4281	-0.3244	3.2001
89633644	0.4693	-0.5009	3.2274
89633645	0.0951	-0.1805	2.6656
89633646	0.1240	0.0031	3.5711
89633647	0.2491	-0.0394	3.0486
89633648	0.2537	-0.1932	3.0398
89633649	0.0809	-0.1809	2.6105
89633650	0.3490	-0.0958	3.0978
89633651	0.3136	-0.1627	2.8951
89633652	0.1714	-0.1140	1.9639
89633653	0.2725	-0.3318	2.5795
89633654	-0.1179	-0.3494	2.7988
89633655	-0.1832	-0.2440	2.3179
89633656	0.0586	-0.5867	3.1676
89633657	0.4868	-0.7524	3.5182
89633658	0.1842	-0.6485	3.2280
89633659	0.3401	-0.7183	3.2204
89633660	0.0347	-0.1329	2.9235
89633661	-0.0225	-0.4349	2.9476
89633662	0.5305	-0.1151	3.7678
89633663	0.2118	-0.0586	3.2905
89633664	0.1947	0.0093	2.6189
89633665	-0.1125	0.1701	2.2636
89633666	0.0213	0.2183	3.0530
89633667	-0.3041	-0.2154	2.3933
89633668	-0.2232	-0.1417	2.4056
89633669	0.0059	-0.3593	3.2113
89633670	-0.3334	-0.7086	2.0856
89633671	-0.1005	-0.6246	3.6192
89633672	0.1035	-0.9080	3.7524
89633673	-0.2049	-0.8551	3.0396
89633674	0.2349	-0.9774	3.9551
89633675	0.0961	-0.7253	3.1125
89633676	0.3421	-0.4852	3.7593
89633677	0.2202	-0.5208	3.9546
89633678	-0.2225	-0.2046	2.6708
89633679	0.1915	-0.3505	3.3940
89633680	0.1067	0.0666	3.5334
89633681	0.3052	0.1716	4.3492
89633682	0.0410	0.1483	3.2598
89633683	0.1922	0.1046	2.9401
89633684	0.0862	-0.0941	2.9150
89633685	0.1775	-0.2178	3.4102
89633686	0.3969	-0.4050	3.0737
89633687	0.4313	-0.4485	3.3774
89633688	0.3233	-0.5475	3.8545
89633689	0.1466	-0.5592	3.3851
89633690	0.2906	-0.4089	3.4866
89633691	0.2982	-0.1448	3.4692
89633692	0.2073	-0.2688	3.4112
89633693	-0.0129	-0.0861	3.8569
89633694	0.2097	0.1224	4.1063
89633695	0.1936	-0.1604	3.3840
89633696	0.4719	-0.0285	3.6828
89633697	0.2439	-0.1576	4.1129
89633698	0.1693	-0.2135	3.1017
89633699	0.0255	-0.3961	3.0095
89633700	-0.0186	-0.4192	2.6615
89633701	0.3477	-0.6595	3.6496
89633702	0.5008	-0.8749	3.2649
89633703	0.2686	-0.8085	3.0708
89633704	0.1785	-0.6335	3.1975
89633705	0.4353	-0.5612	3.2611
89633706	0.2854	-0.5347	3.5250
89633707	0.2926	-0.3141	3.0908
89633708	0.4832	-0.1256	3.8879
89633709	0.1914	0.0170	3.6007
89633710	0.1610	0.2995	3.1802
89633711	0.4021	0.2236	4.1619
89633712	0.3859	0.2577	3.5302
89633713	-0.0058	0.2810	2.5844
89633714	-0.0064	0.2037	2.4470
89633715	-0.0696	-0.1427	1.9094
89633716	0.3033	-0.3561	2.6984
89633717	0.5825	-0.5910	4.0956
89633718	0.5140	-0.8436	3.2135
89633719	0.0296	-1.0245	1.9617
89633720	0.3805	-0.5080	3.2684
89633721	0.6985	-0.7194	3.6440
89633722	0.5632	-0.5407	3.9882
89633723	0.7656	-0.3360	4.1246
89633724	0.4527	-0.3945	3.2361
89633725	0.5758	-0.1882	2.9609
89633726	0.5474	-0.1388	3.2754
89633727	0.5544	-0.3409	1.8581
89633728	0.4291	-0.1928	1.6491
89633729	0.3801	-0.2939	1.6607
89633730	0.2730	-0.3375	1.8237
89633731	0.4243	-0.3002	2.0731
89633732	0.2395	-0.4055	2.3590
89633733	0.5293	-0.2667	2.6452
89633734	0.3128	-0.5690	3.1402
89633735	0.8316	-0.4384	4.3466
89633736	0.8027	-0.6487	4.0795
89633737	0.7303	-0.5793	3.6903
89633738	0.4723	-0.5898	3.0906
89633739	0.6348	-0.6181	3.1497
89633740	0.5749	-0.6760	3.0120
89633741	0.4966	-0.7017	2.4737
89633742	0.3114	-0.9193	1.3681
89633743	0.2943	-0.8918	1.7643
89633744	0.2258	-0.7385	1.6450
89633745	0.5175	-0.8965	2.3583
89633746	0.5676	-0.4855	3.8073
89633747	0.6443	-0.6379	3.7359
89633748	0.1167	-0.6176	2.9256
89633749	0.4130	-0.4466	3.2286
89633750	0.1455	-0.1053	2.9185
89633751	0.7382	-0.3670	2.8591
89633752	0.3787	-0.2111	3.3648
89633753	0.1386	-0.1068	2.3115
89633754	0.3596	-0.3851	2.1057
89633755	0.1263	-0.0077	2.2279
89633756	0.3482	-0.0080	2.4157
89633757	0.4069	-0.4254	1.9276
89633758	0.3604	-0.5658	2.4775
89633759	0.4814	-0.7057	2.5629
89633760	0.1389	-0.6453	3.4584
89633761	0.5025	-0.7795	3.4676
89633762	0.6232	-1.0571	3.7731
89633763	0.6444	-1.0533	3.7819
89633764	0.2819	-1.0451	3.5084
89633765	0.1948	-1.1257	2.7504
89633766	0.0647	-0.9811	2.4533
89633767	0.3370	-1.3656	1.5887
89633768	0.0417	-0.9802	1.3631
89633769	0.4750	-0.7450	2.2260
89633770	0.0928	-0.5806	1.7885
89633771	-0.2171	-0.2666	0.9887
89633772	-0.0653	-0.0914	1.2126
89633773	0.0009	-0.0997	1.4579
89633774	0.2416	0.0664	2.5916
89633775	0.4120	0.0531	3.5036
89633776	0.5185	-0.0219	2.9095
89633777	0.3453	-0.0877	2.1595
89633778	0.0096	0.1041	1.8702
89633779	0.1488	-0.0592	2.1549
89633780	0.2766	-0.3943	1.9696
89633781	0.4579	-0.4588	2.7174
89633782	0.3351	-0.4094	2.5448
89633783	0.3339	-0.4661	2.5157
89633784	0.0942	-0.3598	1.9293
89633785	0.1531	-0.4530	2.4296
89633786	0.3366	-0.5076	2.6900
89633787	0.3333	-0.3296	3.2171
89633788	0.1716	-0.1881	2.8086
89633789	0.0524	0.0031	2.4713
89633790	0.2233	-0.0825	2.7385
89633791	-0.1012	-0.0118	2.3041
89633792	0.1100	-0.2303	2.2943
89633793	0.3906	-0.3232	2.6264
89633794	0.2338	-0.2560	2.5896
89633795	0.2525	-0.7963	2.9748
89633796	0.2655	-0.8520	3.0130
89633797	0.2948	-1.0951	2.8333
89633798	-0.2049	-0.8928	2.7123
89633799	0.1621	-0.7257	2.9359
89633800	0.1909	-0.6641	2.7073
89633801	-0.2527	-0.7371	2.4877
89633802	-0.0683	-0.2638	2.8909
89633803	0.1244	-0.2309	2.8534
89633804	0.0602	-0.5106	2.5030
89633805	0.1747	-0.4099	2.7096
89633806	0.2662	-0.4933	2.9350
89633807	0.2719	-0.6361	3.2630
89633808	0.1953	-0.5306	3.0485
89633809	0.3227	-0.4808	3.0442
89633810	0.2902	-0.9041	3.3059
89633811	0.1299	-0.8073	2.4510
89633812	0.4555	-0.8938	3.0620
89633813	0.6277	-0.9183	3.1557
89633814	0.5686	-0.6422	2.2778
89633815	0.8614	-0.8314	3.2049
89633816	0.7202	-0.6291	3.0870
89633817	0.2353	-0.3882	2.9001
89633818	0.4184	-0.2602	2.7040
89633819	0.1519	-0.8659	2.3672
89633820	0.2815	-0.6672	2.1681
89633821	0.4988	-0.4759	2.9221
89633822	0.4298	-0.5223	2.6929
89633823	0.6464	-0.7261	2.7313
89633824	0.7641	-0.6188	3.1526
89633825	0.2553	-0.5500	2.3395
89633826	0.4431	-0.3382	2.9831
89633827	0.6022	-0.9377	2.7049
89633828	0.7438	-0.7583	3.2085
89633829	0.3049	-0.8643	2.5775
89633830	-0.0364	-0.8135	1.8523
89633831	-0.3201	-0.8867	2.0151
89633832	0.0020	-1.1700	2.2245
89633833	0.0379	-1.2449	3.1098
89633834	-0.0691	-1.2999	2.6186
89633835	0.1230	-1.3563	2.3509
89633836	-0.0497	-1.1701	2.7221
89633837	-0.0341	-0.9837	2.5296
89633838	-0.0356	-0.9802	2.2591
89633839	-0.3311	-0.9588	2.4108
89633840	-0.2902	-1.0543	1.6840
89633841	-0.1377	-0.8033	2.0303
89633842	-0.1119	-0.7149	2.0592
89633843	-0.3137	-0.4285	2.3248
89633844	-0.2028	-0.4384	2.0800
89633845	-0.4234	-0.6245	1.8898
89633846	-0.2241	-0.5754	2.7385
89633847	-0.1456	-0.2347	2.0845
89633848	0.1022	-0.5700	2.8789
89633849	0.0433	-0.6224	2.2703
89633850	0.0102	-0.3178	2.4638
89633851	0.2850	-0.2940	2.8699
89633852	0.0571	-0.4963	2.5451
89633853	-0.1999	-0.6747	1.7206
89633854	-0.2059	-0.9220	2.1410
89633855	-0.1261	-0.8987	2.4448
89633856	-0.0206	-0.9423	2.4934
89633857	0.1676	-0.8238	3.6426
89633858	-0.2880	-0.8477	2.9542
89633859	-0.2790	-0.7322	2.5701
89633860	-0.6307	-1.0096	1.8252
89633861	-0.3633	-0.7447	2.5672
89633862	-0.2674	-0.9806	2.0348
89633863	0.1813	-0.8098	2.9111
89633864	-0.3544	-0.9455	2.0856
89633865	-0.2052	-0.7796	2.0928
89633866	-0.0466	-0.8598	1.0244
89633867	0.0267	-0.7320	2.1194
89633868	0.1698	-0.8483	2.2303
89633869	-0.3531	-1.0463	1.8599
89633870	-0.3241	-1.2538	1.3373
89633871	-0.1910	-1.1465	1.8205
89633872	-0.0016	-1.2222	2.8381
89633873	-0.1912	-1.1599	2.6807
89633874	-0.2381	-1.1907	2.2120
89633875	-0.3728	-0.9313	2.4764
89633876	-0.1654	-1.2116	2.6982
89633877	-0.1905	-1.0855	2.7511
89633878	0.1426	-0.9444	3.7309
89633879	-0.3780	-1.1543	2.7399
89633880	-0.4157	-1.4196	2.3748
89633881	-0.2511	-1.1373	2.9222
89633882	-0.0770	-0.7701	2.9885
89633883	0.0016	-0.7880	2.2086
89633884	0.0562	-0.5518	1.8982
89633885	-0.4428	-0.6400	1.4161
89633886	-0.4212	-0.8859	1.2690
89633887	-0.1172	-0.5831	2.6008
89633888	0.4374	-0.8824	2.6950
89633889	-0.2310	-0.8177	2.6357
89633890	-0.3316	-1.0341	2.2975
89633891	0.0310	-1.0660	2.9157
89633892	-0.4310	-1.1544	1.8868
89633893	-0.5118	-0.7626	1.9129
89633894	-0.1856	-0.6403	3.0068
89633895	0.0713	-0.4976	2.5390
89633896	0.2096	-0.5323	3.5815
89633897	-0.0823	-0.6780	2.0178
89633898	0.2328	-0.6161	2.6684
89633899	0.3320	-0.5248	3.1084
89633900	0.6524	-0.5316	3.5292
89633901	0.3883	-0.7526	2.6018
89633902	0.1082	-0.8304	2.0508
89633903	0.1919	-0.7846	2.5223
89633904	0.0699	-1.2343	2.8107
89633905	-0.1488	-0.7755	1.9110
89633906	-0.1754	-1.0215	2.2901
89633907	0.0714	-0.7983	2.0715
89633908	-0.1264	-1.0147	1.5124
89633909	-0.0486	-0.9532	1.5643
89633910	-0.2393	-0.6766	2.0863
89633911	-0.1581	-0.7316	2.1254
89633912	0.0869	-0.9562	2.2374
89633913	-0.3172	-0.7318	2.0882
89633914	-0.3744	-0.4532	2.8132
89633915	-0.3976	-0.6878	2.0583
89633916	-0.6725	-0.9328	1.5787
89633917	-0.3363	-0.8143	2.6400
89633918	-0.0874	-0.7279	2.7488
89633919	0.0796	-0.7348	2.3822
89633920	-0.2509	-0.4634	2.2792
89633921	-0.3751	-0.4183	1.9310
89633922	-0.5946	-0.5043	1.5724
89633923	-0.1896	-0.0916	2.3919
89633924	0.1432	-0.2831	2.4619
89633925	0.3023	-0.5932	3.3278
89633926	0.1470	-0.0920	2.5758
89633927	0.1496	0.0291	3.0203
89633928	0.2059	0.0154	2.7625
89633929	0.1930	-0.2828	2.8485
89633930	0.8338	0.0205	2.8670
89633931	0.3936	-0.2948	1.7827
89633932	0.2758	-0.4398	2.1028
89633933	0.4244	-0.1300	2.1889
89633934	0.2708	-0.3351	1.7006
89633935	0.2340	0.0488	1.7039
89633936	-0.0471	-0.1189	1.2461
89633937	-0.2686	-0.2690	1.3077
89633938	0.0416	-0.3221	1.9974
89633939	0.1339	-0.3037	1.8225
89633940	0.5961	-0.2145	3.2535
89633941	0.1044	-0.1702	2.3766
89633942	0.4012	-0.6562	2.1851
89633943	0.3041	-0.7071	2.5158
89633944	0.1373	-0.8850	1.6018
89633945	-0.1043	-0.6931	0.9225
89633946	-0.1074	-0.8546	0.7901
89633947	0.0272	-0.6527	1.0180
89633948	0.0806	-0.3092	1.1982
89633949	0.4618	-0.5124	0.9918
89633950	0.3690	-0.2559	1.7000
89633951	0.4522	0.1835	1.2165
89633952	0.7388	-0.0037	1.1842
89633953	0.7396	-0.0171	1.0779
89633954	0.7396	0.2535	1.6982
89633955	0.5702	-0.0971	1.0923
89633956	0.8298	0.0710	1.4926
89633957	1.0822	-0.1213	2.0185
89633958	0.3642	-0.3089	1.6417
89633959	0.4028	-0.6838	1.7309
89633960	0.3212	-0.7186	2.3967
89633961	0.4102	-1.0852	2.1467
89633962	0.5182	-1.0453	2.5107
89633963	0.2515	-0.9187	2.1827
89633964	0.0701	-0.7683	1.3596
89633965	0.0719	-0.4511	1.4886
89633966	0.0749	-0.4832	1.6773
89633967	0.2124	0.0768	1.9499
89633968	0.3103	0.2562	1.8850
89633969	0.2984	0.3464	1.7255
89633970	0.1680	0.2849	1.4078
89633971	0.2043	0.2747	1.5105
89633972	0.1227	-0.0651	1.6340
89633973	0.1141	-0.1725	1.9186
89633974	-0.1962	-0.4981	1.4954
89633975	-0.1511	-0.4480	2.5002
89633976	-0.0069	-0.2524	2.2617
89633977	-0.0332	-0.6696	2.0225
89633978	-0.1706	-0.2756	1.6673
89633979	-0.0029	-0.4770	1.8493
89633980	-0.1891	-0.4085	1.3950
89633981	-0.1835	-0.3574	0.7029
89633982	-0.4609	-0.2865	0.2734
89633983	0.0342	-0.3784	0.4620
89633984	0.0677	-0.5316	0.5539
89633985	-0.2344	-0.4048	0.7914
89633986	-0.4924	-0.4270	-0.1118
89633987	-0.1522	-0.2567	0.1076
89633988	-0.0979	-0.4147	0.4679
89633989	-0.0019	-0.1794	0.5586
89633990	0.0524	-0.2632	0.4805
89633991	0.2190	-0.2224	0.7517
89633992	-0.0330	-0.1478	0.5530
89633993	0.2304	-0.6760	0.5249
89633994	0.4315	-0.6584	0.4952
89633995	0.3800	-0.6160	0.4147
89633996	0.8168	-1.0072	0.8947
89633997	0.8514	-0.8095	0.7432
89633998	0.4724	-0.6874	0.5382
89633999	1.5875	-0.4998	1.7393
89634000	1.8282	-0.6355	1.7481
89634001	1.5659	-0.3988	1.6210
89634002	1.6305	-0.3481	1.4995
89634003	1.7188	0.1744	1.3257
89634004	1.9638	0.0963	2.0467
89634005	1.9225	0.1937	2.9685
89634006	1.9786	0.2819	3.8084
89634007	1.7947	0.4604	2.8435
89634008	1.8622	0.0527	2.8354
89634009	1.4653	-0.2972	2.8090
89634010	1.4404	-0.2469	3.0537
89634011	1.2785	-0.3917	2.6946
89634012	1.4529	-0.2012	2.9907
89634013	1.0074	-0.5084	2.9686
89634014	1.0706	-0.3787	4.6516
89634015	0.7177	-0.3879	4.5965
89634016	0.3558	-0.3441	4.2581
89634017	0.1557	-0.7452	4.8932
89634018	-0.1787	-0.7201	4.1217
89634019	-0.3513	-0.9320	3.6239
89634020	-0.3421	-0.6951	4.2513
89634021	-1.0274	-1.0917	2.8977
89634022	-0.7817	-1.0613	4.6708
89634023	-1.6947	-1.2872	3.6355
89634024	-1.7543	-1.6889	3.3461
89634025	-2.1003	-1.7511	3.1943
89634026	-2.3349	-2.0350	3.1614
89634027	-2.1441	-2.0404	3.5717
89634028	-2.4613	-1.7734	2.4668
89634029	-2.2127	-1.5204	2.4011
89634030	-2.3185	-0.9527	1.6629
89634031	-1.9262	-0.3786	2.2325
89634032	-2.1117	0.3001	1.4299
89634033	-1.7817	0.6319	2.1292
89634034	-1.4749	0.8411	1.6812
89634035	-1.0139	1.1950	1.4996
89634036	-0.7453	1.5533	1.0111
89634037	-0.2394	1.4989	1.4440
89634038	-0.1698	1.8872	0.8853
89634039	0.4520	2.2725	1.6412
89634040	0.3575	2.2018	1.0015
89634041	0.6651	2.2235	0.4804
89634042	0.9599	2.1425	0.4361
89634043	0.8499	1.5595	0.0883
89634044	0.8843	0.8078	-0.0031
89634045	0.8008	0.2172	-0.2220
89634046	0.3663	-0.6123	-0.2073
89634047	0.6620	-1.6020	1.5734
89634048	0.2424	-2.6263	2.8010
89634049	-0.3470	-3.8327	3.1694
89634050	-0.7926	-3.8848	2.9733
89634051	-0.7268	-4.2595	2.5567
89634052	-0.8003	-3.6051	3.1030
89634053	-1.0662	-3.3116	2.9486
89634054	-0.6627	-1.7772	2.2851
89634055	-0.1758	-0.2088	3.1285
89634056	-0.3648	0.5027	2.7080
89634057	-0.6804	0.2263	2.1656
89634058	-1.1236	0.8703	1.2947
89634059	-0.3041	1.8006	1.0419
89634060	0.0512	2.7189	2.3602
89634061	-0.2784	2.7110	1.1856
89634062	-0.8430	2.0839	1.5990
89634063	-0.6144	0.9436	1.8978
89634064	-0.6691	0.4425	1.5174
89634065	-0.8087	0.4525	0.5878
89634066	-0.7965	0.3333	0.2417
89634067	-0.6832	0.1739	0.1141
89634068	-0.5725	0.0011	1.2725
89634069	-0.6461	-0.2851	0.1767
89634070	-0.5263	-0.8812	0.0050
89634071	-0.4583	-1.3845	-0.1650
89634072	-0.6975	-1.3938	-0.6857
89634073	0.1634	-0.9610	1.1980
89634074	0.2985	-0.5745	1.0908
89634075	0.4349	-0.4485	1.3673
89634076	0.5575	-0.3718	1.5020
89634077	0.6189	-0.4399	1.3268
89634078	0.5023	-0.6114	2.3495
89634079	0.3734	-1.0780	2.4948
89634080	0.9728	-1.5096	3.2218
89634081	0.7352	-0.8025	4.1040
89634082	0.5236	-0.4919	3.5306
89634083	-0.1260	-0.3206	2.8955
89634084	0.0460	-0.4348	3.2846
89634085	-0.6116	-0.4115	3.1609
89634086	-0.8560	-0.5804	2.0902
89634087	-0.8088	-0.0327	1.5772
89634088	-0.7959	0.5679	1.4248
89634089	-0.6107	1.0887	1.2701
89634090	-0.4121	1.0137	1.2193
89634091	-0.6097	0.7103	1.6239
89634092	-0.6172	0.4283	1.8550
89634093	-0.1893	0.2537	1.2714
89634094	-0.4787	0.1409	0.0893
89634095	0.3303	0.6084	0.8043
89634096	0.6818	0.3975	1.0966
89634097	0.2419	0.1592	0.7151
89634098	0.2937	-0.3875	0.8347
89634099	0.1857	-0.7025	0.9690
89634100	0.2310	-0.7611	0.8522
89634101	-0.0123	-0.4361	0.2046
89634102	0.1896	-0.2780	-0.7665
89634103	1.1055	-0.9553	-0.0185
89634104	1.2356	-0.7547	0.4671
89634105	1.7251	-0.5166	2.3372
89634106	2.0570	-0.2101	3.5119
89634107	0.9735	0.5303	3.3381
89634108	0.5522	0.7996	4.7281
89634109	-0.2165	0.8598	4.0652
89634110	-0.7351	0.8551	3.2669
89634111	-0.4578	0.4126	2.5874
89634112	0.4197	0.3746	3.0947
89634113	0.6492	0.2453	4.5192
89634114	-0.3027	0.3937	4.9433
89634115	-1.8423	0.8480	3.1046
89634116	-2.5065	1.0245	0.9618
89634117	-2.6904	0.6414	-1.3382
89634118	-1.5062	0.5436	-1.5168
89634119	-0.9832	0.2133	-1.8852
89634120	-0.0316	0.2629	-1.3817
89634121	0.8902	-0.1111	-1.2567
89634122	1.1997	-0.4783	-0.8753
89634123	2.2693	-0.7872	1.3606
89634124	2.4784	-1.4906	2.1946
89634125	3.1584	-1.2723	4.9641
89634126	2.4045	-1.0741	5.2174
89634127	1.0073	-0.8692	4.4038
89634128	-0.0708	-0.7229	3.6703
89634129	-0.5500	-0.3498	3.7938
89634130	-0.8660	0.2035	3.4687
89634131	-1.8050	0.6975	2.0873
89634132	-1.2643	0.6743	1.5713
89634133	-1.1026	1.0524	1.3822
89634134	-0.5349	1.0680	0.9557
89634135	-0.5382	0.8757	0.7433
89634136	-0.3418	0.7562	0.6047
89634137	0.5442	0.8058	1.5129
89634138	0.5890	0.8292	1.0793
89634139	1.0917	0.5269	2.0979
89634140	0.7409	0.4564	0.5979
89634141	1.0300	0.1395	1.2302
89634142	0.7211	-0.1837	0.7107
89634143	0.2895	-0.3865	1.1285
89634144	0.6550	-0.3833	1.6351
89634145	-0.0424	-0.6730	2.1640
89634146	-0.0705	-0.7116	2.0960
89634147	-0.1572	-1.0651	1.9238
89634148	0.3289	-0.9333	2.6728
89634149	0.3530	-1.0459	2.6830
89634150	0.3912	-0.5302	2.8203
89634151	-0.0430	-0.1754	2.1894
89634152	0.4729	-0.3180	2.6883
89634153	-0.0556	-0.2380	1.3196
89634154	-0.2041	0.1829	1.0150
89634155	0.0299	0.1670	1.7119
89634156	0.4233	0.2494	1.7827
89634157	-0.0570	0.0543	1.2194
89634158	-0.0766	-0.1535	1.7497
89634159	-0.3883	0.2224	0.9931
89634160	0.0647	-0.0161	1.4737
89634161	0.3442	0.0441	1.8270
89634162	0.1051	-0.0116	1.7369
89634163	-0.3856	0.0850	1.6454
89634164	-0.1588	-0.0752	1.0594
89634165	-0.0255	0.1496	2.0938
89634166	0.4427	0.0054	3.1490
89634167	0.1512	-0.3034	2.1244
89634168	0.0455	-0.5540	2.5157
89634169	0.3210	-0.9036	2.4219
89634170	0.1307	-1.0744	2.4126
89634171	0.0772	-1.0240	2.2613
89634172	0.2114	-0.8010	2.6481
89634173	-0.5567	-0.8316	2.5375
89634174	-0.2998	-0.9703	2.7466
89634175	-0.4374	-0.7828	2.4563
89634176	-0.3416	-0.5927	2.2694
89634177	-0.2448	-0.4196	2.0165
89634178	-0.0233	-0.5529	1.6557
89634179	0.0697	-0.2862	1.8426
89634180	-0.0478	-0.3505	1.8478
89634181	0.3449	-0.2114	1.5356
89634182	0.5368	-0.0496	2.4811
89634183	0.6358	-0.1866	1.9450
89634184	0.1987	-0.4214	1.4213
89634185	0.5135	-0.2358	1.5757
89634186	0.5472	-0.3901	1.3441
89634187	0.3598	-0.4746	1.6889
89634188	0.3664	-0.3137	1.6837
89634189	0.1749	-0.3713	1.5244
89634190	0.2490	-0.6194	2.0067
89634191	-0.1306	-0.6541	1.1012
89634192	-0.2109	-0.5484	1.7517
89634193	0.1129	-0.6624	2.7534
89634194	-0.3426	-0.8012	1.1914
89634195	-0.0362	-0.4950	1.3073
89634196	-0.1673	-0.7862	1.7067
89634197	-0.0036	-0.7264	1.0401
89634198	0.5140	-0.9230	2.2689
89634199	0.6519	-0.5776	2.8112
89634200	0.3657	-0.5250	2.3990
89634201	-0.0031	-0.3897	1.7745
89634202	-0.1600	-0.1290	2.3004
89634203	-0.1984	-0.0606	2.3099
89634204	0.0244	-0.0725	3.1816
89634205	0.2456	0.2102	3.3330
89634206	-0.2788	0.1544	2.4480
89634207	-0.6775	0.1001	1.2141
89634208	-0.3863	0.0030	0.9349
89634209	-0.1863	0.4004	1.9597
89634210	0.1913	0.6924	1.9361
89634211	0.4024	0.5867	2.7070
89634212	0.1178	0.4418	1.3648
89634213	0.4900	0.4400	2.4052
89634214	0.5764	0.4551	3.0552
89634215	0.6740	0.4168	3.0337
89634216	0.7225	0.3303	2.9221
89634217	0.6894	0.1053	2.5231
89634218	0.5256	0.5013	2.5143
89634219	0.2663	0.5750	2.5355
89634220	0.2310	0.1836	1.9921
89634221	0.0923	0.0002	1.4986
89634222	0.0078	-0.0901	2.0390
89634223	0.1510	-0.1129	2.1701
89634224	0.3538	-0.1028	2.3970
89634225	0.4301	-0.1631	3.1071
89634226	0.2026	-0.3163	2.2637
89634227	0.2827	0.0547	2.8247
89634228	0.2498	-0.1032	2.8894
89634229	0.0247	0.3007	2.8932
89634230	0.3449	0.1514	3.3887
89634231	-0.1269	-0.0038	2.4066
89634232	0.1781	0.0764	2.9356
89634233	0.0903	-0.0168	2.4838
89634234	-0.0773	0.4360	1.8163
89634235	0.0700	-0.0152	1.7642
89634236	0.1980	-0.1659	2.4508
89634237	0.1175	-0.3100	2.1103
89634238	0.1457	-0.4533	2.1475
89634239	-0.1903	-0.5644	1.7844
89634240	0.4108	-0.4545	2.9166
89634241	0.3852	-0.3089	2.5744
89634242	0.3115	-0.5435	3.2944
89634243	-0.0771	-0.3696	2.1335
89634244	0.0571	-0.3593	2.5502
89634245	0.3730	-0.3770	2.2200
89634246	-0.0441	-0.2373	1.7434
89634247	0.4685	-0.4730	2.3145
89634248	0.1600	-0.3716	1.9915
89634249	0.1719	-0.5730	1.9343
89634250	0.2885	-0.2247	1.6702
89634251	0.1307	-0.4869	1.3690
89634252	-0.0282	-0.3852	1.9490
89634253	0.3291	-0.2059	1.9537
89634254	0.3249	0.1123	1.7294
89634255	0.5298	0.1102	1.3013
89634256	0.3379	0.2599	1.4952
89634257	-0.0844	0.0005	-0.1598
89634258	0.4735	-0.1562	1.4147
89634259	0.5601	0.0439	2.0183
89634260	0.4820	0.2192	2.1382
89634261	0.4713	-0.1108	2.0314
89634262	0.2225	-0.6771	1.7176
89634263	0.2503	-0.6334	1.7040
89634264	-0.0745	-0.8213	1.8119
89634265	0.4183	-0.9076	1.8893
89634266	0.0512	-1.1033	1.1035
89634267	0.2297	-0.7925	1.5624
89634268	0.7593	-0.6957	2.4059
89634269	0.3233	-0.6287	1.5929
89634270	0.6593	-0.4508	1.2993
89634271	0.5165	-0.0341	1.6019
89634272	0.7837	-0.0008	2.0461
89634273	0.8786	0.2152	3.1232
89634274	0.1334	0.2628	1.3450
89634275	0.3271	0.1532	1.5465
89634276	0.5086	0.0449	2.0116
89634277	0.7217	0.0939	2.6201
89634278	0.3688	-0.3159	2.2709
89634279	0.3494	-0.2093	2.6294
89634280	0.0949	-0.3052	1.9675
89634281	0.1477	-0.4036	1.8505
89634282	0.3259	-0.5841	2.4389
89634283	0.4699	-0.3843	2.8908
89634284	-0.0070	-0.5173	1.6113
89634285	0.1711	-0.2220	2.4079
89634286	0.1808	-0.0636	1.6237
89634287	0.4127	-0.0322	1.7955
89634288	-0.0276	0.1288	1.2996
89634289	0.1742	0.2272	1.5940
89634290	0.6465	0.1626	2.6817
89634291	0.0589	0.1871	1.8784
89634292	0.4641	-0.0631	2.3121
89634293	0.2035	-0.0770	1.4047
89634294	0.4654	-0.0186	2.3031
89634295	0.4437	-0.1378	2.9008
89634296	0.1590	-0.1568	2.0231
89634297	0.2227	-0.1489	2.7536
89634298	0.1861	-0.3353	2.1611
89634299	0.0913	-0.3911	1.8989
89634300	0.4460	-0.2252	2.5443
89634301	0.4011	0.1286	2.1469
89634302	0.1013	0.0334	1.4828
89634303	0.2726	0.1463	1.2217
89634304	0.2711	0.3357	1.7923
89634305	0.1514	0.7013	1.4896
89634306	0.2870	0.6614	0.9051
89634307	0.3748	0.3105	1.4259
89634308	0.3080	0.3403	1.4977
89634309	0.3363	0.3645	1.9985
89634310	0.3106	0.3475	1.4277
89634311	0.2621	-0.0746	1.8118
89634312	-0.0160	-0.2788	0.8604
89634313	0.3302	-0.3192	2.2251
89634314	0.3741	-0.3097	1.5635
89634315	0.4718	-0.3160	1.9550
89634316	0.0472	-0.2939	1.2225
89634317	0.4506	-0.2846	1.5088
89634318	0.2890	0.2630	1.8279
89634319	0.4758	0.6064	1.4665
89634320	0.3543	0.7738	1.2759
89634321	-0.1231	0.9215	0.2640
89634322	0.5153	1.3136	0.5916
89634323	0.0732	1.2733	0.6053
89634324	0.3110	0.9337	0.1895
89634325	0.7323	0.7603	1.1103
89634326	0.6731	0.5109	0.8350
89634327	0.7520	0.2897	1.5954
89634328	0.3132	-0.0242	0.7584
89634329	0.3280	0.0233	1.1549
89634330	0.7444	0.0014	1.9505
89634331	0.5693	0.3473	1.4636
89634332	0.8218	0.6940	1.7194
89634333	0.6075	0.7399	1.4087
89634334	0.8171	0.7268	2.0684
89634335	0.6862	0.6220	1.6744
89634336	0.5956	0.6798	0.3531
89634337	0.5715	0.8160	1.2744
89634338	0.6108	0.5196	2.3114
89634339	-0.0673	0.5260	1.7726
89634340	0.0454	0.0108	-0.4584
89634341	-0.0969	0.1513	0.1728
89634342	0.1807	0.1588	0.4728
89634343	0.3076	0.3595	2.7525
89634344	0.6348	-0.3846	2.4056
89634345	0.8597	-0.3749	2.5018
89634346	1.2167	-0.4974	2.4118
89634347	1.1523	0.0350	3.7155
89634348	0.7791	-0.4457	1.1483
89634349	0.7938	-0.0386	1.7418
89634350	0.6443	0.0656	1.7125
89634351	0.7410	0.4035	1.8187
89634352	0.7346	0.3639	0.9735
89634353	0.9298	0.3442	1.3841
89634354	0.9806	0.5232	1.8078
89634355	0.5044	0.0532	0.0864
89634356	0.9214	0.0637	1.7047
89634357	0.3260	-0.2454	0.5688
89634358	0.4274	-0.1559	0.9370
89634359	0.9987	-0.1806	2.3866
89634360	0.4467	-0.2311	1.8236
89634361	0.4943	-0.2662	2.1080
89634362	0.5174	-0.5802	1.4939
89634363	0.7696	-0.0780	1.9160
89634364	0.8187	-0.1273	2.4912
89634365	0.5227	0.0440	1.6918
89634366	0.4074	0.2121	1.9701
89634367	0.5016	0.3166	2.6161
89634368	0.4429	0.1176	1.5207
89634369	0.6643	-0.0878	2.3375
89634370	0.5185	0.0386	2.8855
89634371	0.2081	-0.0302	2.0987
89634372	0.5457	-0.2060	2.4628
89634373	0.6253	-0.0077	2.0710
89634374	0.7700	-0.1242	3.4178
89634375	0.6331	0.0414	3.5886
89634376	0.9508	0.0925	3.2141
89634377	0.3368	0.1886	1.3476
89634378	1.0400	0.5153	3.6599
89634379	0.5058	0.6385	2.2709
89634380	0.9397	0.7128	3.2179
89634381	0.4884	0.4936	1.1284
89634382	1.3767	0.3679	2.9288
89634383	1.0349	0.5266	2.0125
89634384	0.9259	0.4068	2.1753
89634385	0.9570	0.3474	3.3516
89634386	0.8856	0.1858	2.5936
89634387	0.6363	0.2999	2.0965
89634388	0.4247	0.1459	2.1546
89634389	0.0155	-0.0274	1.6153
89634390	0.5403	0.0069	2.5961
89634391	0.2916	-0.1106	1.7300
89634392	0.2081	0.2240	2.4764
89634393	0.2371	0.2899	2.2013
89634394	0.7852	0.3980	2.2770
89634395	0.3229	0.4287	1.3421
89634396	0.7994	0.6353	2.1408
89634397	0.5464	0.6197	1.7580
89634398	0.5784	0.8838	2.2109
89634399	0.8381	0.6276	2.8467
89634400	0.5273	0.6297	2.3198
89634401	0.6546	0.4525	2.3044
89634402	0.5569	0.3421	1.2363
89634403	0.6491	0.4151	2.9270
89634404	0.5358	0.0953	2.0587
89634405	0.0737	0.1321	1.0754
89634406	0.1962	0.2128	0.7048
89634407	0.4584	0.3919	1.5332
89634408	0.3106	0.1577	0.6745
89634409	0.5439	0.2917	1.7716
89634410	0.6502	0.1630	1.3947
89634411	0.5762	0.3332	2.1662
89634412	0.2094	0.1607	1.3618
89634413	0.2664	0.1059	1.8841
89634414	0.2310	0.2177	1.5959
89634415	0.4131	0.3464	2.6445
89634416	-0.0139	0.3785	1.2917
89634417	0.2411	0.4048	1.7060
89634418	0.3922	0.4718	1.8433
89634419	0.5863	0.4321	1.3771
89634420	0.7063	0.6411	2.3542
89634421	0.7475	0.6419	2.3358
89634422	0.7548	0.4258	1.1284
89634423	0.7821	0.4357	2.1222
89634424	1.0511	0.0756	2.8114
89634425	0.6693	0.6901	3.4582
89634426	0.8059	0.1015	2.6855
89634427	0.6364	-0.3116	1.4153
89634428	0.0735	-0.6237	0.4133
89634429	0.7220	-0.4974	2.1716
89634430	0.5893	-0.5191	2.1178
89634431	0.6562	-0.4223	2.1876
89634432	0.6336	-0.4947	1.5243
89634433	0.4879	-0.3372	1.1238
89634434	0.6634	-0.1545	2.2436
89634435	0.7584	-0.4447	2.2316
89634436	0.3970	-0.3002	1.0007
89634437	0.7703	-0.1847	1.2754
89634438	0.3591	-0.1067	1.5395
89634439	0.8953	0.1280	2.5882
89634440	0.6598	0.1631	1.3189
89634441	0.5169	0.0460	0.7887
89634442	0.8713	0.1322	1.8073
89634443	1.0386	0.2504	2.7978
89634444	1.0471	0.4725	3.0748
89634445	0.7905	0.2923	2.8181
89634446	0.6402	0.0826	1.5723
89634447	0.9073	0.1581	2.0619
89634448	0.7532	0.2872	2.4469
89634449	0.3128	0.3194	1.7604
89634450	0.6428	0.3468	2.8436
89634451	1.0406	0.8219	2.6779
89634452	0.4006	0.3723	1.1020
89634453	-0.0517	0.3453	-0.2782
89634454	0.1680	0.1223	0.4944
89634455	0.2941	0.4305	1.9709
89634456	0.3330	0.1269	0.7319
89634457	-0.0835	-0.0876	-0.4685
89634458	0.7298	-0.0543	1.3360
89634459	0.5417	-0.0650	1.4242
89634460	0.3785	-0.1298	1.3441
89634461	0.5179	0.0075	2.2494
89634462	0.1839	0.0317	1.0874
89634463	0.5132	-0.1440	2.1548
89634464	0.0000	0.0000	0.0000
89634465	0.0000	0.0000	0.0000
89634466	0.0000	0.0000	0.0000
89634467	0.0000	0.0000	0.0000
89634468	0.0000	0.0000	0.0000
89634469	0.0000	0.0000	0.0000
89634470	0.0000	0.0000	0.0000
89634471	0.0000	0.0000	0.0000
89634472	0.0000	0.0000	0.0000
89634473	0.0000	0.0000	0.0000
89634474	0.0000	0.0000	0.0000
89634475	0.0000	0.0000	0.0000
89634476	0.0000	0.0000	0.0000
89634477	0.0000	0.0000	0.0000
89634478	0.0000	0.0000	0.0000
89634479	0.0000	0.0000	0.0000
89634480	0.0000	0.0000	0.0000
89634481	0.0000	0.0000	0.0000
89634482	0.0000	0.0000	0.0000
89634483	0.0000	0.0000	0.0000
89634484	0.0000	0.0000	0.0000
89634485	0.0000	0.0000	0.0000
89634486	0.0000	0.0000	0.0000
89634487	0.0000	0.0000	0.0000
89634488	0.0000	0.0000	0.0000
89634489	0.0000	0.0000	0.0000
89634490	0.0000	0.0000	0.0000
89634491	0.0000	0.0000	0.0000
89634492	0.0000	0.0000	0.0000
89634493	0.0000	0.0000	0.0000
89634494	0.0000	0.0000	0.0000
89634495	0.0000	0.0000	0.0000
89634496	0.0000	0.0000	0.0000
89634497	0.0000	0.0000	0.0000
89634498	0.0000	0.0000	0.0000
89634499	0.0000	0.0000	0.0000
89634500	0.0000	0.0000	0.0000
89634501	0.0000	0.0000	0.0000
89634502	0.0000	0.0000	0.0000
89634503	0.0000	0.0000	0.0000
89634504	0.0000	0.0000	0.0000
89634505	0.0000	0.0000	0.0000
89634506	0.0000	0.0000	0.0000
89634507	0.0000	0.0000	0.0000
89634508	0.0000	0.0000	0.0000
89634509	0.0000	0.0000	0.0000
89634510	0.0000	0.0000	0.0000
89634511	0.0000	0.0000	0.0000
89634512	0.0000	0.0000	0.0000
89634513	0.0000	0.0000	0.0000
89634514	0.0000	0.0000	0.0000
89634515	0.0000	0.0000	0.0000
89634516	0.0000	0.0000	0.0000
89634517	0.0000	0.0000	0.0000
89634518	0.0000	0.0000	0.0000
89634519	0.0000	0.0000	0.0000
89634520	0.0000	0.0000	0.0000
89634521	0.0000	0.0000	0.0000
89634522	0.0000	0.0000	0.0000
89634523	0.0000	0.0000	0.0000
89634524	0.0000	0.0000	0.0000
89634525	0.0000	0.0000	0.0000
89634526	0.0000	0.0000	0.0000
89634527	0.0000	0.0000	0.0000
89634528	0.0000	0.0000	0.0000
89634529	0.0000	0.0000	0.0000
89634530	0.0000	0.0000	0.0000
89634531	0.0000	0.0000	0.0000
89634532	0.0000	0.0000	0.0000
89634533	0.0000	0.0000	0.0000
89634534	0.0000	0.0000	0.0000
89634535	0.0000	0.0000	0.0000
89634536	0.0000	0.0000	0.0000
89634537	0.0000	0.0000	0.0000
89634538	0.0000	0.0000	0.0000
89634539	0.0000	0.0000	0.0000
89634540	0.0000	0.0000	0.0000
89634541	0.0000	0.0000	0.0000
89634542	0.0000	0.0000	0.0000
89634543	0.0000	0.0000	0.0000
89634544	0.0000	0.0000	0.0000
89634545	0.0000	0.0000	0.0000
89634546	0.0000	0.0000	0.0000
89634547	0.0000	0.0000	0.0000
89634548	0.0000	0.0000	0.0000
89634549	0.0000	0.0000	0.0000
89634550	0.0000	0.0000	0.0000
89634551	0.0000	0.0000	0.0000
89634552	0.0000	0.0000	0.0000
89634553	0.0000	0.0000	0.0000
89634554	0.0000	0.0000	0.0000
89634555	0.0000	0.0000	0.0000
89634556	0.0000	0.0000	0.0000
89634557	0.0000	0.0000	0.0000
89634558	0.0000	0.0000	0.0000
89634559	0.0000	0.0000	0.0000
89634560	0.0000	0.0000	0.0000
89634561	0.0000	0.0000	0.0000
